MTG	Put	VS	psi	RPE	RPEpsi
6.22558989217204	3.93178745099541	10.2883822773442	1	-0.5	-0.5
0.793813263156241	-5.68780083231854	0.066756516582135	1	-0.25	-0.25
1.54202650112491	1.49899370590168	3.14379692077637	1	-0.5	-0.5
-2.10473220743419	0.204904816028747	-0.863925371206168	1	-0.25	-0.25
1.47315876385377	0.23940808580003	4.4520462638501	0.370967741935484	0.833333333333333	0.309139784946237
2.17648614678652	2.5237847063126	8.53585431070039	0.370967741935484	0.833333333333333	0.309139784946237
2.20193144462161	1.25007573800218	7.8426500378233	0.463292825037456	0.756048387096774	0.350271793123077
1.68331334555311	-2.12816416359309	3.60308060275786	1	-0.243951612903226	-0.243951612903226
-0.591844966569014	-2.93346236194625	0.217263804917986	1	-0.324087595093745	-0.324087595093745
2.81701501681199	-5.99846480964598	6.01463743412133	0.399660975256141	0.811860195214855	0.32446883739121
4.01512618862813	0.0668051371520216	4.70548769673615	1	-0.257047850213655	-0.257047850213655
-2.29795089054012	-3.84213288444461	-1.67115492775867	1	-0.24855142015528	-0.24855142015528
2.88156445167335	2.56324478103356	10.0450508716432	0.420988595843856	0.794520389232631	0.334484023032359
4.65006282002695	5.52582383313865	7.48180467279797	0.474207103349955	0.745118179038612	0.353340333335293
-2.02860791695214	-5.91068899439591	1.74060137502172	1	-0.212989507727416	-0.212989507727416
3.55208774660864	4.2981159325802	3.35715440724214	0.391497692769449	0.818175459665941	0.320313804739799
-0.573014073338239	-2.23463107961597	3.9994099365378	1	-0.304014070072423	-0.304014070072423
-0.964781070927218	-4.4714900359342	4.76472838584221	0.483314278273667	0.735644295885269	0.355547391931929
3.07819842249155	8.22851803086021	9.95519347624345	1	-0.222710824623626	-0.222710824623626
-1.27998117114748	1.03106865151362	2.03338003271457	0.409070945621696	0.804363983265343	0.329041935258388
2.34610268363068	-2.5197351664079	2.56976392781926	0.450081648788375	0.768698412371924	0.345977048861362
-1.15567299372652	-5.36480142356771	2.75615648839228	1	-0.267210584195316	-0.267210584195316
1.41276068120233	-3.65604405759862	4.15072558154211	0.459972929478334	0.759285493763102	0.349250772876617
-4.26977858754896	-5.66753282939846	-4.01061702248725	0.49063918252436	0.727778630291504	0.357076712224922
5.13011855694555	-0.0522593806187312	6.64985884680893	0.51753459170816	0.696849197053621	0.360643564679305
-10.7542116303598	-31.0653102181175	-22.8750817685416	0.541014317453312	0.666884270253725	0.36079393829167
-5.83739809732163	-11.7731438044346	-12.9782074003509	0.519367315151291	0.694615609536667	0.360760644187237
-3.0914975061532	-5.75234496503165	-3.4757133857206	0.549573159805242	0.655184505011185	0.360071818674431
-1.09591549798366	-3.1272922621927	5.62468986275295	0.561483894922879	0.638142751573628	0.358306877670364
-9.01485156397666	-7.66389062368509	-6.43443430892446	0.638888888888889	-0.5	-0.319444444444444
-3.97053677831446	-2.3359332719084	-0.570128561477318	0.638888888888889	-0.5	-0.319444444444444
-5.37784610352209	-5.22903250383608	-3.85770320723003	1	0.659722222222222	0.659722222222222
-5.21141342169815	-5.77639865101964	-7.80783757510962	0.700096123037488	-0.340277777777778	-0.238227152978034
-5.59847803469146	-6.07073393012538	-5.23684495597175	0.726315199736326	-0.250002225070312	-0.18158041603647
-4.95249853432179	-3.75195746530186	-4.21568459898911	1	0.804379695000575	0.804379695000575
-2.0176383929267	-2.40833383121274	-4.89974587252646	0.591801133885739	-0.590277777777778	-0.349327058196443
-3.21080433687856	-2.86853202914988	-9.18253835042318	0.682149152972434	-0.393485075894558	-0.268415511228766
-5.80177029871172	-5.31804735721512	-6.77757075338653	0.700027280535848	-0.340494038836034	-0.238355116045056
-4.18083409097406	-5.28356673861995	-1.2375518860239	0.712675188435869	-0.299022578902574	-0.213105972765972
-3.97537573196234	-6.26684185140061	-0.920456758107651	1	0.734030037569575	0.734030037569575
-5.19217469834032	-1.2790080458208	-0.736635352625991	0.690841632539916	-0.368485950167492	-0.254565435381732
-5.09640099997482	-3.69463836031994	-5.47573237380747	1	0.662710213895697	0.662710213895697
-0.606341188809564	-0.647541668717608	1.26952406086705	1	0.587836108923139	0.587836108923139
-0.0710169965423824	0.600047250870954	4.07577607035637	0.641509285695773	-0.494279502242877	-0.31708489041789
-5.25764556700183	-4.26125081425363	-8.61319001876947	0.651432603653778	-0.47183666529433	-0.307369787372001
-2.00113267429518	2.38241125756141	-1.40359517232035	1	0.580669238674316	0.580669238674316
-4.28748095420099	0.833683512088927	0.177406245108807	1	0.461489130901464	0.461489130901464
-5.29460884294202	-2.41904481048837	-3.43905689897524	1	0.382900325130552	0.382900325130552
-2.1807061941393	0.0262621291207545	1.92348026281053	1	0.327183034647052	0.327183034647052
-3.58645012974739	-5.43387940435699	-5.37854559132547	0.663199597291518	-0.443510246305051	-0.294135816744172
2.80877323507542	-0.438296210472331	5.33695415339687	1	0.582061386579982	0.582061386579982
-5.59894363937839	-3.79708880499344	-6.3103835329865	1	0.285621201438002	0.285621201438002
-4.60324512902767	-8.4024165724263	-6.6950389363549	0.654015752900088	-0.465783369004965	-0.304629660768122
-2.4736407083339	-4.23967960657495	-2.48732097207738	1	0.253428371733949	0.253428371733949
-1.66859646940063	-0.533191222979715	1.96238027704936	0.446262857861961	-0.772242541485612	-0.344623163525953
-2.10755269742541	0.243294941910514	-0.26770183263403	1	0.259455108065152	0.259455108065152
-0.650493387337173	-1.4679847626072	-1.63843063562826	0.663546491330995	-0.442645109687024	-0.293715609437648
-5.34070933062223	-3.64565874523286	-3.58459142031092	1	0.578608380219939	0.578608380219939
2.74889396539619	5.30530602394631	4.78628079491583	1	-0.5	-0.5
1.53598438210545	7.71429988177437	7.98975684967908	0.638888888888889	0.5	0.319444444444444
1.70677579670784	4.57429962695548	2.98183762795772	1	-0.659722222222222	-0.659722222222222
0.113957587076772	5.57847259724231	1.41017547814232	0.591801133885739	0.590277777777778	0.349327058196443
2.61866800398115	4.62520635353796	7.92875269597227	0.641509285695773	0.494279502242877	0.31708489041789
2.88093166240761	4.54838747282823	2.06371911558513	1	-0.25	-0.25
6.65974537326444	9.09243969845049	5.3834221177932	1	-0.580669238674316	-0.580669238674316
1.73831055713517	2.97973837328115	1.90655186478839	0.370967741935484	0.833333333333333	0.309139784946237
3.45146936450995	8.8450813275395	4.25661641585104	1	-0.461489130901464	-0.461489130901464
2.52579727541775	6.44918769688317	0.617444797898784	0.463292825037456	0.756048387096774	0.350271793123077
3.16449559311713	3.24840597486631	2.09768593062957	1	-0.382900325130552	-0.382900325130552
5.22606491811814	3.45688178638617	2.12618550567916	0.536548822147035	0.672816965352948	0.360999150280667
4.86808574190063	7.08249804467866	7.09473959311391	1	-0.324087595093745	-0.324087595093745
0.486232578306789	-1.01072826736014	6.00403868243324	1	-0.257047850213655	-0.257047850213655
-3.25498193373243	-5.93522983563669	2.63113108680894	1	-0.373040505492872	-0.373040505492872
2.93360940520539	5.64710448462177	0.721596221185543	0.429762469425827	0.787010492272584	0.338227572623102
2.34005925878882	0.0739264849460486	6.46511045007995	0.481535845762386	0.737520489761177	0.355142552804238
2.31025264967353	9.30880694497715	5.170010603287	1	-0.311370125126011	-0.311370125126011
-1.43882690624845	3.66244251241512	-4.64645114478966	1	-0.271170298378437	-0.271170298378437
3.6563405602209	12.2528797713193	9.20292547599158	0.537681577417873	0.671322876510993	0.360957943199135
1.34231271147127	5.83408054088553	2.9289435349179	0.564983082304502	0.63295879893254	0.357611013192662
0.145634961945395	9.68093045552572	2.25127134192735	1	-0.240163669524613	-0.240163669524613
2.05430575964912	9.28754532698429	10.4547142574394	1	-0.402994907441493	-0.402994907441493
-0.405571042157469	-0.699322336159336	4.21291607401023	0.563380099733443	0.635343888254158	0.357940103129661
5.09575641007433	3.77648908749336	2.35111265516642	0.583393715324568	0.604249520460307	0.352515372724427
6.67663075390362	10.34754319489	4.55556033687158	0.600583281120075	0.575055200033144	0.345368538861067
1.23963989119136	-0.0619791698726741	-3.07607948147889	0.615413449794707	0.547770996566449	0.337105638694443
1.24900379930773	6.02955179277695	3.77315215924473	0.628274994499063	0.522345889895187	0.328176861100507
2.9406117739216	5.0232866704464	4.97745993914026	0.639491367721743	0.498692111280227	0.318909300314636
2.09108876730165	-0.521818594520234	5.01222842759594	0.649328228246203	0.476702094619597	0.309536126500597
-3.31981617605254	-11.3791246847673	-3.82388938527385	1	0.5	0.5
-2.60984645774288	-9.66374722367265	-9.52108834322655	0.469387755102041	-0.75	-0.352040816326531
-3.23680993020535	-12.8251142700513	-1.53888036084898	0.56518771331058	-0.63265306122449	-0.357567736992408
-0.244714566638633	-0.73214333289952	-6.6413603488243	0.624699254641535	-0.529589419385502	-0.330834115556166
1.97978061079498	-0.946778681975874	-0.255545866534565	1	0.5	0.5
-3.0490710804299	-11.8517256975174	-14.056175289732	0.469387755102041	-0.75	-0.352040816326531
-1.95943418971954	-3.16505302133208	-4.11028701202436	0.56518771331058	-0.63265306122449	-0.357567736992408
-3.31127662257922	-4.0984777230205	-8.53980013321747	1	0.470410580614498	0.470410580614498
-4.76319161839783	-9.21031459985357	-14.8896744034507	0.555943064916818	-0.646184234452768	-0.359241643802599
-2.77072017480349	-3.59565292987408	-4.26264154944908	0.661554177631102	-0.447589685300386	-0.296104826175061
3.8496521568046	5.55069162332537	1.11307626403868	0.600710744084854	-0.574829331530662	-0.345306155465583
-5.03912647270387	-8.04588860431404	-8.56295865277449	0.685490866088459	-0.384037985996215	-0.263254531631413
-5.62335407315723	-16.6132775797988	-20.7222479906949	0.632759074232735	-0.513062940200959	-0.324645231064684
-1.23394745263166	-1.91442400081591	-8.53402336765871	0.701904320228215	-0.334561760290572	-0.234830344931109
2.95288500665657	2.86206247474095	-1.66805464006735	1	0.539373371962281	0.539373371962281
1.13788020557934	-0.597164565302206	-3.79623545774005	1	0.460332590506067	0.460332590506067
-1.30516848632645	-9.76987573414138	-8.74766418608752	0.586892948913083	-0.598503462133143	-0.35125746182601
-3.52048677763631	-9.46122388948094	-11.2420664059393	0.609609231334378	-0.55869635362076	-0.340586454680072
2.37476260916841	-1.01095525976835	-7.74866053975314	0.713710812149132	-0.295464550343449	-0.210876244186901
-2.4390229696468	-8.50987359215364	-15.597639305122	0.628196866544721	-0.522505645885471	-0.328236409497179
-2.61318348605306	-6.23224131108233	-10.6179939738729	0.722546290316919	-0.264029070333844	-0.190773225305543
-4.7446135027274	-6.64275038253629	-11.1086686081959	0.643557691629074	-0.489749124789779	-0.31518181622707
-6.77492757939523	-6.99333036679662	-9.67278490887221	1	0.761674904154987	0.761674904154987
0.687333235469076	-1.27310140645414	-1.47027224121672	0.656385153222216	-0.460150940108983	-0.302036245328782
2.4134666406219	-7.73305407697053	-8.38228076406416	0.702755967887745	-0.331845467055391	-0.233206382389672
-0.304382369619223	-3.94009811532768	-2.17348127496062	0.710520700369731	-0.306343048978544	-0.217663077713634
1.69724764470612	-6.00438936478035	-5.02157707986507	1	0.566596287118172	0.566596287118172
-19.71124575215	-17.5930031140645	-28.8329034574104	0.647525866858419	-0.480823063517131	-0.311345371009451
-4.51974434864617	-10.1782778754379	-12.1777960170399	0.65778841074476	-0.456778406656937	-0.30046354217739
-4.56872337776567	-10.2176073392232	-10.1327843214526	1	0.715760925388626	0.715760925388626
