MTG	Put	VS
-3.71764608323574	-3.95802148098521	-0.67785434645008
0.816319652214166	-0.362931164376663	1.16468377456521
-0.0736210992259364	-0.00383004201858333	4.74725377062957
-1.63418077948698	-2.0287550657716	-4.03362932219876
0.4272397077372	-1.73542935288314	-4.38718348019051
0.549493709933614	-2.62560125553247	0.287106724907503
-0.0334874195557448	0.833491522254366	-0.481582189148123
-1.5849735109496	0.259448957262617	-1.62828301435167
-1.75833909525987	-1.1857931160114	-1.44824928903218
-0.925707722407195	-0.163127920618563	-5.52381545790669
-1.85161468937032	0.203873343391795	0.941089682506792
-0.0945065899524883	0.942654983563857	-4.38748223938499
-0.121771147456621	-1.96875838584013	0.0395642022291819
-0.498202832725139	-2.96403454695687	-3.06795048414532
-1.53974030061865	-2.1846809714581	-4.0928980024147
-0.840205507181705	-1.80180463646397	2.02505579432755
-2.38479211538309	0.594616013529682	-1.80524195730686
-1.00404462744031	-1.58373335658601	-3.77802436414993
0.420077656834356	2.42246225306934	0.66318651841897
-2.06206692442779	-1.7301332187472	-3.62110711634159
-2.91096629076337	1.67007090484328	-4.79568270588237
-0.178600420272579	2.64028266924575	-2.42303350929058
-0.274046817509037	-0.375499651146432	-1.59326558086005
-2.07249460292439	1.85155255412401	-4.4535672666124
-1.44374072841339	2.02493586710471	-1.39306691774365
-0.154648092749619	2.19290289677905	-0.51239956802491
-1.42788207362136	-0.180112614169819	-3.7429976921077
-2.12141605356047	1.76800726771806	-4.74138041563106
-0.637081534607757	0.0853481805234244	-2.23716722166335
-1.55251218204296	-1.10789994556795	4.49342427831708
-0.154646994603137	5.41894605417143	5.20387751812285
-1.65777369676338	2.04108255661347	-0.635545026743785
-2.27279539998741	0.791546835705186	-2.68954993637674
-0.544800777180541	4.8714365345059	4.50298365724809
-5.22177420431568	-2.49765209306144	-2.06988681175492
-2.02857644173407	1.29701879174646	0.204343056814237
1.14787949580744	-2.19844505543623	2.27307491278219
-1.92574411938267	-2.04162951773315	-4.03833783350208
-1.23278259945932	3.95024721990481	0.987364903374603
0.0490867615662395	3.24873332667277	6.13886685443647
-1.14759277939316	0.494483366777951	-4.25420596563455
-0.128154191807393	3.43022202655221	1.46834568879708
-2.47686380777328	3.45709142691075	3.82367302037098
1.80784895052052	3.44934342666106	-0.595233708083855
0.727994544392512	1.75980383947943	0.894338402784232
-0.220898381416355	2.20600318452555	-4.69537814277591
-0.721322149813416	2.69391210526087	-1.33359900071765
-0.558929253297467	-1.05013692299977	-0.557732137047093
1.32043389759717	4.39713510464538	1.78651444930019
-0.276305902220549	1.49636405769552	-0.413806643506343
-2.28236709947307	4.1639046262611	-2.85090305915836
1.3594763499955	3.63713084065327	-0.0051519644982887
-1.54189193270379	2.29902877816648	4.5471176480818
1.77238602251596	3.69386399379282	2.32490206306631
-1.07311934786398	0.268199786656734	-0.5357119187882
-2.5064164098232	1.98044528826281	3.3268637434777
-0.86595323359774	-0.14807180134636	-0.539321592049391
0.220990862414962	-0.981228076655305	3.75614665674441
-1.76993389994867	-0.811915576846028	3.01165357920708
-3.25146186786794	1.853272888245	-4.05532302690501
1.40617043592276	-0.726414927309661	3.91099824237101
-2.30083447355897	-2.83635376055132	-4.85650253781315
2.14711477659538	0.250209647146138	0.0870974312225978
-2.43832774746622	-2.50940012353275	0.545498173570994
-1.48094798772025	-7.22776050639875	-6.77892089612556
2.0232190008125	-2.62911201878027	-0.434609781287498
0.654410549241208	-3.00621669129892	-3.21692000081142
-0.745663170612627	-2.57378806743884	-6.65964216716362
-1.13587915816667	-1.58371219851754	-1.91797701577007
-2.988768796048	-0.726389961712288	-3.0143322841349
-0.782789597275757	1.34499044456717	-2.63862144041129
-3.61112805446309	0.364183537887804	-4.68950111938245
-0.481758978716548	-2.86191602378632	-0.891873518061457
-1.95407574366958	-3.70053490206148	-5.61718811331825
-1.8637211949234	-3.88251385634596	-2.83076051080769
-0.68105323362735	-2.01247120795376	-3.4405166761611
0.412568773403238	0.545294672363635	-1.21245949297692
-1.99152774910533	1.5890693244609	-4.19102699340632
2.15151314251125	0.526918777772649	-1.08277421128569
-5.27859397298626	-9.87770570769455	-4.76327300545844
-0.38014228313921	1.23419055884535	-0.487821500468823
-1.16330654490439	-0.0647687577840054	0.300464437766509
1.59820662299171	2.15226992022133	-2.76675414203694
2.01304092680014	-3.07542928974285	-2.57209954839764
-4.01104015086087	-4.81054517897693	-3.71165945584124
-5.57709340087829	-0.545038807911403	1.48932810122091
-0.884591189675754	2.64415818701188	0.731809598167963
-2.16556498223255	-0.116315181959759	2.56929613717578
-3.0541161992497	-2.25043123988717	1.37114660204812
-2.36200170329502	-0.931814260329261	2.26224784688516
-4.46031818101483	-3.8201856905538	2.66427213851024
0.742081689450049	-0.656411618671634	-1.00460109314317
-0.0334112076148871	-3.24559651202325	7.12013806357528
0.913583468717914	-4.91086454102487	6.37250031034152
-0.326731901465645	-3.3556665970069	7.70432199853839
0.592134011693058	-6.37514804710041	1.18195564277244
2.07757813995404	-4.31071483984477	6.07967801437233
-3.76621133583568	-6.03364696534294	5.91367514599397
-0.89747077930238	-5.39828004936377	3.72036094432979
-1.10478123683903	-2.07882864773273	-3.77477281145526
-0.449139044674173	-4.41918321303798	4.01210174393473
-1.30217254836067	-2.16779270677856	2.61011901215622
4.17093791693689	-0.840035009056781	0.959039825155879
2.33233018865989	0.692371815076154	2.47497448381601
0.238407859013927	-2.55819535616672	4.93253924268665
1.29143922280881	-5.07404576738675	2.38377064274568
0.352745530658191	-1.91424053647753	0.23444780955712
3.26512349579603	-4.50491956689141	6.30336363043523
-1.21525101809041	-2.12076599275072	1.20754295711716
-0.452368782941748	-6.48827081015616	2.74872933679514
-0.00594405075122092	-9.60396696943225	-0.77434113937797
-0.454751777636909	-3.22567336453181	4.49921209703792
0.734027237108638	-2.55447614588951	1.63021898455918
0.0106713019071087	-2.27773860661369	6.17108885989045
-2.05714915454117	0.0511997856877067	2.5773689635098
0.711559902299796	-2.08440657750224	4.67752166363326
0.810026940078505	-2.73300979771849	2.46939598023891
0.652707801753235	-2.48743092934742	1.55415761527238
0.90360300688734	-5.09283624815218	5.36114648927116
0.733664547129264	-2.93269867833817	5.18227488087547
