MTG	Put	VS	psi	RPE	RPEpsi
-6.17137393663006	-10.3623667016174	0.605110421776772	0.487179487179487	0.5	0.243589743589744
-9.80820627193297	-16.4096392573732	-5.06427751300913	0.487179487179487	0.5	0.243589743589744
4.33417772016218	2.43792857709482	10.7277046478156	0.541580957978255	0.378205128205128	0.204828695645622
6.35745794148214	4.0174122724795	7.94153474000367	0.541580957978255	0.378205128205128	0.204828695645622
-3.9246959145992	-17.1288222327377	-6.75430297716097	1	-0.704148677260637	-0.704148677260637
0.661736183113328	-3.85536583908128	6.41079236183203	0.572262504361026	0.295851322739363	0.16930461886935
12.0027649879456	14.4251021471891	20.8241740573536	0.472617344314979	0.528338734672651	0.249702049679725
8.71557480084199	2.59344330108301	19.6727527054873	0.503455492358036	0.466358864417559	0.234790931700876
12.2878135915725	3.22491125697552	20.7335270390366	0.526744107754037	0.414199071864715	0.218176920541929
3.45160545089072	-9.97749005122618	3.41928035540111	0.544595264585969	0.37060582744357	0.201830178653733
1.68298586943457	-7.36386750548175	9.26127588026451	0.590849855923997	0.23995234296365	0.141775807268698
-1.47141209898456	-1.73301027873249	2.88914645350341	0.603000587126467	0.200581361646343	0.120950678839371
-1.53488618872098	-8.41240644093716	7.21634811749964	0.611456935011193	0.171727747891096	0.105004122381864
-0.239070196654047	1.49006438052112	9.05631522698836	1	-0.850171500281878	-0.850171500281878
3.40053043632257	0.178367955440825	9.61727306359645	0.568322036731715	0.307083319303363	0.174522217472823
1.42252388050513	2.54275853581952	10.8494148143765	1	-0.665881084776759	-0.665881084776759
4.54695807015824	0.624148973461353	12.3378579898766	1	-0.720158831592521	-0.720158831592521
5.26971108115488	1.93878652934324	16.151981902845	0.513844528597853	0.443707816440472	0.227996833774037
3.54383480375813	-3.60451451199355	9.42916914549741	0.539620216079938	0.383094892604175	0.206725748726186
1.48337545547514	-3.69281134528644	0.845897218480593	0.527895216106906	0.411487455955111	0.217222259486704
3.15142019218014	0.677508560093966	10.3496124997283	1	-0.61713201278336	-0.61713201278336
5.99677447119067	1.3468763638062	11.1155683127317	0.549827992413788	0.35717203863109	0.196383184946872
3.90861205426195	-0.404962166297165	4.48489454174132	1	-0.541110988847595	-0.541110988847595
-0.46345884580045	-3.41917413089311	10.2289425258835	0.558537284720037	0.334106863879798	0.18661114055775
-2.05777220312626	-10.1741523038257	1.95667213946581	0.477903195732148	0.518234940919654	0.247666134405563
-3.68749554913131	-9.31600499965928	4.40266672544407	0.490280097330252	0.49375695330305	0.242079207122908
1.62046903412669	-2.86274975312479	9.43690425338167	1	-0.686481074113478	-0.686481074113478
2.71864473519306	2.28172820542673	8.80346321608081	0.538908647028357	0.384859143015921	0.207403920059203
11.1297459424624	6.25547610426491	16.373844760837	1	-0.63466556665045	-0.63466556665045
-5.15065760857636	2.78751617647482	-0.0923239798143958	0.487179487179487	-0.5	-0.243589743589744
-2.19112843755753	-3.37679436685743	-8.36819212183808	0.487179487179487	-0.5	-0.243589743589744
-4.10065209567547	-0.84600739260063	-4.72317404638637	1	0.621794871794872	0.621794871794872
-0.438929471505746	-0.239432184082089	-8.30231403627179	0.413974455296769	-0.628205128205128	-0.260060875763355
-0.662057298241604	0.537103971071316	-4.59740138742508	0.541580957978255	-0.378205128205128	-0.204828695645622
-1.06841084443994	-1.57038028918517	2.170657230654	1	0.446371152344657	0.446371152344657
0.946747290583387	-5.17272625299114	-5.26464013258616	0.386768918143015	-0.668049134300407	-0.258380640939746
-6.52299084346141	-3.95312578851978	-2.58716707891136	0.572262504361026	-0.295851322739363	-0.16930461886935
1.54393062613183	-1.86043005213706	-3.87137004922172	1	0.76004765703635	0.76004765703635
3.16801826512862	-1.01155346310274	-3.6351578337225	0.510540087627618	-0.451016717640274	-0.230262114545586
3.09778047463586	0.740527792184642	-4.06109591923428	0.532307136924121	-0.400970865430458	-0.213439653367274
1.37219761447801	2.19091193202996	-3.12110688554292	0.422256349757434	-0.615330806336768	-0.259827340177062
-0.790650490806588	0.571926790204915	-2.11200142719529	0.549040129808533	-0.359214625349649	-0.197223244531095
1.68449529193702	1.15089155044971	1.20399837749022	0.562149986643771	-0.324269944049716	-0.182288344716524
1.23715434306331	0.00469670142752655	-2.23170056577885	0.57261553083473	-0.294834939218087	-0.16882706522899
4.66898437623055	3.79017009258722	2.15340948669296	0.581116691685405	-0.269842258476828	-0.156809840522972
-0.0497932366786465	0.98989793680834	-3.53266598589041	0.588131444275142	-0.248442589011931	-0.146116898695042
4.21049865763034	3.25921763592597	1.65484439041183	1	0.433805186571161	0.433805186571161
7.09074361747311	9.10836655082125	0.525220983520602	1	0.770032658436282	0.770032658436282
0.665183790743111	1.20769979195161	-0.115314288121281	1	0.357834683616921	0.357834683616921
2.95806188891011	-1.06634372359875	-1.48576233493672	1	0.679407784975683	0.679407784975683
3.74040852429405	-0.665701454787543	-4.9867599970012	0.535951942847657	-0.392131988116018	-0.210163900883494
0.272256975164337	2.33638346556461	-9.68346359513023	0.544001573860621	-0.372110513087901	-0.202428704769901
-4.21712477209587	-2.17166787792336	-14.5896896593498	0.55113690620718	-0.353762739887002	-0.194971701992698
5.51649782090418	7.24617551447767	4.8955023241314	0.5574926752787	-0.336921264071945	-0.18783113686575
3.09375691211993	-3.43696259159708	-0.939983311024579	0.56318060034586	-0.321433886585661	-0.181025329218816
5.85636617897018	3.22599972558744	-2.41504380513321	1	0.6928363612197	0.6928363612197
-3.51549810274474	-5.67020605639978	-0.981079233302312	1	-0.5	-0.5
-1.30553151670723	-4.16925518079238	-2.29299012210333	0.487179487179487	0.5	0.243589743589744
4.46491859761938	0.3289841512839	-0.629988118526385	0.322033898305085	0.75	0.241525423728814
-0.293781869449923	-3.65351134005257	-1.74821932478385	0.385736595523165	0.669491525423729	0.25824738174856
2.94913817230732	2.38935136680745	-1.79525487559537	1	-0.408246206837317	-0.408246206837317
4.14975981351829	-1.26907459093314	-2.08626208951076	0.361620848999222	0.701859369415814	0.253806981046205
-5.86921730349141	-3.42082468995994	-8.02925240056533	0.541580957978255	0.378205128205128	0.204828695645622
-3.45949515532101	-0.752315970194159	-12.3271226341074	0.400803163678892	0.647947017193262	0.259699214387361
4.19490897405532	5.65320471837891	-1.92135263127134	0.572262504361026	0.295851322739363	0.16930461886935
8.11389160733069	3.94938319740873	4.62419050164295	0.433824094618092	0.5967181423985	0.258870707868219
0.750733984481344	-7.69531719713952	-0.8181063489932	0.590849855923997	0.23995234296365	0.141775807268698
-1.60487650915259	-7.1779187411973	-4.0537233581964	0.461250687227017	0.549394284433246	0.25340849125343
8.67932670193334	1.70942996893868	14.0488279516047	0.483924623131624	0.50647292724017	0.24509472044107
-5.63668212501272	-17.0277228355408	-13.7563501090714	0.603000587126467	0.200581361646343	0.120950678839371
0.93839318266499	-4.76201350807749	5.66286723225406	1	-0.828272252108904	-0.828272252108904
4.09201720554021	3.67148152620278	2.71582779739842	0.502700571158964	0.467967923078037	0.235247742215403
0.683374943367897	-1.89142736386169	-4.39722899302389	0.518332232878431	0.433621145157062	0.224759816392562
-1.23122792092542	0.929637491364371	-3.12372608759412	0.531441676085642	0.403049458237014	0.214197279630889
-2.10306505267058	4.64466193357966	-9.47408053730473	1	-0.65553103783774	-0.65553103783774
-2.51642241771333	-4.26614908284197	-7.10124634962642	0.542526029256875	0.375833307117951	0.203899351773182
1.81870344456646	-5.96494401404352	0.822901904357202	1	-0.64843560499204	-0.64843560499204
-0.874579387517165	4.16540515569575	-4.94931920741995	0.507528914447456	0.457591543697575	0.232240939433166
-6.10224092391229	-11.1800865115541	-12.3454664186998	0.522790539962045	0.42341269649681	0.221356152228353
10.9524966362984	11.1094545676853	6.40494206711424	0.522509288725152	0.424062327687008	0.221576505214871
6.03744253545038	12.6220504876339	6.37070800516416	1	-0.606900088655503	-0.606900088655503
-1.82852137784564	7.38929260364085	1.24311315900449	1	-0.598219668806343	-0.598219668806343
5.58370899923386	0.107263441790234	1.00883514863072	0.506909124930818	0.458934874343506	0.232638275553701
0.059976563254191	0.925484770090517	-1.7860698303998	0.516106687811639	0.438646718178873	0.226388504838744
-7.78941988329734	-7.17026352701765	-11.5862510728114	0.501433746482034	0.470657116709707	0.23600336134018
-0.918963805513997	-1.50346746762322	-10.4962184031804	0.524374629280381	0.419739433638481	0.220100709908535
-6.99040939269527	21.8469726822593	10.9601582035874	0.487179487179487	-0.5	-0.243589743589744
-1.0359972822617	18.5605331912185	11.7545509966034	0.541580957978255	-0.378205128205128	-0.204828695645622
-7.45488532947436	12.9209015586159	-2.18692109756397	0.487179487179487	-0.5	-0.243589743589744
-10.5827019080039	1.21663675073421	-7.46086967702616	1	0.621794871794872	0.621794871794872
1.84212985566306	7.79684879472761	3.34281751513481	1	0.704148677260637	0.704148677260637
1.37144133467828	3.57979203879156	2.42481563217712	0.472617344314979	-0.528338734672651	-0.249702049679725
0.881977247225962	5.30847202512351	2.1974551038619	0.413974455296769	-0.628205128205128	-0.260060875763355
0.526731296604679	5.27649795839732	2.17182789105132	0.503455492358036	-0.466358864417559	-0.234790931700876
1.97250660904984	6.59641061869986	0.884333546837848	1	0.585800928135285	0.585800928135285
-2.12900914203736	9.25823091738152	0.810347734188492	0.458905258366285	-0.553628847655343	-0.254063189372303
1.7813184765498	11.6181985248219	4.21322917893077	0.471076446166696	-0.531246113224103	-0.25025753105748
-0.546571748631616	7.65177444255713	-1.41118834596692	0.492338581058069	-0.489570096703427	-0.241034246739427
-4.25934937495378	4.46647462085115	-4.76511013011138	0.509932462537606	-0.452349959786237	-0.230667928922583
3.83703606635512	21.113815090873	11.5762401855353	0.524586085833037	-0.419247246063648	-0.219931271808809
3.64704384707635	19.5617498051036	14.8861283677997	0.492860220417165	-0.488503709524793	-0.240764045950992
4.082729381419	11.5452866048524	-0.432562721780304	1	0.566716652140128	0.566716652140128
7.56156311842703	15.9856924432697	9.39386953007091	0.536888823893039	-0.389837516809142	-0.209299405909043
-9.59048720021402	-0.286981182793776	-14.4091270620173	0.460882289734173	-0.550061848169902	-0.253513764079955
-8.38542922158395	2.795229746311	-7.93272783449202	0.483785501886639	-0.506747777731975	-0.245157227980002
-3.99230538616257	4.6747238093592	-3.26792316838647	0.547306502378077	-0.36368413640486	-0.199046692666135
-5.23454939223105	6.60099931738593	-1.69851793856783	0.502723560045919	-0.467918996087926	-0.235233903526435
-4.09891047444074	6.97880313116493	0.490101615813645	0.556203758302304	-0.340375621390425	-0.189318199851836
-5.62171401787669	2.68308944413156	-8.56798007361817	0.518467808610171	-0.43331349620104	-0.224659098816565
-1.43503221564235	4.84440770406615	3.61994462742498	0.563865565928446	-0.319541574101058	-0.18017849051816
-1.9545537634963	4.11070357531196	1.24749230682342	0.531654266706674	-0.402539587280652	-0.214011889096102
-1.5533335012534	1.08471237303633	1.59929526958502	1	0.624831937167102	0.624831937167102
-2.85054421517397	2.80735226359331	-2.63330987557261	0.511005009143538	-0.449994356094876	-0.229949370050803
-5.65676112751807	5.35911799651204	-1.4799729731837	0.570515310569254	-0.300856995654325	-0.17164352231266
-2.11860370592725	5.45293604060201	-3.61945187345599	0.576329081346261	-0.284040791826665	-0.163700968618326
3.5317595742703	15.9944069782893	-0.0820173832277457	0.521928252243898	-0.425401979059196	-0.222029311431462
