IFG	Ins	Put	VS
0.525795649999705	0.138755367300362	0.574546699866619	0.235020655495689
0.289082787147347	0.00782432577922332	0.372675257879952	0.0900432129363285
-0.0897405652008237	0.448590261007094	0.202235067250934	1.01161884760245
0.176687449261705	-0.151629354419899	0.0167236622934435	-0.611961455468409
-0.356983969623121	0.206287397194403	0.0880204693464601	0.384332530679654
0.179808642877798	0.330894330939514	-0.64822640138397	0.046564247338427
-0.237465356197252	-0.739655642679891	-0.403482400288914	-0.00191492984853407
-0.258083690028014	-0.587399791372354	-0.480039178419941	0.270788594541074
-0.71142702197898	-0.129198406332531	-0.0890539830853018	-0.681970317789806
0.216988800283926	-0.42839062465033	0.131877874017628	0.507174033798403
-0.646919725028049	0.19676851417479	-0.124089623022507	-0.023767787867489
-0.239263210520136	-0.392471188180471	-0.123833737118371	-0.516010349874622
0.619734607954941	-0.335773904913724	-0.462739322098618	-0.463357227116016
-0.0451307777280107	0.358482207996439	-0.0370304119708977	-0.0739114250975787
-0.13078207101585	0.242167256862654	0.468245079408936	-0.343349867362096
0.579600493552367	0.266907342402726	-0.351349857158189	-0.00191130574372092
-0.494117229456629	-0.0088362878462145	0.316338800574676	-0.193721972663287
-0.313676589513175	0.231164665260532	-0.519652999330161	0.109817433393587
0.181899827456244	0.0277709901848151	0.282858306673112	-0.403834728712694
-0.658320742613886	-0.777631847652461	0.265553666817073	0.0626889658770287
-0.209941494745714	-0.233200444990084	-0.0831761590944622	0.127534426418652
-0.180853327303148	-0.331865511604094	0.427967388460827	-0.533294370618618
0.356772094625248	0.0608970090671062	-0.540835127852182	0.153146955672646
0.416265605206921	0.214964253236634	0.262555401821846	-0.162397614355771
0.581144190460704	-0.0821768130087798	0.221148856977605	-0.306148489929465
0.210232909904331	0.609766671183675	0.229159936719645	0.41156411257012
0.179422106598414	-0.410769390758309	-0.0572224336570046	-0.17737093139362
-0.308514137032046	1.14982677698481	-0.75718124938021	0.173912589591621
-0.104411049058622	-0.698542236609531	0.140449340865953	0.0533873695639398
0.239493078637496	0.349502357412572	0.0799601883269098	0.222680885704299
0.501901318039192	0.736087876878887	0.190426520319308	-0.444258162972178
0.238727451555061	0.000466940949684638	-0.370354887906913	0.439862328783824
0.118214930280458	-0.00867123864567241	0.895951161619269	0.086975941466805
-0.0425661265533919	-0.207453526301037	0.0553399332056889	-0.342560096491999
0.163129553429929	0.440554461955612	-0.612826337819361	-0.1327093572421
-0.186244802790232	0.0922794386063422	0.0667356007494419	0.801137127271955
0.00918431813888413	0.0587578607793654	0.56647745178404	0.0941761449642868
0.680504264180277	0.0609742147081273	-0.0470109408815573	0.408860790305565
0.132219122359123	0.545972220358446	0.718741063676164	-0.549531114853945
-0.525996929147262	-0.128646962883492	0.234776504557488	0.96538866447147
0.441521753371518	0.680554158040613	-0.0737901821201203	-0.377602175070346
0.020888441012514	1.15386059465915	0.456528551677824	0.313230083026195
0.0287402090584996	-0.351565484466269	-0.267696382302296	0.285477771556887
-0.400203189300118	-0.592090497303148	-0.290531747349591	-0.32945390904942
-0.226640753036429	-0.0788987757418001	-0.620451961342912	-0.00814971315719224
0.221359905856208	0.20909284024512	0.607361299181395	-0.102222360188375
-0.249568914041598	-0.121037344148714	0.17997167949942	-0.0600135417729806
-0.26474087586835	-0.525912133791359	-0.36273564872606	0.865465852137312
-0.380186490767822	-0.389506093698117	-0.0618730732008992	-0.112695233075978
0.201795668404036	-0.180852476421593	0.788913379987355	0.592275515100657
-0.1611395714613	-0.71049857522633	0.292198488610075	-0.383000604724203
-0.0905936275901599	-0.10742990870809	-0.857649363397578	-0.0208805364671452
-0.556925572761572	0.216909507218662	-0.620764733351285	-0.430291606513866
0.0603883563722927	0.125856538647681	-0.0863585697413324	-0.248928650083373
0.54403086348607	-0.960731521807801	0.0305298367330408	-0.0421021743343003
-0.251253584161798	-0.150680641790181	-0.159673906682538	-0.129010220524437
0.196828075125588	-0.537823177072936	0.256280827132629	0.0532147154497209
-0.10177014234735	-0.225022365315825	-0.0348740266466672	-0.314542753909409
0.2770723077867	-0.236545681445404	-0.924447815403952	0.228752720265271
-0.255097642988645	0.278323663292698	-0.279782738114041	-0.588182104716545
-0.594149484185066	-0.148914712946479	-0.109339753008485	0.107225797122777
-0.253541921807814	-0.103959274094474	-0.0249196683053917	-0.0572271978715777
0.352377288348465	0.319228550222954	0.0157492663731306	0.0747559363175889
-0.2318823543223	0.310041176131157	0.0827412182669684	-0.0131769886459103
0.0650149428283543	-0.224983503287613	0.11787260401346	-0.0555678318708627
-0.358858685316054	0.127686825053037	-0.31361944134371	0.105171703928139
0.192098217508963	0.0585607213290908	0.25568081913221	-0.386654233487922
0.357199241812482	0.140913459013146	0.483185413557278	0.106283046253165
0.692920295457139	0.767146281654223	0.140318252157165	-0.234247497967473
-0.148595466306281	-0.322022144391047	0.0264911115976744	0.216742657066711
-0.049364419462388	-0.117368116330566	0.668445039283587	-0.233546546892694
-0.0195364267414288	0.341345581793777	-0.238023521634542	-0.103505529195685
-0.0954784779978362	-0.654259909223244	-0.192589095598785	-0.0119684075020258
-0.280102369237465	0.669971599625273	-0.869955370262816	0.115728819972014
0.198456833660151	0.206765821885965	1.30067745170545	0.505087946999019
0.496824115678949	0.0318768643839019	0.471938193500736	-0.472746738516942
-0.0306368179963451	-0.30675361541321	-0.605455705864194	0.737766968315086
-0.796135930192021	-0.244568594122567	0.195633968882796	0.130283173094757
-0.414533516282532	0.555011765071369	-0.0342051339702095	-0.0470471455696915
0.427937876928694	-0.00710800380425533	-0.311668861317373	-0.0121659171065498
0.165132520475665	0.403087101769742	0.180436762868248	-0.460161400161928
-0.0629175361686395	0.00575033528961722	-0.670902632616915	-0.640401066145303
-0.495748174608895	-0.0153929275897743	-0.0972738574180417	-0.271607338536521
0.105178869647621	-0.36796406647656	-0.0923880070306383	0.326577418651578
0.229815218446213	0.0565452980804448	-0.699402339204358	-0.187169782502921
-0.0592710179475837	-0.152114315785227	0.546221479063381	0.225594944387099
0.335879444865724	0.788602573663027	-0.682933856629093	-0.387202678912004
0.154041782674016	-0.626087939227867	0.382865327730895	-0.549504925062427
-0.182177273845706	-0.250543828874213	-0.129922971331828	0.22319754227376
0.393150247808185	-0.00562879715379428	-0.146937703454268	-0.215575116911359
0.678602534324649	0.111284631635178	0.0145545876022236	0.315212599116532
0.014922547689033	-0.498900756251123	-0.604938507466245	-1.01283163614931
0.228491115793751	0.672619487985137	0.939038733963238	0.0786416735760976
-0.227329456697107	0.24278848344532	-0.0663666882417276	0.227572491636679
-0.183663882072194	-0.63576298951171	0.366451779625623	0.408553269845296
-0.177287915494798	-0.310024673756987	0.382964277595989	-0.0897779100833732
-0.171333663953531	0.382734961312866	0.699391423437082	0.21854743770281
0.427859346521917	-0.163471646379821	0.130095230911586	0.877313588424191
0.134018553348858	0.546076169831076	0.366205496598375	0.4104682270382
-0.596540496696744	-0.069017112079578	-0.343809653425412	0.318362248731106
0.105585960275668	-0.622921309675718	0.671605022309584	0.399162572967264
-0.437351816653626	0.470540252574329	-0.669264143785129	0.593776906241401
0.0676522463686623	-0.0742277754211503	0.504166929633761	0.7756835549296
0.374743744699784	0.248116027845978	0.0903710309414769	0.281862028629124
0.232050603202141	0.832799576113356	0.303102079190278	0.561337174142439
0.0284480780431211	-0.533018755789847	0.27202681297363	-0.462942849543957
-0.205077465875251	0.02722097762225	-1.01731593700988	0.0231834621959506
-0.213269712581035	0.276145285446036	0.494780569812312	0.285046705240772
0.432843387616778	-0.363286551730748	-0.13136593981375	0.624975715216398
-0.21833988645685	0.491526915047934	0.537635112828268	-0.132279849060903
0.109374322619578	-0.404947685366826	-0.382991007619535	-0.420680525385836
-0.650636560747705	0.271617374967528	-0.141766101404432	-0.118237370104533
0.133681194865652	0.15108556679246	-0.732669081611266	-0.83884302814751
0.215055269987946	-0.24469533783182	-0.0398192920519107	-0.121879214143209
0.275399504468919	0.0539456654162484	0.24565324132252	-0.901607723346226
0.237688657014063	0.289227774371541	0.112197555940884	0.257122340590523
0.343594657217531	0.542678309071568	-0.133788663049681	-0.474897604126422
0.341823511096301	-0.863278407934228	-0.122219457787813	-0.171996399576591
-0.888989761402935	-0.0562733732493289	-0.779214921823681	-0.312063813580108
0.119979732510066	0.0904779280069225	0.141704068276239	-0.078950473755444
-0.35557198147498	-0.615484896734759	0.112125162764448	-0.63974059952283
0.200152553082154	0.700759571281081	-0.0232834052691783	0.0621174141298734
0.106252365031067	-0.465287673196546	-0.128867841877012	0.182839715035639
-0.101994311849796	-0.343752124356613	0.264154409728265	-0.0244631339948636
-1.50640840941832	-0.63699495339963	-0.553694156639251	-0.583866155314917
-0.552919114253629	0.211011771362126	-1.01462959902397	-0.5237062509764
-0.275813256325805	-0.813186723313177	-0.296897447884827	-0.400282221451377
-0.227746060697403	-0.560391629790909	0.0284601797102907	-0.326472908538767
-0.589209683292546	-0.379667547417549	-0.104927004277675	-0.204865667941962
0.119960281960541	-0.0769221602126284	0.41922725189936	0.19706228758672
-0.0103742732972256	-0.291705202026021	-0.315994782700808	-0.290955087391701
0.9996684413355	0.0823831628582495	0.818072170084875	0.699138226785273
0.960627033178929	0.705587517749916	-0.267636699851928	0.205158969018214
-0.225803785631513	-0.0552616393221572	0.941833685052525	0.631107822213199
0.536531475662468	0.56649043088125	-0.0345535445495156	-0.474642179379761
0.0438700900351956	-0.139755212289536	-0.0411890230011938	-0.141306313088006
0.0462704226235318	0.245992753950565	-0.535883658000774	1.06917305883754
0.166914892606249	0.540708319129356	0.167955329129678	0.1875034237177
0.0222520205456203	0.474644225715031	0.268320203892012	0.175741175464106
0.179697815415131	0.440101584293992	-0.2683393141508	0.335768144842898
0.207134190626303	-0.508449453175732	0.0108236525987586	0.652872869757783
0.444603013629376	-0.155512405313337	0.883663174852777	0.074158876870406
0.441227425284328	0.0322587338946413	-0.23651109398712	0.204625986641534
0.413400360218156	0.384324273013233	0.354597204111632	-0.000917374689684676
-0.463371586398629	-0.0958646785769995	-0.13064259206936	0.0216586171080261
-0.211799519277299	0.416223791769785	0.377712578449341	0.21076293979589
-0.0671756381146356	0.5281977073692	0.0754505896318907	-0.537075472456141
0.0204402433585076	-0.319427410042995	0.223521786275141	0.250960653591286
0.0439640899206469	-0.148416775325454	-0.824551733545993	-0.108765037997257
-0.41007618823975	0.488127576421947	0.634701069238636	0.0207694240848204
-0.37514015271131	-0.128563495844948	-0.988002081334438	-0.23966959812792
-0.178843132291447	0.367720132502396	0.20959842610523	-0.217363746802466
0.242458343288128	-0.469458274989687	0.430396043482956	-0.682037261254803
-0.180850068143654	-0.261092081947658	-0.432550484317884	-0.442770607226524
-0.34491649185348	-0.240584811849528	0.187657783751599	0.176043170491303
0.292730485123177	-0.207116699889575	-0.325697493977524	0.181382555678742
-0.358202217479839	0.5100198933792	0.415916759174184	0.134670513135947
0.572159690105187	1.07014198913161	0.0820531137359959	-0.866439916220746
0.213574574938655	-1.92532748228085	-0.561773799543067	-0.476934569091001
-0.136062162891306	1.22208854086403	0.579855154812002	-0.125826760323154
-0.415559644321071	-0.3121439820859	-0.0732301052486524	-0.186232434043049
0.0585958369242579	0.267071590438499	0.587419427708379	0.550192882356229
-0.289725827534438	-0.344478444814211	0.608922329438402	0.186920504240898
-0.406518312091865	0.418239196383917	0.331291771718824	1.06223383301555
-0.15049321758404	-0.0995692461267791	-0.872374782326812	0.587826032082255
0.116097285838401	-0.13015083248975	-0.481001852508762	0.0621964790524898
-0.0243199990415454	0.361284534021742	0.0349890429735971	0.312837920110561
-0.117602539035518	-0.426968730778214	-0.0768972951165407	-0.248018486869872
0.147670987823723	-0.259355178587626	0.0859569725104512	0.314712223872687
0.111079381128314	-0.554369119754537	-0.603771198929124	0.204867134420924
-0.0155772452378484	-0.346007421607032	0.302017766877782	-0.333633087328337
0.0144552237251698	-0.0352454927117589	-0.179177470002236	-0.44267302858943
0.335316882754409	-0.130995038939923	0.0558091082338019	0.663345474235038
0.363375277553089	-0.695852683317292	-0.0897206114476256	0.334962243385235
0.0358341628525503	0.0990251077706987	0.0880984036246826	0.0469813157437924
0.34962090509321	-0.105276209389765	-0.149385983075035	0.104960033739287
-0.0387328087351327	0.0913904667408044	0.1359575005604	0.15272532580516
0.0112862569857622	-0.324516690350045	-0.0910313021105283	0.218347089206687
0.250808459554341	0.504532349617224	0.292029814316582	-0.17152805667927
0.118248097583565	0.929945625462254	-0.142122054282015	-0.404445491429141
0.586940598606105	0.286137300997007	0.00743344341820321	0.292428249545106
-0.35328360761788	-0.424145745969192	0.175328435150034	-0.938954179648071
-0.0511408886458453	0.197942898528256	0.00488930373559182	0.155536726558461
0.004401937645414	-0.680576148836639	-0.28401461795531	-0.509441732522841
-0.0867969685636212	0.776722101458794	0.435157799792121	-0.524447264455836
-0.378085823860291	-0.24491774931374	-0.848045227672153	-0.138704298729002
-0.285652281532026	-0.11914708303795	-0.058532246398691	0.300547779793948
-0.367074426215886	-0.170594841835266	0.212632098513699	-0.694564229508834
-0.234658469385925	-0.0105201063812333	-0.28352994082255	0.16660202637831
-0.191909296799735	0.116030209040917	-0.42482980669558	-0.252824937886621
-0.253297809351372	0.338461433649003	0.447668035425767	-0.0537576828664791
0.152837027230935	0.164612130783559	0.0273945567529237	-0.264036910634346
-0.0907747432399562	0.176388109760587	-0.345533650783318	-0.11352064636329
-0.0667070719417235	-0.554813219795747	0.0504602138274609	0.510038798851877
0.291789411209178	0.450321086588005	-0.323967459581931	-0.708622749446301
0.267040507091057	0.390944391149061	0.030503777218122	0.00910045438456671
-0.108876201556676	0.53668256761218	0.250458901346609	0.154002806447674
0.337780252140429	-0.200880517316948	0.839432545973194	-0.530831077097396
-0.00989245351624864	-0.0892172439521634	-0.0166133695348495	0.525133480366636
-0.601330040981277	-0.127375239371075	-0.104230562102645	0.359388338073337
0.013439810020534	-0.0634617960104037	0.268981426278258	-0.315625725571182
0.00685866054631015	-0.640980973682868	-0.444293754566533	0.138874044329031
0.0794108839206669	0.166005093998722	0.324213769815881	0.474890767970448
0.157760593804297	-0.141757796980951	0.702085887541985	-0.568971281060744
-0.00175282986973219	-0.265322399886916	0.201948902732607	0.776082243655544
0.0858309806082481	0.321864854268627	0.213968370095099	0.144963946908586
-0.16717600385947	0.038405086809034	-1.05183532744959	-0.134111435533647
0.284977426457636	-0.302834041415272	0.263675202667433	0.161308525165474
0.228955617104345	-0.685786286976698	0.0903382215976011	0.0506552024484065
0.0652553593196609	0.794236067456986	-0.0435719532469648	-0.342824699327343
0.0508924521490568	-0.208203960047868	0.107542883454544	0.0169647211833742
0.0818598672960186	-0.423237645187832	-0.186700836829387	-0.716155876473884
-0.421635701558263	-0.673244550548962	0.614887791734465	0.38775517008426
-0.363542110452052	0.72014490539149	-0.939373735134241	0.854244856201689
0.483304491365321	0.648079638064286	0.00502556002120021	-0.0336649825361063
0.359315634708178	0.408897694099975	-0.181548075783769	0.00902549626385768
0.0772600003086311	-0.569520059022407	0.124529217986882	0.460046519605143
-0.225940604517565	-0.369072010315194	0.259295270038643	0.16426620499257
0.29071441800467	0.0600494265475263	-0.226154852075904	0.246039019002422
-0.171788447244603	0.455551057711672	-0.04157945882109	0.731575103961068
-0.26706329985284	-0.493038628607926	0.117386859288898	-0.163579630229315
0.0862575726691992	0.205246703707234	0.38192195221692	0.2415464177146
0.235296663669336	-0.45009709988037	-0.676334759823495	-0.309525940199202
-0.411629849520314	-0.158018892643611	0.268328567640407	-0.0976784330528928
0.0414373611886924	-0.136729934977896	0.208467594606848	-0.0937795805132357
0.466446599450324	0.456607179318926	0.524085308250616	0.125443778362021
-0.130991655205393	-0.0101534104452381	-0.474503626696079	0.156187369283462
-0.170618917389332	0.556271209992922	0.535424238671345	-0.37534870346119
0.133079353248926	-1.00146990551496	-0.15430272715784	-0.395814017607994
0.244674316687093	-0.238480856589949	0.388447243140541	-0.41779303908961
0.13136491223911	0.160177716725965	0.0110415702910325	0.0295238864367028
0.0935207545405877	0.247271903837026	0.599736034580932	-0.167970569334615
0.112482874954148	0.382591889408777	-0.432555162919498	0.0531025299116593
0.303677255472421	-0.145414407496546	-0.343580429884052	-0.0250353646716545
0.230235095739366	-0.466965639475557	0.441466725810109	-0.0782971099973388
-0.494485151827743	0.216642452939767	-1.17229317176055	0.111350109222655
-0.444115922267219	-0.175038535191055	-0.570317247819891	0.268739373398402
0.43310208846915	0.263320075455221	0.497791035130306	0.158788947862628
0.302513043817662	0.472279166669531	-0.548965928550123	0.29421459312076
0.465294549200413	0.677075601681999	0.874295417057488	0.847890343765673
0.268188390985314	0.336417953032235	-0.26098750381851	1.1950764648832
-3.37167637879037	0.294645334131444	0.247514102407106	-6.17503819367458
1.11978783842083	-0.585087167750826	-0.817091004640384	2.7529659903697
0.225175247148663	-0.0843561207434148	-0.11145182898672	-0.0435926672785835
0.0218506433476399	-0.0148199354951333	-0.941154768826947	0.404032222202789
0.523519063912322	0.406215411580814	0.621243759088083	0.189943742115692
0.426083588209449	0.461242036183895	0.204738298838275	0.159611449606879
0.259980461533267	-0.156768795706183	-0.134614608673977	0.437238299567558
0.0109457021892718	0.740383437082823	0.546492635232347	0.529646866211167
-2.23417533285514	-0.338540158666772	-0.697702499268402	-1.5540436318737
0.0527404619942501	-0.145590369856866	1.41822188495587	-0.192141150228281
-0.0588639211883195	0.792261828538676	-0.477241476645024	0.454092049161021
-0.337159280325806	-0.591088648151548	-0.0543439505038145	0.284150666518009
-0.200763581469311	-0.350055229403567	-0.601827440485037	-0.830504511626989
0.0652299042550643	-1.50001446542818	-0.653558449655053	-0.169796856269019
-0.323974807548146	-0.208829779326097	0.509558673417281	0.565439064347776
-0.163779589000871	-0.336937310181495	0.313510184765563	-1.11197362181644
0.158996104355401	-0.121341382694652	-0.362039729312432	0.224185597522176
0.0639181562765611	0.0441289690865997	-0.461924639369301	0.29921604270151
-0.146153519978395	0.0972411525230764	-0.0892515704441037	-0.774235321852132
0.57795738813772	0.312964240938856	0.377557081732477	-0.158646462363472
0.309735297437864	-0.182255921324624	-0.0862094849021982	-0.47816788370437
0.463236713454802	-0.0275308105254894	0.460863030360897	0.852446018606494
0.150108302020083	0.263631576266286	0.151616745532837	0.265544125345003
0.648479893138239	0.00175616044004137	0.521459471602373	0.568264416749239
-0.112917489275606	0.391268573400179	0.579199027383936	0.0619684144164386
-0.317541324803756	0.192232121815398	0.0947519380243111	0.0773755115004497
0.240887444472396	0.280615306098527	0.0833121241156634	-1.03450772780109
0.235453341323337	0.125516597720905	-0.150410523848278	0.120617023387486
0.634989375166329	-0.239390332572536	0.346762067324454	0.581331582399935
-0.404621816896705	-0.0478338353762408	0.261143875111663	0.127459083130508
0.195129709265476	0.319556820534473	0.188850053013779	0.667066596611397
-0.102762907948352	0.00260029805199591	-0.297040846112529	-0.172843540839984
-0.0361401220606271	-0.204688439702792	0.253010431620618	0.101280800880753
0.437954487388057	0.377423841733602	-0.598380627365929	0.622851573451678
-0.0444573439719195	-0.652593380867612	0.789098657844126	0.189926046383083
-0.0821745080591546	-0.207004424658186	0.25689932554007	0.214825834168661
0.231147070787624	0.299757319303285	-1.00147089935298	1.4523254238074
0.0366211538041704	0.801214449909099	-0.102008111033498	-1.31788896718421
0.612181955054592	0.167943962808643	1.05480306934703	-0.0540327330225321
-0.242412060585366	0.380470872106346	-0.868283723849655	0.195432499297712
-0.326388174659758	-0.603924241469467	-0.67997139628625	-0.325097142244806
-1.14100564468553	-0.407154865446488	-0.932212614951883	-0.924170365494271
0.0917561794572516	-0.305637193987516	-0.36077027466024	-0.172427685936327
-0.353818528021317	-0.91022959763423	-0.0957904258290139	-0.0351141698529437
-0.583607226142713	-0.231036309553624	0.110940680131062	-0.508594111372124
-0.434713926100051	-0.199114668733724	-0.76045657247807	-0.455898189141764
-0.19441389152926	0.374887843034813	0.794571843494246	0.697267874512424
0.147162737652165	-0.433049346888703	-0.100623078369998	-0.13626452804396
-0.507036275127748	-0.240963411355876	-0.378029210357956	-0.371286130323243
0.176765916399298	0.474131793040474	0.823027492865757	0.587880379795432
-0.166225746333675	-0.38794326372815	-0.209993080531192	0.356301336089484
0.305302475263236	0.16016867345076	0.169925765860267	-0.522254619569964
0.0936991625649532	0.0153336867024879	0.117282898935728	-0.515900981306982
-0.345540979742347	0.0563759577125621	-0.122294621845108	0.566561105125515
0.370925061671961	0.572860360750904	0.529040727027849	0.580212941130438
0.860842356502167	0.265653953420298	0.675146619811138	0.3655624695108
0.736902954776372	0.656198767340723	0.118078793750722	1.08333600964079
0.948144428109594	-0.0841988480560477	-1.03447447294681	0.0120449819671965
1.29807434090814	0.0153087755401846	0.116474513019515	0.432482478311182
0.404533160023674	-0.357869696346387	0.318727762247886	0.0845732392782826
-0.0111032747994436	0.53314989874858	0.040423362163739	-0.015233920748428
0.025569909118757	0.154011469882851	0.468089719344588	-0.0554327999016825
-0.405234611546949	-0.609439004294003	-0.13786501152849	-0.323071799151402
-0.830137358916704	0.550194794263666	0.0985424874593953	0.561883350528484
-0.593573868572071	0.449754655640333	0.295688460446852	-0.587529403680666
-0.202310354266204	-0.525142343467343	-0.294396570003419	-0.724905069960083
0.281682976963707	-0.566392184196452	0.115367399859749	0.199913903962325
-0.341713615037346	0.555854996872801	-0.67142644403648	-0.596553410617883
-0.51432808052513	-0.500293842080418	0.360425767548425	-0.603806461084597
0.148927443815525	-0.463940691622993	0.694065956829191	0.665956009496553
0.756676588512596	0.105171363382067	-0.00991337247243725	0.667617707509518
-0.415668498107049	-0.0188234679328005	-0.561036676200079	-0.289709755760759
0.246365225770623	1.00052397910742	0.672166317626921	-0.666744421375178
-0.344880745821911	0.338687630924243	-0.392863457989542	-0.462179288202731
-0.337924576497605	-0.355713666034743	-0.633188057156037	-0.0999026837481332
-0.22408967362574	-0.448807589847545	-0.831312266720163	-0.257496622812912
-0.572294743108845	0.313003670771338	-0.0407471496781038	-0.32827345204266
-0.288671362019212	0.639629273804207	0.146477676840739	-0.86838791410146
0.0985273566103643	-0.132014054973612	-0.527285234197242	0.191428181604059
-0.469260480408137	0.506804135231887	0.842621834462793	-0.0896173936918502
-0.324625949061798	-0.147971487679585	0.69639399916684	-0.442241154062943
-0.258591441190153	0.253753736157911	-0.345379667787588	-0.177277290397081
0.056748471710519	-1.04436848448547	-0.0348586429742236	-0.413197637627672
-1.06211249683016	-0.343467492426426	-0.70640354178108	-3.40184478673631
-0.623229042827399	-1.55623591101971	-0.276811255445242	1.65583844519029
0.524022538830282	0.739338497122559	0.325081770705298	0.802517719024101
0.32243639805449	0.0467997736420543	-0.479446989474154	0.0412674172946623
0.140279287768735	0.131346152041534	0.895458578328573	0.0811181544727034
0.113448309715227	-0.182642607912785	0.415728532465523	1.62928555149914
0.782832181840983	0.184822078319123	-0.569724200309659	0.429782822567207
0.610916356866561	0.222820017311465	0.797422514310407	0.993131470733407
-0.027069415756226	0.337305515175207	0.172007471383971	0.195061670895547
-0.2589940174575	0.331742591596886	-0.0978905732628379	0.633967568161632
0.810425943079374	-0.376465544426206	-0.311133931902683	0.588166090916467
0.54519068153016	-0.0151425418094055	-0.0968351446769315	-0.0106231526736961
0.491465753390178	-0.30234056965954	0.231701806558281	0.246820608938636
-0.092782498892363	0.19556627836094	-0.117825045689113	-0.278469543364699
0.0360474211346226	-0.429368770422946	0.195006680340886	0.4582092803261
-0.203087875607468	-0.0283834530289103	0.0249528221653502	-0.611661615279286
-0.0925200681861451	-0.0188454087882166	-0.106064886654671	-0.113294853207998
-0.226117576127446	-0.161291210378787	-0.00595300617821951	0.172472137879719
0.544782155511507	0.792466428616943	0.334941418387949	-0.127276190897257
-0.166844017019789	-0.632066992404616	-0.742083970239566	0.310557284631663
0.473155294776097	0.563518323273324	0.29988454507382	0.280786977407487
-0.187953304701981	-0.238905614437228	0.693284386548807	0.277827364870081
-0.486039156138647	-0.105621146374562	-0.44460765347125	0.715337486806405
-0.368715384955474	-0.393976177955431	-0.198965243999111	0.0697964112951049
0.0159576156322526	-0.290658523887553	-0.0591076478324378	-0.500669655214785
0.0832458375360942	0.62481741016606	0.580353098025221	0.0595443931086958
0.203553953591284	-0.0864446912418804	-0.765917012493923	0.0247382063947452
-0.129276364138687	0.582973935193039	-0.458327280430382	-0.720478975188892
0.135102531998506	-0.575032991401552	0.281684620114967	0.0687395365053381
0.204695065882583	-0.0180446349498871	-0.56586599870795	-0.019614661088103
0.200037828555726	0.541824942199397	0.150535021329774	-0.552151928858786
0.690252692672125	-0.354988508043174	-0.207344751660938	0.00759101673651704
0.240932158621647	0.336278374374084	0.407298994098165	-0.213142976240611
-0.335497288340724	0.187644409373961	-0.333320974177625	0.00742286686477782
0.107646315631464	-0.526465531017599	0.181180423383338	-0.0480683575069565
0.520624699725482	0.0125212792016472	0.65060596503755	-0.318193523895295
0.226409095634693	0.049664582299341	-0.75396052782811	-0.318548571091302
-0.166593092077264	0.452558260741996	0.161175793241946	0.160097547236999
-0.162050114694144	0.177280389061348	0.324227832901767	-0.405116298068268
-0.90489168141272	-0.0569671857726483	-0.251320609075366	-0.12867670127971
-0.323102680653832	0.273848955161229	0.540964055592502	-0.24865425994469
0.358968366205682	0.0178028706928988	-0.275235045184175	-0.150059686544544
-0.106342223636716	0.284694031410074	-0.0543843930776333	0.0557945436784218
-0.437846381593827	-0.484398557380872	0.612147456944996	0.350141306188116
-0.0995855020212125	0.448042336032621	0.263329306098081	0.348561941140563
-0.256509580176989	-0.268119605167101	0.272497268366556	-0.104520630922574
-0.496587657268884	-0.350659527485589	-0.268691091296392	-0.363155518532262
-0.539091289923648	0.131290929483742	-0.00414556643134745	-0.113730447274697
0.19984130406835	-0.185375817677761	-0.469579970118212	-0.552624587323855
0.278961967844675	-0.542914087673778	0.441062047963546	0.845674481860682
0.36291142834418	-0.385324168427835	-0.0458228721095371	0.0856867941430906
-0.115558940404569	0.111823101268538	-0.315882110688356	-1.11730794306151
-0.378965414927947	0.608965435852095	0.614687862682096	0.24225794143012
0.0390041182312992	0.455908846598412	0.0827867606927746	0.678366075124803
-0.586701713407469	-0.386427205074693	0.0650505041897952	-0.461052194866367
-0.500919633434968	0.384946738441304	-0.0381652074621783	-0.0585008676142332
-0.255317018202663	0.145014521026028	0.142298309988174	0.118961447116182
0.369524012203527	-0.433568771885231	-0.57591009419973	0.473598266646786
0.248518865825891	0.512797143601447	-0.329192238349786	0.147719188916441
-0.129125421423893	-0.564051335487031	-0.10610866638662	-0.0125110957031555
0.0574583897608396	-0.150387390034166	-0.484383411736176	0.0578907001764799
0.0869616744599482	-0.286256502611787	0.0552833722898797	-0.231226297918942
-0.321959315761027	0.23021269332382	-0.540730770685051	-0.131637473319244
-0.155110771474947	-0.419391777341158	-0.280234002628258	0.0809320924339564
-0.0504302298450781	-0.0044663873704782	-0.170507940828478	-0.225135979634434
0.27449669910382	0.414307160611696	0.122011397546823	-0.0285795091728741
-0.276553111430313	0.0834275538541241	-0.211196047974061	0.245186451356102
0.49622849901774	-0.258008974053429	0.632593334494546	0.308162897562892
0.4533740694388	-0.057209475053989	-0.354801836443612	-0.68830952497853
0.465731572972954	-0.083973437977566	0.397473528488046	-0.752262654136264
0.711513358073312	0.452834140933293	0.0508848201563242	0.654798280565471
-0.181064396151082	-0.471211828430192	0.216404817908835	0.234432731359229
-0.086112637678229	-0.0316181895357822	-0.534257643271164	0.773994506653074
0.252173595102775	-0.201528847463535	0.598294477083817	0.517993839571196
-0.174910279155379	0.49138524190772	0.381667289680625	0.214952660501497
-0.232051214512512	0.205843958471547	0.227766964450806	-0.194148339813684
0.369396181008597	-0.775023598272479	0.159641807996517	-0.329929423852927
0.214284296547646	-0.151307978486674	-0.109929512356123	0.894667849894697
-0.177473278679539	-0.509418004505771	-0.430916747752789	-0.176769903050568
-0.0928314476213118	0.106682662028393	0.0912797825644319	-0.649432653941062
0.353062401184875	0.847583520165922	0.492368586530214	0.194844204299642
0.212719365188371	-0.0168821368087538	-0.159210433141567	-0.494599892006561
0.31147179736045	-0.152131421673673	-0.0113452625465575	0.597546706143777
0.244534185044521	0.628463273210991	0.455829901847475	0.149863959601194
-0.258984290022711	1.11932199342107	-0.030398791020435	-0.378817088946216
-0.108423869883102	-0.114743232639241	-0.239992219095012	0.304314034540967
0.347191897362055	0.202555774633321	0.709636174086339	-0.434375606238887
0.0059607902862151	0.304564000537049	-0.338917421282847	0.725684351361014
-0.452257856020004	-0.490280492475708	-0.394510441660709	0.558276371039583
-0.0165082838446449	0.130563716078973	-0.384138656746938	-0.465522790334267
0.558743757100113	-1.33601032636252	0.330177005394202	0.0621269061200334
0.0480817031019123	0.0587829199440605	0.0812865029468194	-0.109227782435798
-0.621033787729308	-0.10864482150657	0.404583620593015	0.138030421852576
0.644994241998923	-0.00448635900853057	-0.609443502233903	-0.190042994478373
0.267027160276628	0.567155228933282	0.157960726332666	-0.0326915128098167
-0.312432417354043	0.0698236500810938	-0.204945200421968	-0.68176422162424
-0.497719258330785	-0.342155998026044	-0.796416325000624	-0.193837132976642
-0.493514703217118	-0.0179873817604411	0.321517600137021	0.473140767841621
-0.216183795520454	-0.681790853355843	0.119838744410249	-0.0742990537428444
-0.27239588118119	0.0264511586950068	0.0550052433133678	-0.575727035921515
-0.277061325155204	-0.493316554975196	-0.0297797511929347	0.128595189015012
0.168116875176901	0.602666151989587	0.486852732214283	0.281782055089947
0.209733769683374	0.0587795710551413	0.0910281207710359	-0.107631828573931
-0.309862855986722	-0.188780761889211	-0.0325970394454142	-0.573756744899364
-0.197006485080323	-0.144778896119628	-0.63432821146116	0.179023750102501
0.426687015108092	0.703350325428627	0.242025113919801	0.219064161931593
0.290099160866879	0.100963551116451	0.457995710652248	1.02247824237809
0.141961465872048	1.49227634286167	0.647287918922494	-0.121030574256786
0.262072179648435	-0.0898108146125557	0.530601529862234	0.84310233170427
0.953016184176629	0.504291703412126	0.186212852663818	1.06907341702453
0.487555925929958	0.592388414250134	1.45679828756237	-0.492072315959452
-0.545368985099138	0.787229397996603	-0.396748796799575	0.556355458970807
-0.0556992254869891	-0.770789428791305	0.250852007359529	-0.759300844002386
0.359900942112063	-0.724287442298278	0.0712395265235176	0.506232027863839
-0.671392967508613	0.477588054217753	0.49195701597933	-0.0478631262600221
-1.02041810998916	-0.277237795504248	-1.07228483118337	-0.572049048285329
-0.345634904777434	-1.00045758601886	-0.519457105835031	-0.686771923897193
-0.100217854553215	0.164286006781673	-0.556378799572852	0.0190801529801747
-0.12549010999415	-0.0761664030165662	-0.622417310059531	-0.824798254863037
-0.603202942533771	-0.454357254181015	-0.0859358168236209	-0.09765728459608
-1.01125999359653	-0.279778777071144	-0.493757339152761	-0.657869965193922
0.175725234210334	-0.710993038184861	-0.194573763850083	-0.680459804775045
0.339978685819035	0.475415213610554	0.367615836160141	-0.162408555036545
0.23396300473663	0.00985997247801853	0.171674823273714	0.618136326627001
0.171537717975485	0.513878160073593	0.0912035698897913	1.03250510254348
0.527057284715933	0.0577506883302456	-0.121815434764743	-0.206452671989805
0.107927491177853	0.287499482693815	-1.107240332526	-0.488732133057595
0.0461696093106746	-0.660746884488243	-0.0788603906712627	-0.409915383365769
-0.400786780233477	0.0653270424341376	-0.16825437908045	-0.268262876917819
0.0215830640503821	-0.220256377301056	-0.206490638855941	0.178787968963999
0.428266489768317	-0.128030032633504	-0.304756509790391	-0.291909662697218
-0.119375042938732	-0.222715372404051	-0.199339888516913	-0.749362518731896
0.366279665977693	-0.309916400946834	0.576988761161592	0.00446066331738137
0.624357522687389	0.751543824429817	0.0290195576788768	0.611169268796312
-0.0927072331773188	-0.501328262534471	0.251030482474218	-0.317734483535467
0.20720687755849	0.0754058241875041	0.404250461325978	0.230084242021287
0.16653321699692	0.354899207561334	-0.158379232288715	0.317677981783047
0.482175497685448	-0.296366502208436	0.20017853160235	-0.233999236917841
-0.46889318246588	0.125323492010825	1.14854823330448	0.60313637623561
-0.199142340839154	0.0567214674073284	-0.126554877301292	0.0917936094519433
-0.410804654994278	0.114693562167894	-0.822506935764312	0.614095446640855
0.186736340034585	-0.557138727149199	-0.758894348404436	-0.0728089528651633
0.367763556966171	0.0727895695363365	0.19025471459588	0.660769632451212
-0.608241269627886	-0.327702290358272	-0.174613416871868	-0.575962741980257
-0.0604780929702314	0.253304462377286	-0.475717448124772	-0.482108254146186
-0.342815907118259	-1.01095960557396	0.0420549454738275	0.396139627605534
-0.0239230700175026	0.110939972347076	0.463572218745449	0.325244868397497
-0.315388481851112	-0.420928402820312	-0.0954808387497243	-0.111873234510107
0.295919074852737	-0.354683204898406	-0.387472142992186	0.0865101476720447
0.116329574450873	-0.702442527927968	-0.398433238057179	0.28936706027303
-0.210038722315113	0.566597837862441	0.241721376911883	-0.124765160556609
0.114228896753056	0.509759241734281	0.0363713868247828	0.452896500331412
0.423396230931496	1.22136927698508	0.811863054597397	-1.25572513624242
-0.612058134299205	-4.26372263262695	-3.54821883856158	-1.34551116307585
0.0242827017819584	2.92370533712643	1.99770621654864	-0.203711294983961
0.00201402877814181	0.360541025298479	0.275765695118489	0.405894098618384
0.241974276849088	0.657277441608118	0.952553678518877	0.0472685259431314
0.547878079560193	-0.281374972501956	-0.19538288707031	0.131183427614613
-0.15668809982573	0.464600103934877	0.467438566836263	1.40782787354721
-0.159538389992269	0.599776459969485	0.771551402498919	0.651849669523724
0.0501822955712308	0.10711353709856	0.846868833051615	-0.540802428489226
0.543391841271648	0.221226161495552	0.192174065857234	0.644525484342556
-0.157236675373772	0.439635812433892	0.5966021158709	-0.265128337190703
0.427766359402489	0.286133641095358	-0.338180983086713	-0.238013147275181
-0.459260680026485	-0.893527506592639	0.224734471039846	-0.136278279514467
-0.228853046660204	0.380503452437548	-0.415471904753532	0.119716173701479
-0.293604473583198	0.361453485705213	-0.207635258090781	0.251535249125645
0.478868458343684	-0.137255097275555	-0.731983726309384	-0.56410680564488
0.068685076481241	0.0667778065376774	0.939022210324829	0.0302656391464088
0.0424497104592852	0.072389598812022	-0.0223718457210391	-0.168772207593071
0.295353224491464	0.0289740353943413	0.126191879977228	0.0852361884740371
0.00761334400659762	0.0429436760584255	-0.622315375167025	0.204421539730218
-0.293657342174371	-0.425393082257212	0.0820133833084976	-0.374955151492105
-0.533812271069653	-0.352435572893006	-0.204318230286454	-0.675749689796281
-0.6839721057416	-0.503284869975315	-0.302294714499489	0.29185545309169
-0.0226552058215922	0.634135310302567	-0.834617198256063	0.271430117506
-0.0523159824454004	-0.115219419580023	0.317583645538785	0.0452713401919352
-0.145069769195508	-0.125256883234921	0.104265214804446	0.6420522703281
0.0242194883700737	0.565253556079682	-1.09062547671838	-0.460578577113473
0.194468685457635	0.556701163657868	0.614031336687002	0.529359505377228
-0.385656330689603	0.0148543085487484	0.271439169271242	-0.223149025544805
0.199649702518746	-0.207332759678291	0.337671445662599	0.124235199305713
0.528729483034382	-0.547521535785952	0.554627750929823	-0.611758499251696
-0.0119243097526037	0.461977356729057	-0.560281099438692	0.239551651863117
0.473670669878575	-0.502669623019676	-0.277138621580022	-0.578524973590123
0.078127031104647	0.492204526417618	0.187024026839224	-0.220566978090553
-0.511254027843306	-0.0189518720393211	0.152986560556384	0.363708780860277
0.203522065506305	-0.328668623519276	-0.64485762158137	0.418449472480404
0.00529046772506961	-0.0834319327707405	-0.0968755376702372	0.263699377577605
-0.149259932998332	-0.333297219082133	-0.0643754857894487	-0.867715352877545
0.0694439409168189	0.102395262676596	-0.449985920662954	-0.674795181155947
0.410502599877242	-0.551532588904576	-0.516331241579371	-0.279698096481121
-0.33034939260007	0.414241764688085	0.286587208642566	0.798617828642525
-0.222733270084227	-0.391316699716136	0.563035061087829	-0.421098125018301
0.304522543921086	0.290191004258936	0.244468586670092	-0.135987930238522
0.520999091070603	-0.322664858804394	-0.0870370715303302	0.404472877406797
0.272826470792456	-0.0469670849516018	0.548020177149813	0.37936106047657
-0.6036445517443	-0.4357163146786	-0.283780061681352	-0.553159993239079
-0.540012899208136	-0.119645258987425	0.241735357960355	0.383786424575798
-0.327235099495713	-0.327861472243118	-1.00300452803086	-0.12472557200314
-0.105926479415131	-0.10511562195741	0.737691170066262	0.725558950532826
-0.607273442122835	-0.0920916660181932	0.59177910164916	-0.542264357034524
-0.119145031404017	0.2859170564132	-0.566165627275049	-0.642733451918405
0.18966480361369	-0.408148071910121	-0.40709962089806	0.020333153069521
0.324294087049265	-0.00323468672595845	0.095413868402883	0.50096243082104
0.33825084832464	-0.29622160432367	-0.301631148076216	0.422206251488727
0.0370551628061685	-0.129266318972355	0.281407057020583	0.045547528638291
0.403530985655522	0.826011113121487	0.432686723480377	0.0947149340761991
0.864885468849787	0.891410307276482	0.0302242294512653	0.339023975134419
0.450042860876523	0.144232292318151	0.19216779807289	0.654197645475008
0.406853295237721	-0.142165025906889	0.873977049861248	-0.707339947998137
-0.0179930967131915	0.029574860487074	-0.0069785985363956	0.186552239189735
-0.570297978656598	0.0389053648630023	0.0538683071155471	0.133084155427749
0.375222545279994	0.061431821054989	0.0322875652878747	-0.0690807714951038
0.314542421299792	0.104687648352957	0.323389445037056	0.583280476304784
-0.615688201760521	0.127295607581086	-0.949670630498622	-0.691220968971228
-0.566499332414916	0.344657152332195	0.271578365953055	-0.100416069766802
0.0527034148298284	0.24128490863792	-0.14447440956693	0.407993662142484
0.162922832844333	-0.488759597005081	-0.715867684387161	0.114733215863191
0.104788544975969	-0.766965486654554	-0.0916185258158944	0.213344476806688
-0.394099247171353	-0.0486659583619232	0.460368179728021	-0.365333963159817
-0.516629402938262	-0.336104540649034	-0.97326962223335	-0.710424915771452
0.405785004590752	0.328475182081542	0.974510757121066	0.533876301574423
0.341039277985179	0.714903427459318	-0.4653614181899	-0.500252055957295
0.261333204276465	-0.0582961979790878	0.249829371737263	-0.1137515005812
0.151884304181373	-0.470670701393478	-0.431603226431039	0.262786763604145
-0.529627626899877	0.551589829077734	-0.115334512110625	0.0701964600401566
-0.469916580933765	-0.457683377791082	-0.136077530736028	0.363718170253045
0.0587310129360785	0.00192199192016104	-0.299315732525116	-1.07706281723284
0.0549744543696446	-0.670294496785851	0.0104599058054357	-0.150851538449076
-0.331018123740014	0.47873466593926	0.0685967776599457	-0.0527535196340753
-0.596434546154355	0.180125216461946	0.458275324562087	0.766265596611837
-0.0402528066019369	0.592822885977966	-0.0795345638333396	0.204814118127293
-0.0666143192672944	0.452560041585571	-0.404324767635959	-0.926685241525013
0.402281110231549	-0.130259013747694	0.798582328991059	0.729049545789065
-0.390912683889674	0.15802478426385	-0.847263262809468	-0.133572011385219
-0.197626458804558	-0.585173026930906	0.909125004191436	-0.061328914677147
0.161963749319735	-0.25260045364368	-0.669829631882466	0.0700810212428786
0.0676023680503533	-0.32683426653518	0.0419515752446341	-0.0649500843569125
0.383558617270285	-0.121904515443853	0.230684246784264	-0.738726026313798
-0.0963436909118508	0.355836062074731	-0.465517053187245	0.278128297329357
-0.254191343280354	0.427874217071737	1.17468593940296	-0.636969793933099
-0.479978762248131	0.213079682144949	-0.0736736417026396	0.51643623127078
-0.061831572816739	-0.525593585648112	0.11355080018121	-0.46428587380509
0.71662818314763	-0.323781902741277	-0.208328108128918	0.0634091792915737
0.200416133987848	0.929198938369346	0.55226468307593	-0.588999709187627
-0.0443762606748728	-0.0401241710401655	0.391297933539842	0.515072167912288
0.0175806108102474	0.8170862077635	0.376912540224956	0.0854146341082917
-0.268400035078181	-0.224977195452894	-0.442180636470389	-0.0201811345653105
0.237835529152137	-0.439424358003591	-0.784567293934663	-0.0679561416760309
0.475339629732591	0.401895214956485	0.360875337287419	-0.0383037833057414
-0.132174643974931	-0.241240623542173	-0.353740704123343	1.00147334848945
-0.0502373140581497	0.253155590090761	0.483560961235111	-0.0890556594120423
0.114981316432023	-0.251209749424684	0.148786301191045	0.138681768699603
0.0648997043651522	0.0102225930593683	-0.612265165894328	0.424334303804921
-0.0362636253366908	-0.735689890288655	0.729932845138985	0.690423230812006
0.679562601355137	-0.345391915650354	-0.404662887597997	-0.448521621941963
-0.0138082927701206	-0.176074795714737	0.0399466098798024	0.0819304194261469
-0.0991618420063958	0.273099907575051	0.44551814059469	0.378284036916778
0.27810555270558	-0.337662197551562	-0.279100765068383	0.0439900845451909
0.346004728726514	0.235018943678759	0.309393047247724	0.0499514144927852
0.155247020591765	-0.112458366052887	0.369258738985965	0.141611563822552
0.311094061075421	-1.20763407541242	-0.636990163653501	-0.647359890503251
0.228846045711634	1.90159587149678	0.603086239589018	0.384810876660635
0.628597234191682	1.02609721968217	-0.0361388614405861	0.561234855268858
-1.1598207206795	-0.71917171804874	-1.37922937771796	-1.19665586635645
-0.260820945945683	0.364807338915321	-0.1826089728455	-0.0350123601952
-0.432891927627263	-0.64114261147566	-0.200576796669456	-0.247281482770016
-0.699507351909851	-1.23163562656695	-1.28014134406211	-0.596281234753152
-0.759389440709224	-0.91310890028675	-0.0466512141046295	-0.358151765828916
-0.502249725729764	-0.669178505985117	-0.00414303623551666	-0.32163480998868
0.05785901162507	-0.0979573939578763	-0.337889458356279	0.157010449886589
-0.0845448095138786	-0.220558657849924	0.451374498271786	0.339189534684177
0.0384669073043171	0.758857391096389	-0.290650816814976	0.0961859225596084
0.228968082305748	0.299616296370275	0.386979788335282	-0.354705162110214
0.529314652329903	0.4729737548016	-0.485069373684582	-0.0776992876001468
0.511582896733286	-0.300493121390995	0.245006980417693	0.213438437446671
0.460859115177115	0.92864110500503	0.300911787619681	0.00804974326882542
0.28483473517747	0.0649067045366294	0.561081684016217	0.419475765299397
0.11727141246001	0.350725045942608	-0.114452604483559	-0.575503273104948
0.543804585653041	0.157285555739004	0.346803833718108	1.09763330587201
-0.35397380320475	0.192406464729314	0.338102100807379	0.0921241051833599
-0.650564944454732	-0.39650463350541	-0.26390494351297	0.0753743892917699
-0.327682813360823	-0.110135479582891	0.758621435257236	-0.299533431998987
-0.225543777476229	-0.123075920304519	0.130540082941381	0.338677502493988
0.271260875838079	0.132133042824503	0.339077790346779	0.186560444784129
-0.647362874268564	0.00974171626425035	-0.453891663852235	-0.0581981914993768
-0.0847733895950725	0.153248885927471	0.179221911124906	0.0662405177322932
-0.39636400345229	-0.154471297299491	-0.112428574127156	0.372789664162943
0.101826450497107	0.0320995446324584	0.105573256400312	-0.00952200180825519
0.325806329327065	0.0696991800935654	-0.147142795895361	-0.499368973336338
0.507382358320248	0.488849489405878	-0.122491539532438	0.00175596709484826
-0.2433438337717	0.466597500560471	0.865014891461442	-0.467008035113864
0.755928032889928	-0.541460913041026	0.0932719819440818	-0.209280883733228
0.17168084865363	0.725636338579975	-0.00785784809833848	0.340809086073191
-0.183620375995448	-0.209821414726117	-0.032034509337943	-0.523299982230242
-0.520511049774277	-0.242655798993222	-0.355347159093528	0.241693125175868
-0.283388726674529	-0.571099216440616	-0.451554516862056	-0.598341677976393
-0.151026164607196	0.426824540232476	0.514444415058824	-0.555350268917243
0.0814274223660614	0.0234005751026911	-1.45738900592493	0.661406495980584
0.360739248579482	0.445973410212951	0.826538406389146	0.192443805102181
-0.201465282522844	-0.0694262866787358	0.667652131867427	0.00540984611417563
0.144843613521868	0.413746083250266	-0.957142678807038	0.617899973205275
0.517563032677631	-0.747385780688653	-0.477414445669254	-0.541913739281362
0.0390684025798542	0.571872465429585	0.356974040705558	0.917445141871982
-0.256068213806941	-0.269619536700327	0.577461074619104	-0.0788439078750859
-0.311837196024938	-0.324496687082899	-0.474331723257926	-0.125119086403389
-0.0766977299536362	0.046460117763467	-0.308568194324468	-0.266534390218681
0.336562707866518	-0.413158926089977	1.22528288368853	-0.87653059571695
-0.0284567756895083	0.367546350996612	0.406712695970859	0.275479866953306
-0.313345782509135	-0.834141034885233	-1.00156884595136	-0.34807551300037
0.402931112244955	0.189009583882998	-0.0513081791278985	0.277844124393639
0.104112142365677	0.0827119682668398	0.36783994523643	0.0890593857945533
0.221552652454349	0.670486535676876	-0.101614913637341	0.0318892197228939
0.128045517588579	-0.165114718502403	0.428110997793459	-0.0198435930004896
0.0815128986981385	0.427908824276034	0.181680532018361	-0.729569784667362
-0.262938005714507	-0.792227773614409	-0.595012209350593	0.251126715641254
-0.254770500354018	-0.43351246225862	0.378731639555168	0.76755223987713
0.176841804422728	-0.272833877092783	-0.798117874886351	-0.633452376885559
-0.628586344608016	0.268283298121111	-0.30682939031858	0.135274922308745
0.297883999507075	0.345695070868463	0.314433405828867	0.585735624043813
0.107207772374051	-0.130283187500418	-0.405742897672643	0.462688443940583
-0.507464058554501	-0.220257390299195	0.611005503021549	0.0729275408204487
-0.75422609360436	0.0219872888132467	0.434080360264917	0.959188384558682
-0.191269557504737	-0.0712817137573152	0.0984063010712127	0.191972730677494
0.105787325388949	-0.115137733974186	-0.230486725918637	0.537026018593797
-0.133107495742623	0.264867341326787	0.0547800626890069	-0.574363551623246
0.542365237087184	0.31178476193377	1.30266183538828	-0.559559149920683
0.927738512196205	-0.726122195249337	-0.860744217749813	-0.067212119862786
-0.141672805478077	-0.600664814117198	0.227549086927409	-0.606648356554422
0.128265678032692	-0.103624795716703	-0.509853028885199	-0.60491492162267
-0.193429836657254	-0.399538254833712	0.313534168705302	0.883152072328552
0.206502915710964	0.618405049532021	-0.00719653184380729	-0.273224790102081
0.245166494980567	0.556810312357859	-0.333619185603777	0.219155951073364
0.11899042285859	-0.881115774640579	-1.01484666207612	-0.714684670006045
0.599929536956784	-0.431330142470007	0.360024802019182	-0.200207394624624
0.0365124608651875	0.384469826417216	0.0374611946400391	-0.669651002437149
-0.0567004553239598	0.411664550086394	-0.0517289101732187	0.644288916161226
0.49642100815182	0.480874564512907	0.405675287948263	0.4319461024272
-0.27499266489363	0.545160931278925	-0.204822634615504	0.470449965891003
-0.284692293050618	0.195445133179259	-0.0999985928603793	0.202342831332969
-0.978106078354536	0.349114438620799	0.120212882942637	-0.00295122892979528
-0.229641919899555	-0.627205757122781	0.888098519711567	0.32371961506004
-0.121431439626217	1.17712223313202	-0.169733487858981	-0.733238356550238
-0.0781634166892429	-0.446743820416165	-0.362828972713211	1.10834349700591
0.146704545667416	0.344895726668791	-0.0667886907934372	-0.600981752354716
-0.232224191640445	0.181838069962319	-0.949878853723548	0.202773222837638
-0.078465509362632	-0.665247713769508	-0.119678800023163	-0.574450543511305
0.288817025358338	-0.258197183987607	-0.842010195353075	-1.27892565711606
-0.121795528224543	-0.1416451185795	0.741817233320635	0.381404510390479
0.406675838971977	0.106104764937138	-0.779617113075595	-0.181085702179737
0.172716184011935	-0.114264107438714	-0.063623395146875	0.407221042050944
-0.393673439768638	0.00208749813190858	0.635786869495461	0.0268910231473093
-0.600320972473245	0.570847583185876	-0.316530275497066	0.201031291534695
0.496782040344544	0.525316181433274	-0.396230118193399	-0.273835567893421
0.0330293321083577	-0.787484789729463	-0.490802067263008	-0.00297650635827899
0.00588663837540832	0.109697662474387	0.498637719119866	0.0799799042539008
-0.148512886910048	0.524114915287038	0.00777519428770527	0.184738666572634
-0.129117048802134	-0.31577832066887	0.209200474911152	-0.898400898075174
0.276074359825391	-0.456333757610398	-0.847131769310173	0.298334506377034
-0.479841912802103	-0.350523592935129	1.21318420010805	0.399139238024676
-0.0956735064331554	0.291397917234617	0.79434050882883	-0.596572495060478
0.407211557897921	-0.527081243951807	0.399832342352564	0.293387900618263
0.490437033495175	0.205994477037972	-0.385992976229504	0.125186676989327
0.144115768474327	-0.280419172120575	1.40242432508414	0.403986301360363
0.0812537183025539	-0.165271937560318	-0.946419887189658	-0.0655682291867359
0.164798032092365	-0.16103631312044	0.629503002753142	0.456042403931539
-0.274927356095011	-0.00536206042954934	-0.319150681811069	-0.313156895283204
0.382540384647344	0.917112323419532	1.14112393100245	-0.445353690090516
-0.410328211869968	-0.363883812749504	-0.647283335207497	-0.206868737230158
0.107255148610215	-0.087282999413348	-0.2576696238457	-1.12357483551081
-0.104703838980857	-0.00582334211086678	0.651866127855625	0.600350438093769
0.4641613126897	0.513622381021669	0.236454504738406	-0.186020681573313
0.0840361888950872	-0.378947917483358	-0.591552118051858	-0.976523206461882
-0.127180589210268	0.789960690552812	0.210514910287012	0.409335608044035
-0.371082851062529	-0.198050796714551	-0.269067486027116	-0.233496858638932
-0.343904849426094	0.577830171187129	0.260021588066259	0.684394512240435
-0.184109628362143	-0.600767920098774	0.0793553581341061	-0.558414781263351
0.101733150808187	0.48629011400791	0.174088159544691	0.988427167822822
0.90995488147474	0.378421627747615	-0.603223129729536	-0.118073266433077
0.16708158525823	-0.12093571638372	0.0715503848041018	0.172315395116765
-0.452307871898047	0.45964387766337	-0.615438809424755	0.711418270623909
-0.00669557990888059	-0.27072808902293	0.309841368202874	1.33239911134576
-0.366305543448302	-0.701901474380707	-0.597410339157885	-0.0253721717418619
-0.104975185403583	0.382184219958703	-0.595160984778197	-0.691768115465236
-0.168333117975738	-1.21773955273113	0.641993427992497	0.129961372885699
-0.62524864629524	0.276671867657452	-0.463247207138665	-0.160827489270487
-0.0151149859601826	-0.0589508028263043	-0.337041447254448	0.665651648198399
0.695270318260118	-0.789135744007265	-1.23561091563165	-0.624225752684495
0.252571092610408	-0.569666787657657	-0.00972595039132504	-0.281869617340688
0.0308371329540302	0.2416237302868	0.815643511177986	-0.13579872697309
0.118815559151574	0.469393013130393	0.162928348546443	-0.0433508683871285
0.0991953961628697	-0.468710715345891	-0.172796563482159	0.756826496204601
0.0642230133654357	0.251955626367275	0.701847778225214	0.101839383269827
-0.403037846771533	-0.7968697856086	-0.7771055565572	0.40611616344215
0.144887808259754	0.0718272159986886	1.00697755825402	-0.336114342216837
-0.235965150112244	0.62441483169314	-0.803049111397591	0.466649639291076
-0.032607105997161	-0.0971462453884	0.160927666021784	-0.347691014173295
-0.294303596127705	-0.234291948111669	0.342176593488421	0.795784713072085
0.422081364949209	0.436652926395147	-0.196724779981125	0.243657551600413
0.223781532478112	0.106731398808026	0.250983919096754	-0.707310256318814
0.288742715147464	-0.00175042370522599	-0.339675589238494	-0.296054753719722
0.147449442416032	0.427386288506448	0.807775999239061	-0.155978204986453
-0.753883754559142	0.893627384136686	-0.710239974629861	-0.194853079299303
-0.0172051400627602	0.621769805124518	0.568577255191193	0.0012003152834522
0.238270515531439	-0.412967299824721	-0.216434667789202	-0.549110762117217
-0.457350086862724	-0.672020991549996	-0.752568416740964	0.28683110067185
0.553490700407471	0.188567493714488	0.632371509849374	0.502656089578976
0.169616957251285	-0.429012880362041	-0.538081615252581	-1.12943020855249
-0.581153351831072	0.140551937652957	0.396101104284792	-0.0243262829451885
0.592845480895392	-0.259438300501829	0.0451751744327569	-0.276061261967174
0.160324562686214	0.443299053080696	0.725490242243716	-0.226245950057944
-0.902796071481393	0.0479706869631499	-0.0412022981709904	-0.266985144949187
-0.328259752717268	0.225493042429451	0.244114893989905	-0.409103533212466
-0.0785548994653453	0.162334985824517	-0.482695933025618	0.347609844107682
0.0418689720556987	-0.306079718661227	0.699411083115997	0.118371750580729
-0.161968950980348	-0.451939643334401	0.196377057811665	-0.777560824086405
0.178059930104259	0.435896403788098	0.247455230554517	-0.140061325806647
0.39975643870326	0.252160151497594	-0.925895468156166	0.217317165581155
0.136039018753293	-1.14820126687857	0.894932097707586	-0.0539842750356125
-0.28504635708889	-0.287201343197456	0.142622287954901	0.420617337191093
0.190960493130469	1.07117428900614	-0.722322395424016	0.174154094982244
0.134146447834932	-0.242889205081062	-0.224865000045427	0.171413930334552
0.797561016581174	-0.491903088588884	-0.127782502754516	-0.0975334623032118
-0.105737878112251	0.23884633701121	-0.395486599729931	0.100091728934251
-0.635677905886505	0.337684606949289	0.186440892073373	0.462899920500502
0.00456545571997759	0.811096775210686	0.367086770571371	-0.400265994898007
0.638929477453386	0.499541151161134	0.170471736459613	0.606028421563996
-0.300982558423281	-0.189732687178844	-0.198465152108061	0.340869086317543
-0.672622845910623	-0.0468762328321841	-0.0365756457405525	-0.325739999250403
0.13786547048884	-0.549264300249912	-0.384934473703716	-0.250686883748468
0.261215411201221	-0.0404632771218555	0.262717793988118	0.0486952723866867
0.221414579582677	-0.362545749822911	0.428372765604087	-0.165372970768269
-0.964514081459969	0.117381441584746	-0.0533509800981399	0.723853427478284
0.322333669299797	0.159670985285955	-0.249564927984507	-0.507964744009191
0.713789860483552	-0.780479367295526	0.0249661013137215	-0.223685995624086
-0.151626227180164	0.312462701801256	-0.642079928790739	-0.611045214780674
-0.12363216786079	-0.112152460500942	0.32157606113279	0.237266922586236
0.468039132550575	0.644026677017717	0.20062497186517	0.129575963257424
-0.0867083760460802	-0.386404900348684	-0.219124946931427	0.794643315630079
-0.0816671873892892	0.543197618561307	-0.226671651092983	0.42802755276651
-0.222271990667201	-0.100146995343793	0.209002480987123	0.172221188398075
0.050670530266996	-0.060871006004392	0.397079957038416	0.721095207413401
0.0546505098368709	0.306928136180944	0.212366967910044	-0.355603898341372
-0.20054430950683	-0.261090756678223	-0.889408378910178	-0.0767252305789841
0.288406599882362	-0.386967778183755	0.162811315779662	-0.0322245582665042
0.248368993852939	-0.509764695210387	0.584378049526529	0.0586966282978116
0.304787273821358	-0.190001477018617	-0.056443696586666	0.192133264904906
-0.0309144460345807	-0.529337105579588	-0.731180304931963	-0.475424716712081
0.377184203696834	-0.0221960647286587	-0.24292901210153	0.00198242870351092
-0.64797867625736	-0.0870928983983873	-0.0450059715587841	0.0316368139379054
0.164513711530549	-0.401387415350913	0.24635928352934	0.0666073243236047
0.566115655982698	0.0728089686818561	0.410969908012248	-0.0899693215204623
-0.563625386812928	0.737241827418161	-0.464308845526214	-0.354932768220177
-0.453755526941882	-0.601414225181467	0.152858929826489	0.157080764101612
-0.631337716629534	0.281155841842229	-0.208213152784753	-1.08643090498132
-0.251007417695322	0.0309813572452578	-0.186903264201746	-0.534684011336409
0.0827401706176456	0.0690428044953723	0.336731884737851	0.0978855339788366
-0.559661094793103	0.897690361745407	0.300147915186216	0.0992574372757992
0.0249048370230592	-0.405412264620371	-0.379575661015086	0.968853276404267
0.266470781805394	-0.18259061911106	0.404207142469028	0.146167828984252
-0.0498289762600671	0.548768345162255	0.55091399653763	-0.81456461960177
0.060406882801082	0.0458972156387318	-0.529701352430902	0.462756119568758
0.160514073845868	-0.311222261070455	0.00632767343798044	0.0762983506605086
-0.0499080164436746	0.0798958518088882	0.165782552621799	0.0367087435402645
-0.104271398610141	0.375190274827147	-0.481578721253399	0.173100284342255
0.420059565960089	0.278770768105861	0.703136175943822	-0.0329196686738463
0.415511604121487	0.211646138751084	0.125283227977165	0.301639418290284
-0.422797900445651	-0.117524222359585	-0.680189743947409	-0.263704111608054
0.36960545354629	0.521083619044365	0.333994670327517	-0.247283270140492
-0.180401069094923	0.0417731991936878	0.166239974074047	0.0444714338886193
0.298635598742465	-0.875826599914001	-0.542537161236106	0.910966661746197
-0.774572700924565	0.0394597407029026	-0.0548464062179287	-0.548749155649601
0.0937005283117909	0.670470725574767	-0.542483582252059	0.531948390846111
0.711481864475312	1.1000003644812	-0.0876595067517623	-0.587602220755324
-0.196085990326127	-0.22327294498107	0.330935744422278	0.343907826598664
-0.0338001414830666	-0.483031665957524	-0.570093444933715	-0.301007398436906
0.0203027021086096	-0.0808538948141341	0.632648332157758	0.0371140790889067
-0.270223845151245	-1.23680378485484	-0.367388848513633	-0.815972961470975
0.380182728701269	-0.875127228988636	1.32092921044479	0.775351348748959
-0.0700331755118581	-0.438388057981891	-0.327915626309594	-0.206625520233467
-0.575383119493192	0.408941268812394	0.563261018908583	-0.019093975708103
0.257141416514374	1.07175977008746	0.450041729861849	-0.127487147851774
-0.0480450030570425	-0.612036656788771	-0.429299591671677	-0.0790686043281494
0.00616376801080302	-0.238650602031374	-0.630623808402826	-0.242536380552935
0.14656792447052	0.385182891526127	1.41478553341941	-0.558930991074132
0.290796592163611	0.11402031036908	-0.304724379869595	-0.172419315627818
0.101587530337003	-0.208382279654641	-0.196758469318841	0.244849478337332
0.33689259758463	0.510057806680866	-0.4434546113027	0.382213785269995
0.231239541574956	0.111899249020985	0.440704850913904	0.605644387406898
-0.0481955273498781	-0.471754077681683	-0.581280401180719	-0.623027401825536
0.238738023448229	-0.244473431397792	0.0126101022577803	0.297803823953903
0.206021358303215	0.443156610054481	-0.416066868410585	-0.277389488051046
-0.169554209918012	-0.402787778135918	-0.411885717401111	-0.429083100085471
-0.234056780896453	0.848915645837323	0.729755750964147	-0.547436478537135
-0.146294756474525	-0.33504509000003	-0.342917205012349	0.418633762779534
0.0821366413851475	-0.0674196749867155	-0.293549908970956	0.33115310722131
-0.0319900440241874	0.366044399987976	-0.674751174571	-0.638839242155228
-0.363565607456702	-0.141519813990626	0.921570872436733	1.19599216700816
-0.114723350625225	0.0342680670355566	0.285632393880125	0.0997758542956011
-0.770939959717285	0.147107713056844	0.307123357840402	-0.103246927402966
0.484070877642861	0.0794762624313209	-0.233558198320986	0.211964476088703
0.239728521346736	-0.0192085213066609	0.0919036711182328	-0.119895237438755
-0.140658968674232	0.282172912304075	-0.130159361104056	-0.960131934262396
0.163429758323743	0.152010945368953	0.516079515463476	0.166759102700569
0.176965282779607	-0.334301227799268	-0.987410062052904	0.298469959423259
0.0164062057457641	-0.559521192680987	0.467616730681441	-0.0715608505833826
-0.786722277869798	0.155897166414566	-0.382201586863172	-0.226921431503215
-0.283324822870287	-0.0652058690286517	-0.106120409813211	0.353073759574634
0.357846108761629	0.0780792221805229	0.167381639397767	1.02730106997318
0.340746086556948	0.326154581991329	0.140310155187951	-0.413639975528944
0.393510210320425	0.46832378987171	-0.424318191664616	0.341709526532301
0.445886851977168	-0.377066555611158	0.295350086529007	0.800864618923773
-0.176115549220378	-0.428713251426524	0.432536337023704	-0.165235677043792
-0.621398076154511	-0.312973905686476	0.584066111482804	0.172131147721652
-0.671879140455285	-0.577933255797013	-0.531725720302889	-0.14335191983671
-0.0409354371470416	0.179763485234467	-0.448258559335713	-0.449597023789441
0.606794724892458	-0.273610618496728	-0.537950999653083	0.628165248544211
-0.150885499079994	0.0663413127688098	0.391102597746981	-0.0176810319189055
0.441585796521183	0.419003264168733	-0.109037195720241	-0.0560900210890993
0.230484032718734	0.0923814942810538	-0.25520031486909	-1.10282497808718
-0.103484820214536	-0.349826381432762	-0.0339342455719655	0.158266770924944
-0.0518458807019492	0.160070467411344	-0.283449995280947	-0.0683441392961652
-0.612771892723214	-0.206237343727253	0.285501913228824	0.443339586263838
-0.288911509858355	0.335552184716646	0.361072508761859	-0.0148187663523433
-0.28496345181084	-0.330102634843891	-0.267914149140691	-0.0730629899923339
-0.728174385997608	-0.785708322339029	-0.480909761558155	-0.214080215691568
0.285123276932755	0.669073407038664	0.326471857173968	0.192764060606117
0.00510122076301675	-0.0112082073620378	0.65167673726472	-0.2478375285185
-0.669466123765519	0.546926910380401	-0.507473243760913	-0.561932353446534
-0.273140549470144	-0.0703147019245672	0.0221882841344751	0.154888745166103
0.385302805050423	0.0684966551300865	-0.885793517807795	-0.905578622806871
-0.0365167264811961	-0.73935211036327	0.394648871180375	0.803654416466204
0.467606538251959	-0.0251133494251267	0.130102615827106	-1.0139413215177
0.636429568461304	-0.0887490653650841	0.656213940467831	0.942325504575636
0.813404235638477	1.07357103026095	0.211124137050932	0.218571819987426
