IFG	Ins	Put	VS
0.773117085782266	-0.542419658515499	-0.0732734888651145	0.0568495225975816
-0.326990913531905	-1.06860382692892	-0.253088252320481	0.525165391431256
0.296859229834277	0.293903328967739	0.712835993981786	-0.5286322943688
-0.0925515445190506	0.850999421336491	-0.835803821052115	0.371200416069281
0.157779000750108	0.174468691634396	0.503804984308133	-0.214601588681532
0.348242045736014	-0.376578949949598	0.790999560257096	-0.162942973164278
-0.457070500627276	-0.485244008415023	0.00185436473559608	-0.321169996962737
-0.00244825460852797	0.955885976685755	-1.12491345814605	0.353806406663877
-0.396963985697887	-0.0929739307440154	0.374562530422225	0.652318832481909
0.4293446662828	-0.0274488860170344	-0.473747713396167	-0.856711787911994
-0.489199053607699	0.332889591999565	0.342275823759851	0.0595016892439722
0.298798366409697	-0.500428351453799	0.494983548620897	0.047629498067246
-0.319009840605262	0.852795333546115	-0.207064886122442	0.715670246192938
-0.172050612140586	-0.242600724480119	0.634587865590393	-0.907447673588398
-0.345328688957407	0.221635471098494	-0.733037898655944	0.629552350304747
-0.170997179889481	0.687165564178647	0.828124531064093	-0.345036252726891
0.182378207544695	-0.309053579016345	0.109461170246621	0.235032665727552
0.562169704833249	0.297305790713636	0.375302436775037	1.36773595357393
0.156990898569347	-0.586719044458661	0.352165015473597	-0.856116322991163
0.55656033355829	0.218600719540486	0.0863316792950432	0.519544184135109
0.0802298057187835	0.425908195273946	-0.935676675703409	0.0790473879173738
0.0301960067332971	-1.25214575783532	-0.541009587151242	-0.825205678563083
-0.405109705244648	0.516979601895821	0.87094587950042	0.920552053468369
-0.0836533603319628	-0.317635249857197	-0.57837584792036	-0.381484105069958
-0.0938520402706574	0.649799253574574	1.42851231473412	0.0851182255548228
-0.099633701758784	0.544699064154187	-1.02380472529076	0.19790516168065
0.2390031828418	-0.606731794144395	0.231387664320914	-0.683733286856533
-0.777997980690086	-0.194584521186381	0.390535207318165	-0.723502401394679
0.77594481896556	-0.340294224093837	-0.567361241082774	0.513515611239452
-0.435430354122225	0.533280488923542	0.392842582619348	-0.473242457465344
-0.043049809702643	-0.721845024436481	-0.906289838168367	-0.446605367903175
-0.913402117508737	-0.35080880501983	-0.69360279826586	-0.54122153547868
-0.448104695880787	-0.75887265577421	-0.15837962552862	-0.467645916102611
0.218394792049376	0.845650325068419	0.0123619621475121	0.0194566199823201
0.552939166320493	0.00959019228941254	-0.863194085543599	-0.296880399532196
-0.299737773360598	0.411466234715196	0.476733402753482	0.450061535526489
0.437519344454319	-0.412415206053309	-0.118744498035579	-0.394041351545356
0.321908263920161	0.604673384695604	0.103463406188142	0.616737453122108
-0.172904577825424	-0.0432331017797172	-0.782599456207034	-0.964336243656878
-0.111748386089085	-0.254871253141291	0.877911769099162	0.220207485606767
0.165679369029264	-0.329715988357657	0.35684187114802	0.303330881031928
-0.798533993822367	-0.147576992147054	-0.866979931171168	1.29764717624581
-0.120442733045035	-0.173756642802174	0.0813842095563753	0.019117620836953
0.0901547206650965	-0.0489677989299269	-0.195012166878408	0.600510925226779
0.0231316865481761	-0.288096517997693	-0.557695067736757	-0.810754848006368
-0.0226762409209932	0.0784743235775118	0.696543713515395	0.0758847563551043
0.21956836002267	0.235131007595069	-1.23059520382757	0.424619954303499
0.212294218671951	-0.130176677458476	-0.862980597232575	-0.185548035690349
-0.55502168801226	-0.757638246709528	-0.379725220802631	-0.398698419803682
-0.339581238137733	1.10754309249751	0.752265050446758	0.234111943759865
0.463289679524664	0.273735110269672	0.338877209292224	-0.613877790014247
-0.178844836652415	0.245984822357367	0.60975780828566	0.0348551456465221
-0.136306239728271	-0.383412653993825	-0.785228224937039	-1.26949870548623
-0.496062454224273	0.203461458145952	1.00713398725175	1.10226923170708
0.872021211061631	0.164846598883313	0.171083158935614	-0.00656074688564421
1.04366711047419	0.104850115328648	0.074890757921363	0.979047360150596
0.0118926961144727	0.409684507631303	0.13947782172782	0.667350922227818
0.306683672349363	0.543593157654353	1.27773790122931	0.371517788692398
0.531062008764862	-0.309063603449925	0.130355195146592	0.0653895557864961
0.725671929182109	0.250814455687541	-0.12504671722821	0.535655673140361
-0.097023556525312	0.21257357903799	0.577274127618687	-0.0275890128147834
-0.281672891163291	-1.42947959664865	0.268037182194999	-0.865354446709744
0.0190485708535453	0.484359308860161	0.458093123228537	1.64324770919137
-0.000527982321589941	-0.965916596512499	-0.126077940393006	-1.32440946810112
0.237074608580446	1.08943323010204	0.143494626575765	-0.100411215701198
-0.285971554005922	-0.354291278755352	-0.875393386832839	0.119149654532904
-0.996084607833157	0.838174309644167	1.22942610207464	-0.303716904053796
0.381356200802637	0.589163902948759	-0.436769938376775	0.157892404855131
-0.871709305318428	0.262381807532117	0.0382698692047584	0.328224105635431
0.282108427619137	-0.494068422884511	-0.131982528289695	-0.858407301512832
-0.612817720356265	-0.672298154049441	0.0115857102957292	-0.874435575245741
-0.00251600863150476	-0.781892695258548	0.00488238449174619	-0.552250134803506
-0.271705048627969	0.106548762941659	0.468674945289212	-1.23548117771846
0.334572837371275	-0.128152978970972	-0.439680041249302	0.170417072116691
-0.017508377342109	-0.322440398724321	-0.203478465972019	0.117236516453461
0.304264775434795	-0.146086876297899	0.186652315517813	0.692286197146275
0.320149054643838	-0.153056360509117	0.0518538797593674	-0.0183953649452874
-0.0880982005031367	0.175288142321429	0.641014556679071	1.42905405146058
0.147604513639127	0.447054379498486	0.620384180983225	0.455564883245894
0.565490135125932	-0.22843722686853	0.358972574711413	0.373310448681409
0.179373841082487	0.279277551898503	-1.21874814933417	0.155885589476794
0.58553387586608	-0.154426168602345	-0.467212239210665	0.481371519021765
-0.762899248348696	-0.15006535169621	-0.0169432656696152	-0.587982733404076
-0.0691149674885438	0.91096449697803	-0.195734379264155	-0.683294422882781
0.0323351922636533	0.236108354890027	0.024280935330892	-0.8884970366788
0.371515061043596	0.401511518408417	-0.452967599315885	0.028856013192848
-0.316543420880583	-0.573568233726635	-0.253581894531199	0.436280881015422
0.175194311117915	-0.0316192137499462	0.0703299471074356	-0.535213920817918
-0.441712920573911	0.192613056538906	-0.694149268001904	-0.0666352039515027
0.0471197097324164	-0.685363217141904	-0.8547077432263	-1.00855526484462
-0.329788949848866	0.252794302506073	0.035584292103372	1.30206797786688
-1.20966579370553	0.936053325100444	-0.825128585842333	0.186354635172107
-0.801295645219801	-1.17000250261859	-0.809845351219156	0.176567672621697
-0.716090896336846	-1.35023312471322	0.466699376786671	-0.574253526697308
0.250457999339887	0.159470333639941	-0.450222248944104	-0.0805081009785512
-0.495300353757092	0.61286200494102	0.356820203245578	-0.386541022676433
-0.329471128931646	0.313746492049296	0.00190105471438569	-0.31077928416157
0.86201594928904	-0.678066726324505	0.399666525862321	0.306879082922379
-0.0515617688601109	-0.553282041980639	1.11790284046758	1.33219675723276
-0.236712169291662	1.39801821266631	0.473710030230149	0.172119296868235
0.443860726130961	0.268411569570549	0.0145191779638134	0.360585524848746
0.189698611152217	0.1135023761177	1.14956275535007	-0.0353386827678082
0.304565616691433	-0.621631404941713	-1.22866977580805	-0.558894707666429
0.467864436552243	0.323954866847384	0.34589055890111	0.677599223295479
0.277727317347624	0.063904101106245	-0.137123144820054	0.973853721101671
-0.0453396357414591	0.508932841013951	0.0780764690586855	-1.46955403439269
1.01689734136346	-0.289928801016039	-0.584672244442426	-0.323343649847758
-0.138251306743294	-0.306622807625725	-0.196941285686111	-1.3533122241544
0.44685056991271	0.0462203542592012	0.294759984710224	0.298679098197596
0.379579600320743	0.16642573761702	-0.627601041866598	0.694599889043906
0.472105283541	-0.125203563833104	0.392342766516854	-0.0383565937378424
-0.00123596263114795	0.197663138841722	-0.189862407501604	0.902754568160435
0.0326929776037205	-0.289051829924944	1.16857044008542	0.645106561417164
0.593479658107788	0.212918231259157	-1.16879388168758	-0.712646674082493
0.20605399802561	0.000572657088472239	0.266418139786582	0.878163819699846
0.105321898675354	0.144974417842149	0.662055521445771	-0.0622673289262605
-0.0100828758980624	-0.578593061288036	0.211062382810402	-0.536415843858301
-0.439918171201306	1.17296359322645	-0.726490564493869	-1.30044571533089
-0.292786818262169	-0.546071128414232	-0.835406302520444	0.482064842716847
-0.638053179719072	-0.316740081454266	-0.0576672363872681	0.0898616687275722
0.0525075513022131	0.0339976091945094	0.896749565622431	-1.59080776169538
-0.846966277214614	-0.124872230042447	0.221410613631628	0.37622504524934
0.188871554266459	0.264334650140905	0.876369178508971	0.557472765907405
0.261739372590309	-0.0259289732674125	-1.13139305100111	0.371604030631519
-0.299383414304658	-0.282708572489739	1.01390006759629	-0.360578864908827
-0.0195582607545334	0.245292366501837	-0.0447403270847946	-0.14728394398063
-0.265027656823757	-0.0763045180106762	0.284510747969188	-0.227945231272449
0.235105669288442	-0.74832948840085	0.499948718896217	-0.871950354714197
-0.639536405330477	-0.294664198977079	0.626806869619629	0.110242054494398
0.205396096117158	0.724700788226183	-0.367040059345995	-0.795118512230513
-0.842850127223286	-0.951852591517646	0.334207632254856	-0.0224215183033254
-0.69848952901049	1.00594936184072	0.504064567666249	-0.89949545923135
0.525026914460852	-0.023845705990423	-0.902614056926619	0.604134377940639
-0.567315380840992	-0.201999166813831	-0.30828693902946	0.117908488106067
0.491763053060508	0.0383987628593505	0.468936351485621	4.43591322822833e-05
0.412565125352867	0.603609535906429	0.587914571626004	1.43936948930817
0.361401792479708	0.232541174383021	-0.875713806888517	0.850399095430987
-0.118638277921778	-0.514739054295304	0.110225531556626	0.555662104444371
-0.132968600590809	0.41714264928666	0.637689406404956	0.951452069500456
0.543334322455861	1.09734725887439	-0.69057666385496	0.723843873317086
0.303760337152667	-0.104726079695636	-0.193294136612635	1.21339724263735
0.844568923849505	-0.071955785883665	0.41287395900349	0.57146788402429
-0.0307577097840822	0.0301403520676141	0.842847148774219	-0.147733346696228
-0.0348102891100858	-0.236015599014499	-0.257051441858428	1.63402302734917
-0.079750013879838	0.305372062843457	0.40535822817358	0.288964592527161
0.120098609440961	-0.508595792466106	0.152754285585536	0.577497419155756
-0.615409645342126	-0.00735676954490255	-1.0868190547807	-0.61570245352248
-0.155587027846767	-0.953803425468761	-0.643885282860825	-1.57390718928896
-0.98836440379724	0.0634876111796846	-1.34884194935085	-0.663711190153571
-0.468063265637328	-0.670647054656556	-0.787176417348596	-1.73979263837721
-0.652604265627692	0.216849059935943	-0.467675848898847	-2.2085666326782
0.791745179209483	-1.12925707584519	-0.620129365911824	0.132438581482666
0.211483940460292	1.33336181248233	-1.49750134929637	0.0958262724844682
0.27988231467683	-0.867397324431208	1.66577250118069	-0.785794968355376
0.0996220508777458	0.449575802434531	-0.637434285933621	-0.476824340954991
0.0278160370036292	0.194758400542888	0.142631794119021	-0.881252390965147
0.154870376763288	-0.319455500379797	0.490329437990843	-0.529419864748493
-0.12738556378502	0.476933913305301	0.192501305173188	0.534383769092758
0.44690291038625	-0.311092980378558	-0.547313059216878	-0.69114697314687
-0.389319218784158	0.386330557136239	0.245746984407888	-0.484954246288899
-0.21557351208379	-0.0271399326600943	1.25021822120779	-0.456078413926948
-0.179908886091409	-0.215191347844874	-0.696574779313892	-0.446017178216546
-0.189747472473116	-0.496011594816227	0.233984561157873	0.0426198352984201
0.930098591427429	0.497093021600705	1.13001707351699	2.59668194769385
0.661667299846431	-0.191268337907897	0.317272482600348	1.92774459137145
0.347643462335335	0.321783420130596	0.747107092724172	0.624949190583341
-0.287657813629353	0.422549608096149	-1.05811547611362	-0.679533832675277
0.464945142387486	0.0340271829778788	0.873755526211526	2.05076291287542
0.418682343271244	1.14199308991748	1.03461716028366	0.861704944974942
-0.227346961051044	0.234979258284684	0.838525212983869	-0.12105625480992
0.453802661281946	-0.00897468337453131	-0.880047028095012	-1.39895436826458
-0.892070681084191	-0.0892487877712047	-0.86712735150723	-0.750636724417301
-1.01578790047115	-0.66728916145753	-0.131947863473584	-0.567121601238841
-0.564635543164285	-0.566539507052791	-0.616172359323668	0.679331537213837
0.579949925916231	-1.01739081642389	-0.383243196956832	-0.739587090345022
-0.124118478218944	-0.544530407937646	0.760173854162263	-0.455245571843885
-0.25542326373081	0.505855253985426	-0.171555048752507	-1.02272696097998
0.0160229571387607	-0.219403961900086	-1.28202507206627	-0.546255182232954
0.645454654645253	0.766450760738399	0.342389948057996	1.20085574453992
-0.0737662840168962	0.668955617691612	0.0519046097133546	-0.605343665171052
0.286085007744636	-0.0630279342759937	-0.251358497315116	0.901766686095809
-0.110871398741192	0.11487831281908	1.3657255227415	1.24315312000392
0.162053813869241	-0.58086535164035	0.500134423371556	0.26547739168479
-0.468412680887462	-0.0247204693291137	-0.154647191593581	0.0801130476879752
0.466435369596953	0.256147512401668	0.691011562322267	-0.621886567482952
0.546841555237119	0.894413278918006	0.978837393428409	0.0209444540371751
0.0972328709490529	0.368500864888066	-0.306089572518648	1.10502923024555
0.162933954277701	-0.152474334834196	-1.34932380985826	-0.300402716995819
0.257239528778022	-0.876022984087879	0.179995746046284	1.71804395466781
0.0387271675764672	0.578537863333396	-0.287284716268674	-0.282654415568995
-0.585428103066734	-0.0363246549621883	-0.152247485420024	-0.0150833602251933
-0.136554840121616	-0.164519296512548	-0.551537433412838	-0.586458103208088
-0.965119052645915	-0.0155115045267595	0.752449112175213	-0.389026192927297
-0.0299110159070466	-0.735827607244981	-0.610171744672939	0.106959353385868
-0.293240457220672	1.18726540317245	0.0865421843837517	0.296001336156445
-0.576657044741347	-0.41527382046337	0.883255501159251	-0.531024909609981
0.544849748478341	0.355503815066723	-0.729681049944496	-0.17197403311583
0.76615677659581	0.231214438088318	-0.284302779791201	0.912303200843314
0.445701042458974	0.0215256749673281	1.12182685776228	-1.98583339791177
-0.188657840195655	-0.819811982583604	-1.22172994770971	0.424052237987509
-1.00434748284607	-0.932369284076102	0.439904845933097	-0.606304359661469
-0.492326874056223	-0.379769581479817	-1.06515932322637	-0.738249951825875
-0.497453678941745	0.993124341124383	0.273632261785291	-0.114833390619763
-0.095446371357472	-1.44621661748088	-0.038746308868914	-1.11487524768635
-1.03247003281402	-0.0051389541596985	0.913501791274816	-1.20580464931622
-0.0976369923176611	-0.695949490457651	-0.649837322730185	-0.297539721783848
0.46394960169188	-0.106407955444899	-0.826142261721555	-0.870175973613785
-0.18680441570416	0.267787700290485	0.614383566552003	-0.195863780828523
-0.0477614797086348	-0.221886284496317	1.31822371548365	1.54287451688612
0.789415162895094	0.353839037303158	-1.39771465300182	0.14650099161994
0.552506664631496	0.394841115431322	0.312174845543118	-0.25617284946347
0.0448237669315969	-0.995562028663877	0.822787954823534	-0.31212557627314
0.466817104168285	1.7183252767398	-0.178124812387479	1.58937098928398
1.151550197984	0.045499684920711	0.106073475484043	1.08276827888711
-0.524877091522929	0.618348038871285	-0.442947355974359	0.7400926416836
-0.691178555838111	-0.685632159552019	-0.268022238368763	0.111580533593765
-0.141170823808038	-0.861096207672055	-1.50773697801581	-0.164896429108829
0.00618588852161928	0.832844884301326	1.00464583857582	-0.0335151679567763
0.13437198911823	-0.645349238734103	-0.818977689051136	0.522484771890584
-0.458805470831884	0.151167744621618	-0.677370495709672	-0.767129384677113
0.600320180884408	-0.713985144542384	0.243542080063231	0.450978338622058
-0.696059055641538	0.174932624102895	-1.23237669354307	-1.06747214353906
0.256111426934708	-0.476891576666737	0.253646852742129	-1.24577510210024
-0.148184900122524	-0.454475924166907	-0.370382028586272	0.176993114470605
0.582733388621734	1.21594939581092	-0.0455219547523656	-0.305531588739968
-0.388016342782212	-0.576178985790686	0.573355504399764	-0.116480934499847
-0.284970093887715	0.489438960567231	-0.110738909579316	-0.541759713925314
-0.815699586903343	-0.17570392596361	0.0555781550376545	-0.785520948041675
-0.15726884637376	0.493061706613384	0.83311594402289	0.277417728661887
0.444207947222606	-0.170564069003853	-0.0962470299752411	0.45823708292884
0.239006308044524	0.709794887008732	0.910158181937146	1.10312253631792
0.307072831513534	0.738939175655169	0.742442331448174	0.865740388611955
0.751994316701926	-0.301746912888231	-0.807501916357436	0.506235453625648
1.23033731845367	0.702527095061613	0.377214701700306	1.17111558337184
-0.112111257405203	0.486572672554247	1.52801923688318	1.50359899577024
0.327493427101028	0.147629498433695	-0.292958202338818	0.377323706493647
0.558246263384404	-0.140674169841614	1.08058563682651	0.0706793216456823
0.497443655116914	0.199307569408564	0.607825438878586	-0.120096325999574
0.436427261725661	0.811645708674121	1.23996013586812	0.315495050223929
0.172622008924914	0.489564332822158	1.10736422453646	0.00582627548981921
0.0469695251207308	-0.475596320944128	-0.701128923463106	-0.653794778015815
-0.155725096950115	-0.528383573235154	-0.141372584410128	-0.573984093713696
-1.08522989781651	0.155039551827657	-0.451982074243035	-1.02942237573597
-0.0919217290875469	-0.526742388974262	-0.0779547430516649	0.0948166843811944
-0.268169875916231	-0.441814202125381	-0.240005069695628	-0.562397128504827
-0.202943326352942	-0.254506128661136	-0.756449839228053	-0.0193951401776067
-0.54173819650164	-0.558662379125069	-0.944598975736169	-0.417635223143113
-0.672717063401092	-0.317323511637261	0.192900808444409	-0.0447477174280774
0.410799321808049	0.899047774189003	-0.00558326763661159	-0.801215230796386
-0.199422695319824	0.21514064781986	0.134301636415632	-0.593218754529142
-0.521510782272179	0.330299258928148	-0.807479626825754	-0.202792627003937
-0.187642636185646	-0.141260751329867	-0.952418321078735	1.23724009027514
-0.00767020692692494	-0.331467386229263	-0.26122724767563	0.899633801046621
0.386169738774109	1.18013415696867	0.367804462396855	0.746427856387737
0.394478276071175	-0.154017192892965	-0.192980509717521	-0.0855020917890584
-0.338568658904527	-0.35757555811633	-0.0983750006098957	-0.178154813007316
-0.0849625735566415	-0.244371909189363	-0.36236711899577	0.564765898263709
-0.109695510117605	0.159981577543158	-0.154481397967063	-1.03710814669711
-0.537638427259593	0.0727674010532306	-0.121745479250686	0.849797696079776
-0.270684102209767	-1.01327720902399	0.624224261469683	-1.12502372952612
-0.50549580883513	-0.176657770550923	0.452098728817951	-0.311474045581953
0.561185144776254	-0.169985670159459	-0.131747702581998	0.693691404765622
0.169700085608334	-0.297377619758824	0.512439860376102	0.277797341488114
0.908827806049025	-0.150647278516348	0.26272094668755	1.34946664269995
0.637472626736163	-0.569818828397193	-0.408449807843156	0.614533056187358
0.435946280675583	0.36498466786941	-0.20481858501966	0.246740977889237
0.0620036921063889	-0.0460139883892703	-0.43167806979378	0.207479773564135
0.419223687807469	-0.290223359956211	0.527711063216473	-0.277439363770063
-0.0499975146339043	-0.390462438357765	-0.223406455578635	-0.570490866779357
-0.597859327635795	0.913492760025908	-0.019434944826412	-2.04645350758126
-1.11759560241199	-0.652513183207363	-0.263441602222033	0.0638614791099719
0.727903680431104	0.461217077091535	-0.933961433877519	-0.804530650943299
-0.655917295665375	0.275856756274371	0.0993805017730069	-1.31499594233022
0.32032920547641	-0.864306104247349	-0.376225273026227	-0.0725902345987021
0.461611386295555	-0.648001640463271	-0.295005461695256	0.508993523082136
-0.725375638239861	0.0804199379685877	0.539811423811397	-0.295843646727494
0.983400688609807	0.169443050294455	-0.744307643486032	-0.189356062343934
-0.399016957705548	-0.378702226734462	0.422817355240427	0.237739542499464
-0.120352414085595	0.0508960085848513	-0.890309748891903	-1.60490214909308
-0.744267090784053	0.14852661781585	0.397128698413771	0.216687362578472
-0.399977000788149	0.337871816676581	-0.00691902312894808	0.0350647959253337
-0.0498750819030626	0.519497951592316	-0.687494396865646	-0.0992754801802923
-0.163848930219329	-0.202274884246473	1.15374140919671	0.696519447605615
0.494464456548765	0.414421685700861	1.03882220476015	1.37463095613133
0.522974164413754	0.464770322920079	0.363526027577719	0.51787832636126
0.363030997615533	1.01442626285982	2.04633866766936	0.27303113681223
-0.0365659399830229	0.704548409307163	0.915911299584012	-0.281486738051972
-0.0919250341455026	-0.285547658785221	-1.45550623232589	0.165335360744117
0.439722851010527	0.00408237216412598	0.29208359943096	0.512089387802695
-0.349899471772447	0.269143680317835	0.835833723444655	0.983306118482563
-0.248320796600661	-0.511325191161348	-0.147900601806415	-0.667381478666222
-0.555653223327967	0.483130517824317	-0.475449606388439	-0.31460830410751
0.774170411233137	0.121663900826883	0.663749521120967	-0.0270858267897765
0.853030579032146	0.902598020908143	0.272171934947729	2.4511418415088
0.456481815206521	-0.180805208613953	-0.21529881017885	-0.188823498181105
-0.277347141133044	0.3291105128159	0.305914894228829	-0.441825014964945
0.0327994546753239	-0.160086642356182	-0.441665268518881	-0.310500931483772
-0.117466497282794	-0.60774317523983	0.149049573547291	-0.088473819901237
0.0162447415527915	-0.614063002350906	-0.446508003019733	-0.8569147268419
0.223942079557313	1.0735317070555	-0.71928249109101	-0.290377399053089
-0.350201503238697	-0.0125770423256224	-0.0562912299772288	1.15256698957388
0.136926569379223	0.0433072765472817	-0.912592108480954	1.49745978236137
-0.0170909508576551	0.124289352407646	0.138483920960357	-0.588258135276376
-0.193107471197024	-0.72043252787234	0.790022740323225	-0.0320532222989375
0.084992840231433	-0.194879729980528	-0.214613030752283	-0.791825674409888
-0.0928276130266808	0.324300601786208	-0.162038018915258	-0.637691670703525
-0.80172267897066	-0.959015111295157	-0.444910774390984	-0.931326533828515
0.846773259120375	0.378814228960368	1.09751615662245	1.59578648569575
-0.784833190383724	0.680266127951045	0.151542304922811	-0.866143597432629
-0.0544481513789478	-0.749938808278068	-0.194022728209853	-0.479498817974934
0.943730406878912	1.48245088643179	0.999821949626426	2.69632830540416
-0.414757585414334	-0.594748886855487	-1.04144259402557	-1.22895134073446
0.201076385888424	-0.769729552780283	0.394647773132161	0.8470589256002
-0.156849137113868	-0.0987805648932229	-1.24176096589789	-0.660867032044271
-0.24962374250664	-0.55999317881805	-0.70407715186442	-1.13456722261948
-0.2094168952667	-0.414123306099799	-0.953973240464978	-0.441349543157197
-0.615268124417122	-1.23769710655905	-0.221390038181923	-0.549375131129322
-0.250127794096568	0.221680019953384	0.166892072531555	-0.642430304085174
-0.796502716244623	0.0280339409353274	0.455948432666326	-0.312128181664684
-0.115392672348955	-0.513010968421583	-0.729967049246525	-0.0994688345001127
0.879692404387264	-0.0285744186274435	0.558847556877689	0.726195723848827
0.36476381344016	-0.835191676156267	0.483939863630477	-0.692852160944074
-0.145863105361532	0.231993158242285	-1.36273374254376	0.117106122304642
-0.0965350094185613	0.302250303990679	0.114408706969499	0.548344334947589
-0.135469851571513	-0.333477493171833	0.111114942635765	-0.512258465186152
1.20181283966354	-0.0371813025298411	-0.0717483920611687	0.613964185544419
-0.733073920322406	-0.00263477069265064	-1.04524352457485	-1.22548762369448
0.1247653488319	0.351918982074018	0.431024820034722	-0.255907529002124
0.0816283072034298	-0.286782643928817	0.276266499902553	0.209352116341497
-0.106917057175516	-0.051016718046764	-0.0746485195422026	-0.312925117606085
-0.01592845986783	0.483169125303813	-0.285872137289368	0.231074559792091
0.103995755929371	-0.0123799103410895	0.0797442254400389	-0.358442814517675
-0.627862102019557	0.0351016770623061	0.995325856212801	0.116795214160234
-0.318138617194452	0.935877185544895	-0.429917383977834	-0.258826194122022
0.230821104206244	-0.488774135537408	0.811582837655106	-0.0483818026122189
0.477971844670688	-0.147316705124905	0.740207528305433	2.03497154666348
0.21614125655872	0.202380582958023	0.0300273101036386	-0.57928222620652
0.389093208809408	0.391288216120371	0.678607701337953	1.26318992653001
-0.124501361863706	0.303240315827826	0.773378560029343	-0.216598554777759
0.292624947608895	0.762274222298615	0.200408171071385	0.832629798511294
-0.415011312934634	-0.311725402553184	1.20891755416839	0.211304633462966
0.0671528257835505	-0.00922009975391614	-0.760079145856487	-1.22050726080963
-0.335334475278661	1.17904574424534	-1.17721455023355	0.386193743406566
0.307876321079625	-0.649076844750983	0.940943010812671	0.3658426613041
0.341359094601918	0.402511864030334	-0.761319372245433	0.40375836194273
-0.0189864239113143	0.885102676447776	0.252209965211087	0.59527523035718
0.299900244267881	-0.674277483592018	-0.267607758097714	-0.30736460361653
0.305260771252917	-1.10582667184385	0.126870142179184	-0.226845891613002
0.439596971089144	0.555653461823049	-0.0392736063922397	0.12944218466644
-0.0233574401357905	0.0358577918317857	-0.397318972064618	0.462456047982249
0.553579955882794	1.07621366513016	0.23093441542596	0.337514830036475
0.00114545347105535	-0.395153915510119	-0.29697138339654	-0.341386130950487
-0.460367400337544	0.602907555090716	0.66264633732801	-0.527755704174825
-0.781532591027493	0.00077114479669687	-0.548551292883867	-0.236418767232374
-0.527685752808931	-0.0500268556521812	-0.312120925451434	-0.77820047078892
0.0380048393769587	0.065170869130213	-0.508881771249226	-0.252603022236476
-0.321768841812849	-0.851593106126768	0.363270417080361	-0.24027993200142
-0.0407144824344814	-1.14906184728853	-1.08690792294856	-0.0957373706039432
0.346996739346744	1.21086920789731	0.892019004394088	-0.115675488874952
0.165655420584736	-0.284855058080322	0.196069597753896	0.820332895845539
0.339025524729482	0.996428070979335	1.54123420717916	-0.0593736086555922
-0.964379989825809	-0.972169192661678	-0.321391468228168	0.475701333821339
0.608269786642086	0.692990579219053	-0.361800558605942	-0.411398170399493
-0.236309902187825	0.205985910076236	-0.821833933564936	-0.548195313612132
0.933198942469374	1.35942356097004	2.02546832192076	0.0720985312686485
-0.584872418885596	-0.831167609071324	-0.835587805103631	0.446819676199612
-0.194820392527992	-0.00552983809889988	-0.323191320645596	-0.0839365032515924
0.707088054521995	-0.472581719626647	1.38911890036072	0.70516092392365
0.437776142992559	0.355923687668521	0.446905013537017	1.3994262406008
0.0370606111076521	0.0670427812265031	-0.215014727462818	-0.0891056416847695
-0.374483128729244	-0.980553333975836	-0.4927515611473	0.070308391363992
-0.12209918322289	0.531520475202828	-0.422115821322525	-0.2407659587659
-0.508695161153698	-0.453589206196817	0.0510331399759696	-0.137256948526946
-0.0590672269575442	-0.227546007110771	-0.536692131811511	0.679040113383085
-0.230735950228944	0.0374243603019169	-0.438091136338849	0.260286470374971
0.141317054528108	-0.328748727174929	0.344315437316003	-0.82062809061126
0.245979326227084	0.677532141720742	-0.908094544165953	0.16377743308136
-0.225369790382015	-0.624995774578196	-0.254036461706689	-1.65127270698337
-0.357945832771799	-0.845880720225645	0.00798416539215843	0.0848587742986978
0.0726227503946328	0.348197761106024	-0.793924340845946	-0.312119334887437
0.0114911868919759	-1.40830320857399	-0.0380996245053446	-1.74002799938903
-0.152684065806513	-0.821003146394945	-0.288374358588528	-0.388835350393424
-0.454869974790234	-0.0656112455188681	0.622912744865912	-0.359920135588601
0.326074167309244	-0.483705567694057	-0.811540961695898	0.331973842161148
-0.26777854231705	-0.311141580506675	-0.291550381231509	-0.460095133073329
-0.760156251947772	-0.554972924478953	0.1819588999644	-0.111809739105903
-0.636273514910522	-0.431475186947036	-1.40262884103233	-0.437485497625763
0.00423007111755661	0.299788179855961	-0.703474759135139	-0.291725061600275
-0.52239034262561	-0.266501599693214	0.0937242818993226	-0.902665190305022
0.993406039414052	-0.0376430500341343	-0.4804252364951	0.743166757541256
1.04231049271761	0.0827481809586312	-0.693419321423004	0.870302886738677
0.553190727132507	0.21372188695847	1.46670350318847	1.20546469239706
-0.0915508305832622	-0.493287841344865	0.128924907600717	-0.230757064109471
0.323040675262655	0.0389136110152296	0.711522587448515	0.264256234834546
-0.0178666168057641	0.299407946857868	-0.0528781698896807	0.204722264969097
-0.0484448033296086	0.00923426023639638	0.140087026973006	0.23439305773745
-0.119478341315976	1.31954383436274	-0.32767653995635	0.335443931571987
0.044058981112276	-0.275172872493223	0.15997339681318	-0.0644743440811628
0.189710136386613	0.5781533983531	0.214967365926747	-0.0589383174190931
-0.21007746413622	1.07776370020394	0.857091988007652	0.202571556943469
-0.510081003536142	-0.128207126610113	1.30629773012343	-0.140895734108581
0.247537095931088	1.00830189025831	0.492033728808265	0.200408051697018
0.327443231589797	0.837806661602745	1.6625900017954	1.2538444499694
0.0240038427287897	1.20938610375781	-0.329691823895629	-0.747152672041499
-0.116969379830231	-0.214467318804148	-0.924727489598964	0.524653159392609
0.176175212472168	0.387964340957568	1.17278704146979	1.36604109904386
-0.483375715873445	0.473525985706971	-0.150533673274689	-1.64947863561538
0.228059244881955	0.635775335246496	1.06532181114789	0.0266953534533231
0.386059216989873	-0.21030166493654	-0.282915632513667	0.983432503096319
0.719895614730679	0.661445529075035	-0.131820523963549	-0.234968429932471
0.561568323529576	-0.258494749266257	0.667390285336957	0.604084192813927
-0.187227377121199	0.731089124410339	-0.925654370456832	0.931948596601867
0.283977671713018	0.800662275789104	1.18180858445425	0.504804498551332
0.0100185231287712	-0.163446145046245	0.0334399738613799	0.393169502574434
-0.298262889179352	-0.252385315817081	0.961002729748935	-0.469680199375399
-0.0169277366954509	-0.605564194323723	-0.642240619734464	-0.495497877008323
-0.0433330748714107	0.553391014212875	-0.992986195140566	-0.479839796645587
-0.426570390066437	-0.977219388687008	-0.610810596480545	0.615846355766609
0.218372308902566	-0.563613046162356	0.963715618786216	-0.968739109460753
-0.389515923428973	-0.975839433821798	-1.6947920505362	-0.225423376167264
-0.185408358002728	-0.742292814765181	-0.44137611573143	-1.12295488563894
-0.0242158428845443	0.0909045776916861	-0.804532010332609	-0.444674145872258
-0.215150564168042	-0.647360671895606	0.690571492135161	0.0285609648312058
-0.335237429867035	0.141006252820446	0.404084713566077	-0.60751142571179
0.981268692579583	0.151240244046186	-0.550955756645287	0.813631957248947
0.806587935104146	-0.0428534233894939	0.911808592674828	1.15865430141392
-0.595426831221544	0.080998119223916	-0.383295754743389	-0.300515593821016
-0.231845595437159	-0.433234176904067	-1.17479910038431	-1.48562182564392
0.121351324655929	-0.434804106880113	0.714305429035798	0.822260781152854
-0.920578263681211	-0.0326125108878584	-0.697226031447927	-0.353195981370142
-0.0692628327861237	0.462684140322488	-0.00168614254780753	0.310430377536326
-0.253548603147541	-0.509966491282296	0.501133660730699	-0.609123188493978
0.16104910880136	0.164217244557813	-0.252332171911207	0.597964517819718
-0.11434872262616	0.503761939023628	-0.148265908358171	0.889126923716331
-0.215155390769922	-1.20335866269355	-0.505598947164388	-0.660219541440129
-0.275056166743631	0.571726579221697	-0.062669866727208	-0.144103636564562
0.258278513505101	-0.383032998943068	0.476819811954131	0.621203355962136
-0.521436320280547	-0.712820456171632	-0.0853949382822595	-0.721192416362493
0.40594833979375	1.40721994501818	-0.282371282280426	0.158662022440133
-0.364103039588908	-0.581111727773599	0.551614368603084	0.37247678783309
-0.0643424661530432	0.268662282061077	-1.00029491681349	-0.316552586461058
-0.11372491806083	0.00221563134196719	0.396301504776527	0.513884728749156
0.378309649927261	0.153405912700761	0.638045548174232	-0.421468530784558
0.284355948200344	0.530804620673137	-0.696620159715285	1.37903381681077
-0.0517451827182454	0.148429255397386	0.301687546317471	-0.43416105413327
0.879733786400087	0.697078122927553	0.279690090395469	0.22726541847859
0.957657586831901	-0.21247444459095	1.24344112990614	0.0322741742439777
0.223092600631871	0.934221813039451	0.02599034316249	0.101252681883882
0.157650054102294	0.289716873867846	0.775154478852405	0.722762865708069
0.320516568258629	0.0826163839885404	1.06308535977726	-0.313851798918763
0.182095063503201	-0.016367186763217	-0.646367313911053	0.772225989000603
0.607942585921735	0.136312825831773	-0.0957094312170846	0.160669534357403
-0.167900575091598	-0.454335738019856	-0.348838979120355	-0.55007699696035
-0.277049612240847	-0.399391874942313	-0.0611843405082617	0.0385277449415505
-0.299926528570765	-0.144353952073694	-0.147821208448829	-0.444043714161089
-0.114948899326722	-0.371982235957094	0.7006301710115	-0.321743783783267
0.0625388573971113	0.190750493568978	-0.589905232879651	-0.281780706933051
0.276614257021703	-0.578815753947905	0.629999248151152	0.665740850338219
-0.415838093295396	0.520224903644458	-0.361643442044053	-0.263956090213796
-0.90115539479252	-0.0952793474559753	-0.407327716851721	-0.363686310404892
0.474243240852942	0.141772550850133	-0.445154258194064	0.788219529627905
0.313117038331536	0.0606590705805555	0.334682417105158	-0.283901283929799
-0.470253850811196	-0.476082001750868	-1.05015432882099	-0.101274344674272
0.367971773952735	-0.392582703487234	-0.0734810357278539	-1.66675074281844
-0.837418686973017	-0.428741475439665	-0.290765844448578	-0.771462190289647
-0.203932154735952	0.872973608820813	0.318108625652575	-0.645938265398558
-0.0585026347849818	-0.0928656131959095	-0.686672305745335	-0.148816706061584
-1.31727252601528	-1.56425315316433	-1.6384642472935	-0.0917179163313495
-0.280415938182736	-0.350371050155429	0.32065262242355	-1.30994624395143
-0.998733650324103	-0.362071367772703	-1.26586150727537	0.0480951949070319
-0.619918690880787	-1.22703952046791	-0.9887598380052	-1.8548009026612
-0.272432659897983	-0.728067343732405	-0.549350084746806	1.03440633570526
-0.486373335478201	-0.384913705364757	-0.174584980748196	-1.2743466495819
0.314674753292896	0.0113021252467752	-0.320391339308999	0.748875573235287
0.206394643952945	-0.883319982648343	-0.146416422600167	-0.748227724618558
-0.280164237813245	0.498706436213802	-0.157157403927291	1.07447900912649
-0.197303612717561	-0.774451881711515	0.512773841870826	-0.329041095748
0.273817986924397	0.365538771232668	0.2399114320029	0.143323438588508
0.359772493007755	-0.343606718113624	1.18257367833868	0.19940856896373
0.549573187859096	0.719314658218332	0.272958201928774	0.0904627228993363
0.379173451237058	0.830357652029661	0.793479953246121	0.553669444742737
0.225026236506123	0.878340721560386	0.405332714348584	-0.468675149831304
-0.208519202693079	0.636512447466936	-0.119983485408388	0.265542081366892
0.602590032894256	0.0326199583585065	0.412166921643266	-0.226518567940055
0.635867315532341	0.63248558656549	1.13619260129678	1.01539417313958
0.251269700936662	0.343084242078532	1.37250928076995	1.75528646326505
0.113090974780843	-0.488953534605249	0.258192614492069	-0.294099236582541
0.287171176005106	1.14784567083426	0.0347340812975968	0.899701606867751
0.336389203379485	0.222678402347488	0.0047293865529958	0.145561148161852
-0.238702341640083	-0.0382525618580726	1.24385262320993	-0.372072316113522
1.20676217150097	0.160487484865657	0.150978825972536	0.106706263799329
-0.350562731701321	0.159918685057201	-0.55741870094757	0.147564372155045
-0.0402422028366449	0.688736719766208	0.372247479615926	0.244081448756136
-0.225263491768702	-0.0421520395856459	-0.150169573298591	0.342155100195964
-0.0707021962234731	0.484809819052568	-0.579390244973854	0.733309584731115
-0.269902101403699	-0.154566286862395	0.419847881340469	0.507652448242162
-0.310448626945405	0.343983196946029	-0.885258325603825	-0.871178157108097
-0.445986238039461	-1.04461085209939	-0.441806750304207	-0.984413016031567
0.147218221031606	0.526635509958326	-0.547023891573505	0.272866694286825
0.315011629461266	0.237242091146622	-0.969468503995397	0.284568686781854
0.306871864857256	-0.194622762109119	0.156505102441621	0.559763503705331
0.201745921055556	-0.00762272763711708	-0.270651204762634	0.406738009678652
-0.0189711988840929	-0.152084829214071	0.587520782958549	-0.370538180998371
1.09206457558662	1.4447891553894	0.273039829338257	1.29438696196043
0.147958983001834	-0.559137401309354	0.45909093190071	0.458438463486932
-0.0740832374328164	0.0610746101805748	1.06771291622044	0.234901633813141
0.113211110030777	0.00234916534789009	-0.481317637296845	0.901995907964978
-0.0657332149801826	-0.0375431019581406	0.499793006879776	-0.681383575616077
0.663853645488946	-0.0614231849297213	-0.59600367659385	-0.404300033846162
-0.0222571853423966	-0.0121473628568091	-0.746019040364536	-1.47442188697651
-0.169352791572702	-0.207116546144785	0.276481705111087	1.0621471941417
-0.249378633774283	0.379436993106038	-0.553856665846068	-0.0310468595229865
-0.1579600888311	-0.328811201873185	-0.770400096695787	0.482043684212877
0.340829039431548	-0.669288961067655	-0.159066410602391	-0.511435544249216
-0.597356612588569	-0.719424675836414	0.60501476773116	-0.984790472702668
0.158642149208052	0.760115611323995	0.473517177157714	0.493283654060597
-0.246640635895385	-0.224100780567439	-0.316152288434103	0.0386725981588767
0.0989693890709533	-0.116229116351706	0.684104186881025	0.565664943586366
-0.505584291457027	-0.0521470354232485	0.293845409173027	-0.310305119731163
-0.286018512718588	-1.44019205828415	-0.25710572545298	-0.520711823417344
0.240197095794042	0.502197605703892	0.619160538946767	-0.474243681938068
-0.344206860260544	-0.158496885734262	-0.144750148138435	0.540791421299422
-0.0072447900298922	0.457745641975137	-0.475434975998468	-1.31263094019676
-0.56400310888339	0.216464086066703	1.00891578736337	-0.0611835900308478
-0.131659352619752	-1.39663405496709	-1.52489931166983	-1.51286592363184
-0.507406353152276	0.383435811003184	-0.570546876507517	0.867914760098812
-0.977995208417204	-0.269612765941215	-0.896719396952648	-1.08284798194268
-0.897293386719496	-0.564884439492783	0.352228628805597	-0.717318588142691
-0.405885800596998	-0.81624539377064	-1.21900803892946	-0.697233972156327
-0.102790196906503	-0.0933033260995545	-0.582145129830747	-0.225435330470457
-0.306215971206015	-0.470328664862718	-0.261757558022559	-0.622045277778994
0.0953603290830078	1.00878581526811	0.526190179009345	-0.374546013304008
0.227814518535986	-0.295144074497626	-0.530151165192234	-0.0845114812698592
0.361546832315474	0.223012188762999	1.533223696678	0.43086748704478
0.332305841355381	0.301641496993539	0.0365740302683445	0.443090877789921
0.360503373333934	-0.253223448188501	0.869330857389978	0.597704765003595
-0.0717075686563532	0.176813042972209	0.262619527162059	0.131368169650696
0.73573285355783	0.332483928728626	0.311519302926399	0.35079039386503
0.621266057854547	0.131585012213326	1.11569478438868	1.00880214854079
-0.14692536679419	0.438638828007918	-0.132393507936199	0.0303424698683984
0.371948341585165	-0.948652709493193	-0.584310003895033	-0.014347944134548
-0.624326032799289	0.253552607419454	-0.0689751725543528	-0.712804763161186
-0.140260855145691	-0.869136846467529	-1.04517143821212	-1.1065220166202
-0.780913667961368	0.332864317399401	0.691586303026789	0.304680823927063
0.500188432504979	-0.364510106861159	-0.155609813392076	-0.579784846127226
-0.0713329266925524	-0.435932936562357	-0.860014104400238	-1.05250939853522
0.0182958002747612	-0.0895470294314471	-0.979876995907814	0.385564529025931
-0.185951253091256	0.730939673721367	-0.728795416682675	-1.04878722525565
-0.185596233797192	0.373921996911551	0.646439248909672	0.919222455839289
0.315969956982333	-0.188134676579971	-0.695015344856818	0.0554427224294487
0.506168230243671	0.20539434297133	-0.461797442462403	0.327780703512685
-0.0734092426415734	-0.0586284111281589	1.12949121193524	0.0473114409997428
0.44209690561991	0.645400368386196	-0.193826404046357	0.840992113467073
1.08691390225877	0.74462769101443	0.970391479803472	1.4861391238561
-0.453244465434214	0.237965334473507	0.200124966162481	0.46655771021508
0.718867614879083	0.795817277375612	0.407002074598901	0.250142843574337
-0.0575061047911962	0.256570433681323	1.0722715972616	-0.0765352787310152
0.11470024248003	0.569827370670697	-0.441006289691323	0.496199090189763
0.167413957409544	0.639276772378018	0.305388357041647	-0.116094907603766
0.331620706884214	-0.423577168255762	0.218226964903177	1.57515616911172
0.500827907430194	-0.380905567623377	1.27834129448718	0.00203514338422952
0.103049731320446	0.933874349388864	-0.673169804119455	0.492134077554542
0.296491235875989	0.044026823714149	0.205583121272641	0.642805040171088
0.617466409505193	0.661952546828657	0.841501628526912	1.10738909024538
0.392256323265439	0.0571753762468987	1.35487774952628	0.755544727743976
-0.14031918698097	-0.0366615641301268	0.209057246011436	1.51475837590205
0.363641634688418	0.525834113323842	0.719696982935838	0.807021997245619
-0.17886328546318	-0.386915712357275	-1.89616838688991	0.0832565239264651
-0.349647106367062	0.129579450059488	0.380681966711704	0.213003238572885
-0.352271131498589	-0.616397529404481	-0.62618631606638	-1.1875405819673
-0.342971777310415	-0.539539625986619	-0.645533848813006	-0.804476156716611
-0.115168764945904	0.0110093145594417	0.507031467049053	0.537039596943168
-0.53136089214999	-0.171175162802394	-1.50550168733038	-0.569230223556256
-0.157096190480312	-0.215522934186853	0.689923035678552	-1.31299902437795
-0.671772911995574	-0.80784538637716	0.75311124577156	-1.11725126924024
-0.0465852846343561	0.420014369593679	0.295138422639729	0.791425598479172
-0.0544423629697188	0.012086110972023	-1.54133319243407	-0.374248676381727
0.0699225766312992	0.470459461165663	0.0195565940872314	0.295848033298649
-0.978699706405741	-0.838726930267294	-0.620829692831454	-1.02885269375514
0.15787399629645	-0.71195941256835	0.396923907265051	-1.97983430097189
-0.943142656961171	0.0359540838474107	-0.436861209183191	0.261844531828746
0.13076634421482	0.471880989876288	0.222683640998758	-2.9296540149548
-0.38258727590023	-1.09268397400125	-0.863972781101559	0.527502095753213
-0.600200093349636	0.564325094734778	0.527645502882544	-0.104461236194688
0.345991205990035	-1.03604908087353	-0.271610985605675	0.552892568155718
0.758822077307204	1.28243599157156	0.395536660937889	1.00231002680525
0.131594289814771	-1.74598242112155	-0.125320277270918	-1.05121362855173
-0.0505003220170447	-0.372911746500857	-1.52577224488004	0.0464428565026425
-0.432725892442618	-0.694348019739368	-0.350062465469224	-1.53030903646125
-1.36051150952536	-0.588673497350436	-0.778797044050742	-1.13371414278262
-0.148720628217317	-1.00572846450563	-0.290345981729717	-1.33814758726912
-1.23335532961607	-0.184890266254511	-0.180576691019478	-0.690405910266183
-0.306975249356767	-0.163412722815384	-0.669741205178519	-0.292574647635199
-0.000770838798820685	0.220506811262143	0.662795885006831	-0.5385911345156
0.751198221149178	0.925769471887997	0.211177212358818	-0.588775840021335
0.374875812352482	-0.207799437538557	0.352361725606687	1.52709847423025
1.14270629012509	-0.065377803130363	0.596091969210277	-0.227576196665308
0.378749917600637	0.857052011258534	0.672602874200515	2.09318267879486
0.636339704121535	0.524998717679873	-0.122702912378743	0.0477038031505128
0.776657390675631	0.160676875381694	0.031638775892813	1.19323699353179
0.615379000236083	0.590776479014459	1.31432955148238	0.656446283539148
-0.227488279930247	-0.67687256044358	-0.289501271252343	-0.00735358031794288
0.0858708400259223	1.39692651525487	0.554696392759237	0.578546350607565
0.64343929969578	0.24045159509583	-0.200177486573265	1.58564576163373
0.430225310153299	1.06050692607008	0.622736819787814	1.62971231135444
-0.215848349469297	-0.135688013210696	0.303396270474664	-0.454353757818468
0.509410733379382	0.706959613130405	0.253966985617384	0.741853094610951
-0.357259769539295	-0.134929712382161	-0.0428859950441387	-0.402051304974892
0.482874612847708	-0.509759371944909	-0.795268992121458	0.0459192690935377
-0.476237433684546	0.312940755273542	0.456919978418837	-0.250867106676825
-0.168773390791456	-0.964532995113935	0.0353861290689868	0.0630866513245146
-0.396052402584766	-0.445647775549309	-0.900546806654148	-2.08334893460954
-0.322949505188614	0.496199485373314	-0.628750973559562	-0.274245456760528
-0.677890903909998	-0.79966946969919	-0.532971630357464	-0.60373769648999
0.239504614815214	0.19626775456806	-0.211123281534596	-1.0228862408452
-0.896598906239406	-0.217725306995218	0.354807725124449	1.27277140307462
-0.00632320858098624	-0.162277222095922	0.114462188230762	0.37749707184924
-0.0421013939901393	0.562004148417303	0.483171308355865	1.18911679460523
-0.294641713689747	-0.458694490430541	-0.979994736685214	-0.43756820058362
-0.0369582053998175	0.621420620690125	0.132378178320913	-0.0217711438485791
0.471372390607825	0.575854333267321	1.01129479639202	0.743131048562511
0.369468312926027	0.14803959773559	-0.335520525848463	-0.205680109739556
0.543542084570514	0.223707466392005	0.428945812792556	0.564400778752969
-0.262363504964592	-0.508424208449733	-0.115441421066912	-0.406513822623148
0.0364060474944328	0.616434864522968	0.646678670891834	0.781444997200062
0.350527166478789	0.634728216558695	1.01692751318923	-0.0756186720561817
-0.031895255766646	-0.216971083730645	-0.474047732911629	0.952568089887291
-0.0790263616868972	-0.76423883534015	0.0745699106175667	-0.324472181794149
0.0485385199502579	0.827838031636328	0.234665537181882	0.66292369502701
0.53988411847352	-0.160245673799452	0.0407714165112455	0.376537120055157
0.295096365260363	-0.052007664880597	0.597977432198948	-0.0295206929551956
-0.0932390020008496	1.40325117562782	0.194366691685943	-0.191149303562441
0.238350705092176	-0.994915921861128	-1.02174350298724	0.69643395303502
0.635854574435129	0.872566246271938	1.44575347797733	0.843570831235949
0.895007500498476	1.05123135703282	1.43280599031845	1.95935200013995
-0.0517729561609925	-0.330757734152534	0.556130913959683	-1.18879839529748
0.812681695153814	0.289122526103245	0.368116157660666	1.23251372747029
0.0284730016394558	0.525785517488986	-0.254981723775615	-0.325556900119297
-0.689898712034359	-1.45150495829211	-0.206840106777392	-0.990276448309788
-0.667814600219901	-0.0419827800481706	-1.47450869962952	-0.773596821646822
-0.804749457969565	-1.62560363813823	-0.640911066092848	-1.83522308051636
-0.875117559186236	-0.495499103437806	-1.84520159811487	-1.76687568806613
-0.12721400072259	0.392962566255822	-0.119858880917526	-0.0918426761035428
-0.433885241766284	-0.589775899034942	0.223585563640178	-0.546349639144012
0.0498772864076123	-0.277359446361904	-0.468089345787447	-0.0158218827342354
0.540531358576365	-0.769746449078618	0.398579556347845	0.340067560980024
0.165618947760345	-0.759870302856924	0.04466325956552	-0.0402148601871949
0.410206296953155	-0.689327175565518	-0.133870308554116	0.0271104006679448
0.108783470543026	0.548648549527942	-0.133987267502262	-0.58645441797014
0.472628645072418	0.184192130964533	-0.296505502046307	0.753017038918678
-0.288449776505145	0.0560384872848525	-0.662999487945612	-0.569400427894129
-0.55328402747863	-0.670443644015739	0.498392114541021	-0.698971655872385
-0.201564964931056	-0.197623169006354	-0.499618974393767	0.175299418173339
-0.502792310484491	-0.649973489951726	-0.747837290861835	0.145610557111925
0.535512706430709	0.767280561036354	-1.11842153929698	0.241916045572087
-0.568126172394845	0.155148361137767	1.70453463223077	1.8974362915858
0.122998190044133	0.667469979193997	-0.139364373602033	-0.418763191170229
-0.553445261052377	-0.119346792673632	0.53111468575584	-0.515955996917242
-0.167507817117705	0.558363513605949	0.434743252532071	0.808962412244082
0.0710021874405498	0.614454416745077	-0.666034265511709	-0.100337630687995
0.21583497870854	-0.255255428722843	0.545627212615158	-0.251548742462623
0.318137213571639	1.61927980447623	0.954040451314877	0.81369340360922
0.665647179139831	-0.454051710838002	0.313256268161874	-0.0308134500771548
-0.54749138803844	0.352974537802656	0.447668028629524	0.728218420919852
-0.55006113828545	-0.29278695710601	-1.6032277387311	-1.08317015551003
0.234985617345018	-0.645297111572672	-1.63254412420242	-0.0278553698694008
-0.576562123735123	-0.24111646490972	-0.537568208323453	-0.426792357858008
0.0461213158471553	0.0801649068194123	-0.681354920870455	-1.03760452537565
0.434308898533341	-0.170047618845556	0.283171615310565	0.396198775658542
0.0492948381391762	-0.0200617165669471	0.384744705710584	-0.911797668339225
-0.243913302035429	-0.151362755005089	0.13571111777326	-1.32175098900827
0.136540803472695	0.310492786239958	0.798295834745502	0.304024226455463
0.407363815337534	0.789691492366317	0.983359040258359	2.10268221892725
0.872083154996278	0.568767518744062	1.45432055984685	-0.820456302283709
-0.0523083089129709	-0.0683315286943598	1.1396940759262	1.19464994487396
-0.0277081406780451	0.229792404714071	0.30435965612879	-0.8599107196141
0.156159694504768	-0.0349991672082669	-0.0695074366880867	0.194038980801103
-0.434606776549889	0.583114662151637	-0.18145446653124	-0.598557434679791
-0.399496428078283	-0.537704516258775	-0.936203453461626	0.417174627176936
-0.217038083273004	-0.280664345333883	-1.12061763779215	-0.944128215024794
-0.0232538246746127	-0.537171885143874	0.0724580187715134	-0.12916679999825
-0.16935497954156	0.454450729989445	-1.0119667896753	0.607056890679413
-0.0697312252427243	-0.996664160148841	1.24772397334285	0.141025328307852
-0.536077847338899	-0.575154824598548	-1.5816852397985	-1.59635167569121
0.0906179987097584	0.216956337315183	1.08441547167596	0.56650985198493
0.314711518724673	0.166831659046452	0.435948098570955	0.109499296639955
0.38517925927447	0.10552858147752	0.559523084099901	0.309272735313124
-0.484429662058531	0.564951411318214	0.352563876168219	0.180603791647403
-0.191929789654749	-0.759132856061056	-1.33758496507175	-0.198078701246979
-0.154347490842051	-0.210777824937322	-0.0815216474516468	0.0998459894520001
0.426785032596952	0.782070029532102	-0.164656769930469	0.118725115243107
-0.579590807100278	-0.366219706698085	1.56681505084431	-0.554704947963196
-0.348048785258244	-0.292368380038348	0.202120791537403	-0.415738812634341
-0.224792669557586	-0.735102366252908	-0.492324706375143	-0.600885964334619
-0.621600438250398	-0.238359442252563	-0.729559282376764	0.250533684929959
0.522353455443791	1.20983096511909	0.126075027665667	-1.23195962556188
-0.191328588862368	-0.069466686489115	0.075002518552957	-0.0871708568697665
0.704121996201166	-0.211630980062315	0.181478025526961	-0.41392175221526
0.326601869400526	0.793666626193995	0.397660660447136	0.409038912471117
0.104665576969688	0.12681833415446	-1.39593528117197	1.12930679717293
-0.0679528589077088	0.0906931193209732	0.521674117794159	0.0625019583078787
0.00369537762391955	-0.974512972614776	-1.08285710770557	0.287985720152189
-0.0673345012672611	-0.436975845358488	-0.835974789435086	0.0288823625446258
0.348912552135562	0.240351130079726	0.123007132149243	1.13325652904473
0.568011205420053	-0.0959899731122621	-0.127435931213064	0.39044178727614
0.870378516252136	-0.0554185673468469	1.33614552815811	0.800475257984829
0.319243585835198	0.464972009822688	-0.338202475698158	0.981168816543942
0.82522385089307	-0.357357139907005	-0.00742854175439161	0.521211686569256
-0.231040281455093	-0.31369738010317	-0.404971939704782	-0.490387162882094
-0.37586587724836	0.511544924732862	0.477221121726712	-0.29215293266359
-0.621196237543933	0.523989495785625	-0.27980886390788	-0.127582888909188
-0.522018852109184	-0.444464930558543	-0.654952012202399	-0.133286552249113
-0.736651070624191	-0.108443387038063	-0.682840828345367	-0.166719426269711
0.0810500448127962	1.22253048483081	0.181245308067084	-0.381453577277605
-0.13441907333425	0.133755918120609	-0.103174221621934	-0.588058934024935
0.455963111203895	-0.328524161092239	0.285209603210683	1.43846447063728
0.44202602800082	0.454997140504716	1.84383118143126	0.526298065515972
-0.38969561274163	-0.833954009867892	-0.142631182032023	0.498613999209613
0.110178190727151	0.640894317366749	0.381333891911107	-0.837403667965951
0.118783369657061	-0.2424481655546	0.24018224243663	-0.820561248778271
-0.163599910194627	0.0412116451211154	0.221852901437213	0.337809105372351
0.143410905467437	0.0974041563857071	0.321583381270993	-0.466180297483087
-0.0511022230957094	0.41253624343873	0.419605224700708	-0.59813671168787
0.605556780309476	-0.204075965790811	0.206127874798142	1.1760769755378
-0.489559178692736	-0.445608571448043	0.316270744599726	0.115031525256138
0.449230032707488	0.0552873899168546	0.595185241863586	0.950331211763451
1.00339793545676	0.8667084067537	0.339305915323602	1.00572281448212
0.389929721468885	0.565272891635981	-0.116949007087896	1.00729084748367
-0.683876847268981	-1.27049248647642	-0.996815705696067	-1.06697717159041
-0.0208970404118675	0.448464895460766	0.282672149060589	0.680114453063782
-0.819852136309763	-0.691269360268883	-0.564908360141785	-2.59590855075251
-1.44772952776235	-1.44386938287322	-1.38752493432168	-1.24601004560585
-0.334290071543808	-0.0786463224715109	-0.491314101280686	0.756264938695915
0.384332542333046	-0.306055693577836	0.024195024458116	-1.49341819696943
-0.245052495246038	-0.236562231656127	-2.075136899859	-0.407356430453852
-1.2014295512917	-1.49572908005373	-1.38029218524259	-1.64462708659843
-0.273362283011902	0.496743035290689	0.248346214897545	-0.411168593307819
-0.79506156683849	-0.272234261336589	-0.117879066566497	-0.313377803075543
0.35060630248074	0.0286203354362113	0.508716316806318	-0.898620205824241
0.252447146929919	0.464687315589011	0.407074147837327	-0.471172182441536
0.526187557538557	0.81037724306627	0.483248436757479	-0.0443162121099844
0.450889173614092	0.837581804251653	0.307454846327935	-0.200505694555994
-0.186492639087808	-0.30095491525476	0.360887513677493	0.808293072780334
-0.0952994289504139	-0.332371489910709	-1.02438195037392	0.477084569280379
-0.26290918409676	0.157835798703837	-0.146415722959103	0.0239009815752813
0.574159881204868	0.445725748593967	0.535245755196001	0.224370035164485
0.978821587267037	0.507867602394608	1.52235528095009	-0.01227824590308
0.878167636359785	1.24428548083403	0.410301200178267	2.060206753012
0.176021678349394	0.474622684939488	0.881068302471213	-0.135731494882933
0.789479865126111	-0.352152213041698	1.56934141754852	0.0482500101295319
-0.0798174918070955	0.965575254620807	-0.0565216918699738	1.28676793136419
-0.133753212280867	-1.4776556239732	-0.00468961579139097	-0.0709036706664149
-0.538315778408787	-0.113339505918814	-1.60711878755869	-0.978714713306961
-0.50130941534645	-0.868267371583774	-0.435302294972084	-0.157281245703428
-0.135790867582186	0.343132706910351	-0.782846658220551	-0.199527541424437
0.0704630461612897	-0.0494276899045424	-0.06459855791025	0.868234617858727
0.251114649127867	0.998032899320664	1.54470738254248	-0.19213408782967
-0.420855282623858	0.0508652044286877	0.07430466729781	0.825296637153103
0.523676856263644	-0.505574229117223	0.840475383826657	0.957662372664647
0.231146217584499	0.457815714673701	-0.274164714460097	0.762087461409797
0.0995726459322568	0.524598461945276	-0.133678997491843	-0.217853643475789
-0.0422750547081675	-0.576169262538178	0.325608639814105	0.562812882057859
0.239533834164204	-0.198295360013404	0.585564211667447	0.635726050334477
-0.116200536892935	-0.313627702217999	-1.2777703808358	-0.137762377481208
-0.537089979724119	0.258228587538543	0.912917320867774	0.37833299472363
0.262385414949965	-0.462193616637349	-0.594763214392743	-0.515203826694991
-0.0582541594654646	0.999025079259055	-0.26004846117025	-0.141699271349014
-0.0264012905103986	0.131695135744844	0.791571776239331	-0.106374249445472
-0.0712444396079624	-0.47933608064352	-0.724313345832417	0.0677021529330211
-0.512674675861477	0.289575602785598	0.392867296789243	-0.754106086440707
0.399769858461775	-0.129436581026017	-0.614540445184187	0.591647234320429
-0.15270025359133	0.46935396860303	0.88908438704571	0.0235744502769548
0.648636899129541	0.613056701703671	-0.534996207534256	0.196069278338423
0.370345781094646	-0.155514099348314	-0.48684105088832	-0.0596596226366743
-0.234601431011765	0.164742472325721	0.437820507545055	-0.0370359719443037
-0.16174339548989	-0.364783364182569	-0.861045986228407	0.355297127793324
0.539078067186054	-0.281575289919091	0.0300853220056099	-0.984971481382082
-0.00817654062874141	-1.0752209914986	-1.11278431183507	-1.28152538972197
-0.908245876142194	-0.58053526807164	-0.487604771002178	-0.327493432276481
-0.301523131727962	-0.388641631630138	-0.222006830129544	-0.195906827425493
-0.529388322460441	-0.695701694029584	-2.11854009125969	-1.97963456256479
-0.122701411160432	0.0374856981414531	-0.0240596723696219	-0.93142990723929
-1.25849670394003	-0.450753583813531	0.508534175337879	1.97298210816205e-05
0.0754464054610329	-1.13956519332347	0.0662968017093962	-0.397535808022965
-0.388501177151845	-0.159969309916103	-0.020998621531123	-0.414246282804816
0.0129578656250722	-0.0851529630450694	0.0396459868783681	0.227094266233655
0.859392321887848	0.287992612497449	1.30441402548114	1.47100590532739
-0.114621184617282	-0.215392189333238	-1.3174556070876	-0.992975715102494
0.0839480184182724	-0.280610908850599	0.310447490331382	1.45747565593709
-0.108059253408889	0.346222626181495	1.0061915206412	0.314136010580964
-0.0770706152500903	-0.22995923723187	0.0562163096097327	0.326959597259532
0.572918020524801	0.495219850287509	-0.453144972304737	0.136046080561535
0.45808430308816	1.21306868615992	0.558923529320718	0.319637664352618
0.14733864200957	0.635850783953466	1.28016086637737	1.10405653962743
0.154313831459301	0.445165689152343	-0.496273758606362	-1.20466947489869
0.0557203462579376	0.0423913726521723	0.392534629255212	-0.090103839271917
-0.108024616119141	-0.363367079564003	-0.921945957724784	0.641616422876129
-0.0693298273195817	0.732602627472977	0.350322266655426	-1.51092876824287
0.559361391643901	1.40508168523411	-0.323482387625601	0.897494015741461
0.448098212796791	0.178106609625834	1.78094914091448	1.93539295179846
-0.315516213897405	-0.285817897207828	0.360039560619005	-0.547933220119324
0.233491063923603	0.449362005033919	0.598774883690983	0.321434652891405
0.0847787042781432	-0.028783488305917	-0.246288555357127	-0.296538307140091
-0.0808885202052231	-0.88745826859499	-0.485731113740638	-0.335857390241699
0.229077001234748	-0.246564482384291	1.01762201532411	-0.486315514246254
-0.769241464982629	-0.286237714307427	0.0873171525651652	0.000748925786846636
-0.236687431113973	0.844573752873796	-0.918392711643981	0.61395188626733
0.113592821787811	-0.608709148369275	0.661520063680876	-1.66368466386993
-0.486405454503356	0.167314815939637	-0.560505463231241	0.207232393010922
-0.232482301266785	-0.538507916397306	0.325438985334561	0.684645729426767
-0.038498435601046	0.00216911515114109	-0.921243966900375	0.338834702232128
0.436469256505558	-0.136733761241634	-0.334715661856274	-0.481971387583521
0.587547737477935	0.403954185091138	-0.593619360332423	0.358186728830654
0.220533043521054	0.775060208553366	0.798877084426569	-0.184455280608934
-0.138330301254405	-0.292974393053437	0.660384838881042	-1.291592818942
-0.337319146454426	-0.322962624486987	-0.561286756637198	1.0034036627735
0.271660249192507	0.491046251996797	-0.396139670776201	0.571462877483228
-1.13604327646179	-0.657847598922374	0.447961135922151	-0.231630173082232
0.13154067085146	0.104054788204187	-0.224170226365383	0.569338589799365
-0.681154616934463	-0.720083792895902	0.233738990755067	-1.08251740002963
0.340738247340161	-0.0966811526084195	0.040228455458594	0.041013546577874
0.257784422358982	-0.106096963299443	-0.603562351294115	0.498026887649499
0.782742007727487	0.177433440789074	0.852520892804415	0.100931719537974
0.0472253177592567	0.038359532003951	-1.47523802849983	1.05287183278435
0.199759078584335	0.975144995328403	0.40431299044248	-0.432205949718514
-0.0964606442461342	0.435981065862059	0.0983567622265696	-1.96458613822784
0.812245985859216	-0.159349693103048	-0.626101818345069	0.759846269009431
0.340446640141004	1.02978043879509	0.73971829644776	1.27800392072559
0.235103551541996	0.159027169358109	0.652683751317542	0.800672087126926
-1.07319604421935	-1.43781838664512	0.547904692948714	-0.0843311303322609
0.333437213944603	0.207680820632542	-0.352427530443809	0.0934561393411777
-0.766631326351862	0.0781064276528083	0.173666876642821	-0.0243809795982574
0.246586216995403	0.446708522229059	-0.101287517209831	0.269488062748864
-0.035764643592496	-1.51427660006154	-0.114695416995421	-0.810772595126338
0.0820108816441678	0.560457791578966	-0.0808612618926546	1.04449189772429
0.127434861876494	-0.471122032331161	-0.303018567179644	-0.380029663567201
-0.49327876862096	-0.0808831832862821	-0.809372600808003	-0.596454653817305
-0.460985705684177	-0.788802166427613	0.468744447153791	-0.459897257685371
0.461918326222564	-0.559715675841969	-1.07802091312808	0.0576573692089722
0.109013459923451	-0.169492859189392	0.521757452035582	-0.191640490407545
-0.40355801653984	0.0850531344638365	-0.533953865612541	-1.01380445504894
0.0292439608655525	-0.271813723045071	0.259186242864104	-0.377291337948532
0.24487709140004	0.576296845285494	0.356927288933042	0.0224876598216704
-0.0734196001350226	-0.221850760756514	-0.763496385770701	-0.46645449145608
-0.481727416611652	0.227970986695285	-0.221363900281079	0.351159435449681
-0.428223816523462	-0.606218328126839	-0.899945864695855	-0.459699771108514
0.0577547073186276	0.190272623523938	-1.01747367271735	-0.0231723210656942
0.342999573405151	0.0695152641797426	1.17061789413214	0.360733859354432
-0.405901824367145	-0.749611847839096	-1.72582369457796	-0.638042202168548
-0.253635053391552	0.58096184048042	0.613275084025914	-0.162797051685473
-0.982983827314749	-0.925107877116488	-0.582032013988268	-1.89561779241584
0.443982905135797	-0.121982101008724	0.775877071714347	0.162954276734213
0.144278409189418	-0.633504998146666	0.982949091374384	1.2148941488867
-0.363473062551983	0.229493509919609	-0.59376254791696	-1.53302180838671
0.607922836357311	-0.387203308691168	0.0181177075339077	1.99034650171736
0.0600941269530685	0.233532716093524	-0.0134494406571906	-1.55239070759007
-0.742170429658656	-0.124001081797662	-0.926805849235342	0.572347865620281
-0.0192744852089197	0.812050996571803	-0.388808091326443	-0.0872799633419666
0.663790080521165	1.16981527886094	1.63202083641212	0.28670117177517
1.27126510947466	1.24380662163011	2.05542560600688	2.55192376350485
