IFG	Ins	Put	VS
-0.756112599386778	-0.353377934029825	0.757579394753563	0.402314659402461
-0.423743973649596	-2.02521201817251	-0.379578986195886	-0.0255366226824021
0.104598351646667	-0.0356927110781329	-0.170755747841004	0.972281640713586
0.229696481072299	-0.00659045867974318	-0.192490799610509	0.563931854107886
0.10270236741929	0.681391905876326	0.518542370414477	-1.22381530424506
-0.908204407469639	0.431801401368128	-0.257271383127178	-0.734155990399225
0.555729069813416	-0.745357449954589	0.202601663516704	-2.25077893522933
0.176768510652737	0.0990355754082606	0.0444850969293218	0.128853629308972
0.0252762733060621	-0.319574908043789	-0.910263999450171	0.0264848436562815
0.67822099651779	-0.0470556915177427	-0.230816956080003	0.403505521661198
0.300021854021862	0.692241108354362	0.0410441210479427	0.519488243741233
-0.364310733037386	-0.114738185304387	0.534268004573729	-0.0012590231795674
-0.351380294708494	0.298800712112038	-0.993812751674897	0.557366830861174
0.268406431797662	-0.111289579096154	0.0283671081211745	-0.893546386772862
0.613594177949824	-0.0983081376429404	0.270254840294797	1.07288044580297
0.952276163416673	1.80474822765229	1.10452016112206	1.00942013372483
0.486736745740064	0.127236692123295	0.0938045760127523	-0.0213696453870807
-0.0119164054787334	-0.181942567989634	0.677948610479577	-1.47961691233556
0.556821391181783	1.30053086482643	-1.19269609410989	0.029890594997019
-0.286085916311651	0.594853726203955	1.91660496920583	-0.0512536114274614
-0.633401534447214	0.273030667188581	-0.856113449891179	0.370004358640956
0.626300145356223	-0.796107067206559	0.932006473190011	-0.191826761607829
0.195949461561442	0.015960204216245	-0.728499328287667	-0.409425111215636
-0.125975195814735	-0.121177951086565	-0.19182637399705	0.527259670601287
-0.0211009434971095	0.979532781616876	0.24579125529405	0.876520919930956
0.384918106908016	0.315761488031051	0.117815981097251	0.690576926611954
-1.14906617010645	-0.666841284923367	0.317757109263709	0.303983631947263
0.332126688510464	-0.146180550276384	0.344719741900286	1.04280583428709
-0.77650198611447	-0.933491655375332	-0.793104678155047	-0.317761215731482
0.208078309256648	0.414976897499095	-0.533542787940393	-0.302767530387349
-0.207236288848229	-0.582938267888521	0.0938615391455487	-0.266679194424356
-0.16723396452958	0.286144197448021	-0.306746400854845	0.130783670828483
-0.35142844697121	0.204393871225691	-0.0547891738285593	-0.577093561621457
-1.15979979826592	-0.951990758899054	0.118910948868017	-0.873882157102942
-0.0338240345824923	-0.869906487367212	-1.70025358306715	-0.757727524754325
-0.504002396985874	0.614943228315569	-0.0462406044500815	-0.735426432371464
-0.388968148406792	-0.250310634675356	0.815632497949421	0.40927128218438
-0.488091417445189	-0.17457005416028	-0.214145433407533	-0.415112357565971
-0.357957282707591	-0.619202872724701	-0.126052675922969	0.54081448951741
-0.172607733654406	0.591929328521428	0.717265035363712	0.0522528137967232
0.414558518222182	-0.285592686800874	-1.63193373948226	0.226624673490117
0.59099710604829	-0.717703417784077	0.402302689555556	0.568282865489587
-0.351107788582396	0.412136404320104	0.132027882382788	0.630626923969942
-0.371776315453201	-0.616258809351188	0.711005267617965	0.752144611431794
0.632254970744126	-0.717083391390846	-0.685182959176257	-1.35134041623154
0.594443324865555	0.208614880788434	-0.919632235286059	0.943717705089034
0.218987012219592	0.594165983194195	1.08070584806124	-0.341337724242626
0.358184852761779	0.192528988907108	0.282547841496726	-0.385194970250098
0.536101407353662	-0.655761150489164	-1.30570376180451	0.76669262791987
-0.257272077869368	0.426378850345452	-0.755290413551411	0.0406813426294578
0.970456112918759	1.35500215375252	0.536940291576058	0.117117397712759
0.4099737931647	-0.2133824880307	0.511766368422794	1.49805756849798
-0.0219906946560333	0.265773554327504	-0.274033297226122	-0.488404884678848
-0.855706136195219	-0.273642255851272	0.86017461165055	-0.945495830310524
-0.573703375851194	-0.0298825149747887	0.225333782345733	-0.564673406017552
-0.15549347393986	0.306080834512383	-0.8522227166556	-0.297207523921312
0.592983473539303	1.14830047164248	1.33168770033811	-0.055492729251836
0.0608138525029148	0.821744925235521	-0.0918666486781869	-0.265083539066815
0.711118692126638	-1.03865264187114	0.126952852857668	-0.0549414523580135
0.332564231792654	-0.0997879528216223	-0.19064028209453	-0.391102442978611
-0.506141712783548	0.601934509867123	0.627322392331521	-0.168903803424198
-0.0657895391999735	-0.316721143030375	-0.498899882323644	-0.460020230524518
-0.40737892625488	0.351125744367409	1.02914962779418	-1.11023303228552
0.285566273315833	-0.598352550843791	-0.380200505887125	0.656109351462208
0.0180552180916038	-0.343263661402839	1.120021670188	0.510611511312136
0.305712874295958	-0.842074602987117	-0.463607627067449	0.680001397395704
-0.0328880906469911	0.981170670872031	0.346562347827787	-0.203125344266345
0.462754463955939	-0.817690013000549	-0.300325274627138	-0.578652105261139
-0.0346608092611487	-0.534176935337968	-0.363761060162109	-0.560141397620197
-0.345898779707595	0.721079047189344	0.81966848892668	0.122567821343134
0.0986574057827257	-0.31794597747751	0.258829584320917	0.84670085917363
-0.152980133534538	0.0722211775148515	-0.36437406900111	-0.425153952165357
0.804585874473253	-0.250335527275938	0.743442655611652	0.0267229590026985
0.00414365855940346	-0.177285070832392	0.287055068261689	1.00175834012531
-0.247875164930902	0.883632101825842	1.17102744347059	0.150328109640014
-0.975484904834617	-0.509113343501502	-1.60235500902975	-0.221991452999314
0.0538032089348112	-0.28438628627294	0.481194088510905	0.168390682451733
0.281244551560875	1.35854101150483	-0.83301080038251	0.700812511076309
0.0166400417792809	0.605182768044822	1.0600691029992	-0.379230520826928
0.296147741222244	0.279065161954405	-0.152762106036887	-0.691989948073814
-0.59854765761733	-0.355776987073753	-0.408503196565671	0.341568156425081
0.59386418869441	-0.243509435247475	0.227756707205119	-0.271167017262046
0.174297967994494	0.613335615533954	-1.41972637172741	0.112324552753226
0.439719538229463	-0.778242002277956	-0.0567352011183745	0.91702433866884
-0.206414267290029	-0.81602204851853	-0.0796951266951205	1.50976700124572
-0.4417448562861	0.274831108382126	-0.712970391610943	-0.493607215581049
-0.105180691588556	-0.0981973979797759	-1.66435735662756	-0.0953593632866054
0.0243353405212616	0.219330950625943	-0.482659656094586	-0.180848689765129
0.299755454363626	0.00635427803733107	0.221864553383965	0.367929221926458
-0.747225071713473	-0.124321323261028	-0.927541092608009	-0.891931302943687
-0.445247709031669	-0.920166092278163	-0.0487110719906491	0.491968297299319
-0.129746862661086	0.610115905815631	0.482213096224879	-0.80087003351168
-0.321026407256294	0.187572998198435	0.768848497345054	-0.268161460313119
-0.308634742428559	-0.708392452894031	-0.370073910543293	-0.314599307513494
0.280935972583942	-0.507484536971657	-0.477356115970488	-0.146269530606393
-0.69828667994058	0.849007868062839	0.00584973532414305	-0.257739844226085
-0.323379940246016	0.0233401456669013	0.289901131646293	-0.511803548799471
0.0395959178771565	0.144463545474967	0.667449724776124	0.269673156242187
0.253487849763477	0.102814002543111	0.970160342418141	0.472555197322639
0.603993994978694	0.0979591125238014	0.304549781472854	-0.928403428219665
0.955278962960224	0.183114116392716	-0.0106328207390205	-0.00164612883533568
0.163443056305447	-0.0606653059712979	0.510808867678719	0.304485477020959
-1.24717190108844	-0.472004722832135	-0.879824353182976	-0.186288314154716
-0.907238769546307	0.133399750890615	-0.20993803772962	-0.0186921197240457
-0.355350204525655	0.537021422269524	-0.0602262699662189	-0.349958710937285
0.150261131888999	0.051745061271073	1.48337611414318	0.592467116987953
0.279600610975	0.431086591425304	-0.502362549355794	-0.246394973858792
0.652736224345287	-0.409628100323102	-0.35136971799493	0.279537676236074
0.978475562445461	0.52162220694061	0.579026690427896	1.25537720088233
-0.203569278209305	-0.169059659376702	-0.315114121647472	-0.427699627752438
-0.324462383000745	-1.13170257667562	-0.188555120036649	-0.859237030010027
-1.09620632297548	-0.258634283452881	0.864457651748907	0.363223031936936
-0.0476640277130672	-0.674619217236069	-0.172734575031018	-0.388395659449424
0.0502501323831367	-1.32867476596544	-1.19433933131574	-1.64925509381471
0.271151440641507	0.330273846776696	0.410946410376558	1.18827745806767
-0.9480724399654	-0.656619325810761	0.527428108058163	0.795307871826264
0.804118279016124	-0.283084253863768	-0.602744912673102	-0.0739066584904474
0.708836137005215	-0.601471598196565	-0.991183277128447	0.118951117748566
0.394556731579107	2.28664066618558	0.601992112820858	-0.57191927880017
0.502521133677013	-0.444654373953792	0.191963361552863	-0.0888474916126842
1.11757831091314	0.976367803159605	0.734499987748895	-0.197564830860079
0.67520527200825	1.37854324807849	0.214054610018797	2.35633136825129
1.22047376269726	1.40159557557968	0.756357646462279	0.742659253947529
0.479299158706282	-0.689515988549421	-0.055011023632844	-0.267855878616562
-0.0480031877423804	-0.62369905636112	1.17912822255809	0.597156450295774
-0.653152197530349	0.0819617384265315	-0.598727725623358	-0.0371682212551051
0.136231487561625	0.0743854054378859	0.668845535249434	0.942641919789496
0.0629730482272433	0.164546065856429	-0.213339814284583	0.262984890859519
-0.601977953660312	-0.31243014938116	0.0483240802161971	0.106557799333355
-0.185551135934744	1.16652333143011	-0.196797065584339	-1.30978815429745
0.229604614411372	-0.343656273479667	-0.463039382705821	0.0307101072049672
0.228876209109905	0.294513819498756	0.599909173303759	-1.33186365930055
-0.583664817865432	0.581893098804733	-0.786337984727279	-0.115477331752393
-0.253974177430249	-0.293416022386924	-0.498540760545994	0.790424969610153
-0.653792407579879	-0.702063048697324	-0.0241270894875296	-0.276528832767969
0.88389943886482	-0.036013168754761	-1.12152234348809	-0.641149870043433
-0.372896406592749	-0.210961849176735	0.228528254157849	-0.466590496223708
-0.769476382982185	-0.661547089550753	-0.880974445854076	-0.865464622188286
-0.745187417307048	-0.20310311978256	0.0691538995410411	1.00459798573576
-0.716433300964144	1.23451832266785	0.469746493308536	-0.803713576233436
-0.0165160694303046	-0.535505209836255	-0.582178355957899	-0.263545580375724
-0.444858627254426	-0.828744327278377	0.510486935613471	-0.477886374376403
-0.655492755201377	-0.878816351596352	-0.595626706997299	-1.42597250317729
-0.0297740603980275	-1.05423930066095	-0.168021272740137	-0.895470763805928
-0.777916255410909	1.22796776546851	1.0366361737639	0.081883638010644
-0.637829196984196	-0.654640041967121	0.880875542235079	-0.68268844489815
0.21345367542541	-0.865123508660902	-1.60416038427755	1.10956678672985
-0.744626743522229	0.282341495365959	-0.334145201201493	1.28062403669923
-0.684355346387873	1.21922215929374	-0.863678942340877	0.495357974533966
0.983554934529885	0.779001159492884	1.4027730515159	1.73953877955501
0.605388854059169	-0.0949152683515908	0.417453969785406	-0.29133010921097
0.393703832690275	0.724924647147199	-0.744663708972334	-0.793020888212497
0.754343646558072	0.570881416050011	1.16543602376647	-0.916494667092313
0.434445235373964	-0.32080440648913	-0.557020535032336	1.00810640963534
1.65010705803301	-0.04504507108945	-0.518649687196286	-0.390138205973384
0.89414954535505	0.185892519747501	0.514267994324854	-0.621854551223943
-0.035573847619088	0.529866265082379	0.924914826669881	0.625580952470379
0.12675019686501	-0.864772946633815	-0.474600891581124	0.92783125254126
0.586786412923461	-0.839334288936225	-0.507304590255372	-0.756323313503065
0.646715501834357	-0.370682915843018	0.508252025646541	-0.102147241475089
-0.082405143577958	-0.525727605733531	-0.877460056108027	-0.55931234586838
-0.69421762023067	0.199812052369452	0.422753107279953	1.6812696368959
-1.31517964869634	1.01651900975188	0.00649762614291574	0.669767126921325
-0.0664836931679389	0.0224608737452593	-0.229050215820642	-0.492511886087195
-1.08188695300372	-0.115988393836184	-1.37648005650899	-1.18316619782356
-0.419631756705863	-1.07750653204263	0.780520040998212	-1.01720429479974
0.526039182886529	-0.0270898518919155	0.914463246097252	0.590856500969446
-0.254257541586104	-0.0735839449828164	0.664878527500241	1.1402901731185
0.412017665311339	-0.338452460006243	-0.108880259553395	1.27632740689341
0.0746365894733955	-0.324978570854165	-0.50502493244696	0.825927585926512
-0.856142155664103	-0.691052036523846	0.6339624152986	-0.532482141209976
-0.783571114767545	0.811337354280385	0.59913497093893	-0.131572547739764
0.201080614880148	0.12400275540517	0.901455599100909	0.219924537004251
-0.490965059892687	0.889216113418604	1.13290947744558	0.249611461071937
1.48216947036678	0.367365808725207	-1.3093248942917	-0.849046806730834
1.07035142851243	-0.0597182887048216	-0.772227269008036	-0.723540282935511
0.654280507245648	0.824168386665469	-0.372343945547963	0.465367385314124
0.353944335628684	0.129882089359066	0.532700964222617	0.594471275055766
0.488045325293877	-0.0691344573040861	0.684436322630786	0.0465031144318405
-0.785723493578875	-0.115311110980683	-0.805830706810442	-0.134909154956324
0.278731290172886	0.605936738436269	0.486979529153405	1.50258412177951
1.39415565069167	0.245196086499668	-0.199196553017672	1.31554420209623
0.12626046502665	0.725614849323851	0.671361447016267	1.1373638135259
0.530177704928295	-0.528556450348425	0.211661036433612	-1.17323847431965
-0.294169879931536	-0.222154330450701	-1.1881389115462	-0.523724461620498
-1.18448356912156	-1.38654213193342	-1.50555464466317	-2.71296039534505
-1.64158344233253	-0.456999158147325	-0.589973149270396	-0.0744351001110464
-1.16698676285056	-1.11930888618801	0.330461751713177	-0.384188872183355
0.680290919644476	-1.14898998680326	-1.32158510104271	-0.234100924979809
-0.382085208888441	1.80079871510995	-0.00233224871800789	-0.722487342666775
-0.706920263946253	0.596777576751382	1.22280646270783	-0.894729311722344
-0.510083145051013	-0.298036453264042	-0.84689294748476	0.365659915839852
-0.526550724267096	0.193355310007431	-0.340445958833842	-1.75524181837303
0.987802311266342	0.762776273560094	-0.204107002175956	0.967839292125627
0.534624629001567	-0.327468314833649	1.27324743689405	-0.67547713263286
0.151005350254929	-0.527444011324192	-0.260030002919253	0.56559439120952
0.979441474200677	1.13378916349481	2.20093068086507	0.991839880850954
0.0617392289650011	0.218782094344556	-0.550177134544433	-1.02766549369921
-0.396806426595052	0.711448676427269	-0.819455518670137	-0.201577744711524
-0.392160237948516	-0.0597027252334841	1.54959120116255	-0.449969666625677
0.313031895254871	-0.205834226719358	-0.886024156549474	-0.180959346332295
-0.985725614846259	-0.289912268099234	0.331907906053637	-1.23810850899778
0.127996357817576	-0.141555085710268	0.396026812567232	1.09373470936999
0.204081355846066	-0.685917654133538	0.0204435555107282	0.560793393116921
0.393780016511881	1.17889447489172	0.569053290990095	0.103987658245356
0.0526170218312522	-0.0336947544600445	-0.405103101241206	1.26534887566267
-0.749016474179609	-0.73178077735869	-0.0423958373872625	-0.600582356427835
0.574749458174821	0.182733279611453	0.240530846991283	0.42269234893248
-0.0650779024012596	-0.417400396013627	-1.69508238287181	-0.290757124749708
0.26895045196054	-1.05602070826429	0.166177893653706	-0.948017841800031
-0.290292679775283	-0.476212395422728	0.321574585377556	-0.180407976864925
-1.13513779373015	-0.753246170232594	0.787556316539737	-0.0947244915862932
0.436028735540063	0.684712864206951	-0.133160509308097	0.301474274156154
1.10608650225841	0.587060722683866	0.388688707632611	2.0662788734353
0.157550942118138	0.69715485738488	-1.06130849753047	0.323816994338771
-1.30874137849037	-0.931239799974933	-0.670358827150427	-0.69364405255183
-0.683134914071579	-0.210135198464873	0.31071011509742	0.0606737472962517
-0.0532550448171109	0.158831481683471	-0.496415809562074	-0.149555211854782
-0.216285356519354	0.169153415759378	0.2533131319479	0.303535288432168
0.124961084625136	0.49609202781858	0.982830341748768	-0.160606618746977
-0.295177406970786	0.645630787188087	-0.281862715048722	0.187486866241136
0.536408973250169	-0.0954427392431725	-0.48093749693833	0.0124590693759301
0.617242836665527	0.918930428616796	0.620956526496782	0.70177748875823
0.251656003649598	-0.209482919123699	-0.64810584815066	1.22081144452763
0.580767312272962	-0.0147778809355785	0.607498175855494	-0.743196587460183
0.263140007095733	-0.345953962682241	0.451661783170097	0.614694293126166
-0.192820625240262	0.299585950653575	0.960819536473579	-0.442543192309649
0.802848790838786	0.485127689650729	0.10483730055716	0.104835687458654
-0.0680752890286788	0.951059337673167	0.346310070701338	0.469452603332889
-0.479142109919274	-0.0648440682229289	-0.185742780936675	0.223689223805068
0.677032292073096	-1.03859839692899	-0.128371425283427	-0.0996404621723035
-0.0142271081467305	0.226905153362455	-0.425063904736324	-0.263559732167528
0.673315244952362	-0.00590771374777056	0.72103952816324	-0.43440398427432
0.161791735933125	0.0972242617863797	-0.232209223024573	0.818470748221409
0.143545275722988	-0.547905522465737	-0.355147652291643	-0.640383785916215
-0.694032702006611	-0.485698932661954	-0.822037797514428	-1.4317364921503
-0.311652386732657	-0.599939551219256	0.233758900065874	0.37021912321345
-0.150400632914667	0.312273674403426	0.799093772645778	0.460759645136954
0.050376440431905	-0.180830547032259	-0.499092817089425	-0.848055239654749
-0.330967563504684	-0.470905937656118	-0.936116809920027	-0.387277419573515
0.142721149081034	0.105027370225926	-0.627894038072426	-0.71695054541586
0.366730802028982	0.189479691544007	0.910534930122896	0.399030228512507
-0.29307529950601	-0.353410571674077	-0.920133307037491	0.122785989157214
-0.395769354045985	0.881482800190482	1.0534678815788	0.140770723238596
-0.563998900738792	-0.0444870624659063	-0.382155244378838	0.190498558914452
0.248022051603654	0.433413246142361	-0.24138842919247	0.136218791436336
0.0249017993833816	0.0429149311295983	0.79081376445842	0.00171274972497681
-0.305367301023808	-0.669847223060764	-0.821533362680826	1.06939313183997
0.515275609988124	0.542929981102413	0.738941184987168	-0.227595562566346
-0.258243338418652	-0.185877505802379	-0.874340855963995	-0.498044398000486
0.818276280544814	-0.763421714712866	-0.109558098829797	-0.163877226488019
0.231516174455728	0.300797827960838	-0.744004834619011	-0.54763345584367
-0.567152763001706	0.201464524662637	0.528196982684169	0.555743591937981
-0.182285177580904	-0.113415350529586	-0.436342877806963	0.659100398939997
-0.680335771894906	-0.917696263895473	-0.429648460504464	-0.485515487931734
-0.277392373682548	-0.340904102296445	-0.444259902793018	-0.247776255503909
0.115763524495843	-0.127470585389316	-1.08945920630158	-0.805837877996056
0.260629688593825	0.347658366746762	0.359728570347259	0.59268101787903
0.176760932379058	-0.49045233641703	0.470190581997254	0.896360800873586
0.508306390783815	0.286675727106627	-0.123316528332276	-0.875103384683488
0.348491165970531	-0.277857318109132	0.203929260309438	0.337815324121116
-0.355091952834806	-0.4390455971113	-0.213617045496553	-0.0951029972812908
0.0639242490743373	-0.0612292615182949	0.32036329294061	-0.752666877828836
0.478410023606424	0.0255753107110361	0.201401003544874	-0.117823505040942
0.241729455184563	-0.256772742035496	-0.493686795821739	0.0525363899128048
0.401870752946958	0.323925271404384	0.787520529217694	0.86377615590524
0.131811594668188	0.274769541535297	-0.0740494388252766	-0.434890671242866
-0.3080892860954	-0.443252781216678	0.221407683370587	0.586453280508315
0.173293364731607	0.518980932617718	0.833942898622359	0.404838137176254
-0.280132328599188	0.363780118032347	0.549425984575757	0.328374203577227
-0.0607797854558457	-0.454644944450061	-0.883684212151311	-0.481388992035041
-0.714360701350449	1.31643423016189	0.839285869722698	0.0441310340008987
-0.029591015153371	0.0692288241446282	0.241766317082508	0.341165104782639
0.466349670046675	0.893765239577382	0.95322179537669	0.51935457605243
0.412970317914038	0.383508023415616	0.603819870208377	0.0560443431664834
0.390000923152691	-0.00132692355649963	0.229493076595472	0.259894428736243
-0.932708863772081	-0.0980560535668122	-0.660261927072163	-1.57825197278658
-0.85142575426667	-0.272948427571526	-0.749580577965083	-0.251282714323367
-0.147003373794572	0.0530190110430425	-0.0326171591155337	-0.0828177776480821
-0.322350969531544	0.192865716345026	-0.0094190133409199	1.23209751506611
-0.421407702394802	-0.1343957117855	-0.448187790045365	0.314024930528104
0.222822112749896	-0.045916611559965	0.860238121121512	0.0843173155581755
-0.315007835131749	0.613568863718125	-0.0101761187285648	-0.0982527037476156
0.690869544507105	-0.839056130254821	0.246509194792097	-0.620123303779351
0.0558342709975346	0.242104057012821	-0.845176530669114	-1.00609011380589
-0.296208329269601	0.105432190493721	-0.0402901982151536	-0.121922834736933
0.170004222108922	-0.560984291290829	-0.375470735120547	0.318518903409084
0.252568035744421	0.617597671876108	0.0512119501558892	0.140050600415522
0.702616793739835	0.184737324226501	0.1832927336759	0.48205718339614
0.737708809049551	0.18093817553025	0.87435930304707	0.118671935880578
0.0371632104329832	-0.0106423415052492	0.866665812786185	0.114287126130544
-0.164543583565724	0.21476659781757	-0.55349960840701	0.120863124094175
-0.457014977070711	-0.676900356964184	-0.207564430338922	-1.49206557919418
-0.461351483914412	0.0651522659777904	-0.433652314120294	-1.15310745931343
-0.590778339460653	-0.588364178111319	-0.527633925491372	0.940521500809244
-0.619129741043715	-0.297107834296761	-0.523522589531804	0.7999132394614
-0.0265580982679315	0.324506275030096	-0.0811107870993352	-0.194547562298836
-0.398716261309836	-0.224482166368803	0.114947849803664	-0.282963521784032
0.117486339504322	-0.149278495920205	-0.610280545896392	0.331234920961459
0.438047922933413	-0.338601515316799	0.178214820924156	-0.273703226247986
0.170366752063195	0.228597926133642	0.216199525790605	-0.210119637217884
1.15235464556042	0.350539036268933	0.0313384523422798	0.952300639990489
0.341720329418677	0.0587048457359095	-0.278901377800995	-0.197946005166414
0.305083205554178	0.400323594700103	-0.0483813270298292	0.371008758037142
-0.139458747192884	-0.161118604383774	0.620059998475002	-0.635364983530062
-0.314159012059204	-0.497969987739139	-0.636772034890802	0.718676593626894
1.2387094860484	0.693425473117545	1.08552767911725	1.09036160034961
0.618388001476574	-0.997644726993954	0.529961122407429	0.84077743848971
-0.225091427825548	0.0752980161236814	-0.71623131088351	-0.295721013688837
0.0877681448298176	-0.475880673664227	-1.06145268904215	-0.483258523643028
-0.385835974132815	-0.108174874061561	-0.195939995125325	-0.723338835336924
-0.0185422570196027	-0.272297444045801	0.0692072630105032	0.248119249943191
1.16407599959708	0.649951206524163	0.94643915942967	1.19506392138572
-0.159270731823852	0.283904036063579	1.14785934681916	0.0634266263988441
-0.808444499214811	-0.356409684527741	-0.645296342383924	0.316604103060089
0.119013500017482	-0.429084499370723	-0.323734036999623	-0.738069381172596
-0.140303262541133	0.213466440397729	-0.625632865536641	-0.691264712132724
-0.240216341826113	0.513294232316051	0.473391468880666	0.0334644997569869
0.00888637765794422	0.118539306367095	0.0726246966299569	0.056628451344431
-0.194880235981557	-0.55227959201101	-0.40668102991038	-0.540384736760838
-0.779676877289724	1.17876762218976	0.949946576264645	-1.6096564544566
0.0191377818484971	0.0190353363273996	0.345067385944169	0.664358663211189
-0.221610830520306	0.379679235022808	1.20632749706738	1.23264197780706
-0.319843781404597	0.883846629240289	-0.0480652302611842	-0.191287802009655
-0.439811773091506	-1.30441542488634	-1.37782549477862	0.21957443137067
-0.238266015936186	-0.846836432279745	-0.724929571380605	-0.699409593357867
-1.93953832035587	-3.1587622970778	-3.59175632908077	-2.22579187954913
-0.081532732186543	0.954822711564251	0.746697212543224	-0.337569314576325
0.0527006322303101	-0.138604076519064	0.960581989334458	-0.435998414808482
-0.526676320644878	0.699813492249614	-1.30912199633488	-0.530499393347103
0.222510759589581	-0.469180896025824	-0.664787150257714	-0.705361269920201
-0.284149075712187	0.685299627242396	1.04513334127066	-0.665712941314456
-0.45875154594564	-0.431636766497196	-0.518922047125159	0.24963224034953
0.159941690696689	0.00169805298099794	0.031914106700428	-0.279799344201133
0.531726173964841	0.41421128753449	0.548390671276442	0.901738105497273
0.894191495303162	0.429040926983835	1.00418886718902	0.504833507692258
0.690119768938812	0.417742056029661	0.688236590623561	0.641063714657176
0.0144728214380226	0.0625635057000465	-0.092654550252183	1.16276740477078
0.360110459976722	-0.0545659961662497	0.409090193417861	0.0124939867362084
0.502070470492252	0.498527686577039	-0.400476386154285	1.34861604834216
0.457084030175881	0.803663088602693	1.37229255136126	1.05969608417963
0.131887870174579	0.620946824085245	1.15291797891444	1.21612869488649
0.726181865353041	-0.282602625956459	-0.304459507035365	-0.383408591862357
0.704095430839198	0.365301341324028	0.263922597924237	-0.345150894565263
0.236518054563088	0.241907305867526	-0.556835655041557	0.0503764285974033
1.06358191496863	0.173627808638651	0.423107388721017	0.133402762473549
0.367948467339534	0.273668211541706	0.541620572014781	-0.645284678881504
-0.352971015303753	-0.160311252512912	0.433386029562755	1.06563034191672
-0.567521443126633	0.0630913321965626	-0.129410892000381	-0.522706832625098
-0.302526569826691	-0.0773099786260107	0.243415381770061	1.38016883881437
-0.401150234230453	-1.52243687640479	-3.09253916867622	-0.225888547529511
-0.013517675455238	1.57562190110423	2.87066109058591	0.0825463148820029
-0.345887166360649	0.168846042016129	-0.537117005922923	-0.218604614121127
-0.209865455328673	0.595098662000948	0.60881789639956	0.900885626832068
-0.434782193468758	0.0986421390748343	-0.138352496882963	0.454069947343075
0.596118159671324	-0.468346929348842	0.961702781815197	-0.636050786537273
1.14845139188004	1.54193316419858	1.27427494216639	1.59821157717195
0.0145352842223077	0.341547655773594	0.664910846168166	-0.0257767607582032
0.537606389670271	-0.76370692709504	-1.42026862636092	-0.833211827015097
-0.331049610600861	-2.22145509547217	-1.55720758514308	-2.848834498679
-0.287185577451588	-1.37030873084393	-1.26817145284432	-1.01771233468315
-0.514747920621586	-0.831300264988574	-0.0672389549605361	-0.310046224430224
-1.49980595944517	0.354667765238204	-1.33858957513691	0.167609051298596
-0.862229843402625	0.0654335641847105	-0.230811738841642	-0.844624913947926
-0.247941628503834	0.215883898093911	-0.540894219738345	-0.769026082589364
-0.839531385447142	0.118606388841495	-0.163782136348223	-1.25128467321329
-0.280966319787021	0.281127003020855	0.379012356039675	0.357279855992914
0.0300677564660125	-0.748698551568467	-1.12150041276608	-0.246298822548401
0.270050623059763	-0.680623965950353	0.377757515382249	0.307947470656837
0.0928606129649611	0.536599151278816	-0.354379804258053	-0.51319687274114
0.495405008803641	-0.152664371933567	-0.250588116572157	-0.388299915754061
-0.0634186984504231	-0.665641263062163	-0.684555644945096	-0.48603190961872
0.534529019833438	0.15268629357765	1.36988701227005	0.43115652838427
-0.152348208554247	0.351058078690442	1.27475185386035	0.206181705508563
-0.411475142155429	0.607172851041067	0.191821408355244	0.539868525993523
-0.166681677690933	-0.551999317068837	-0.27756644994885	0.667769839320169
-0.159930634886909	0.0248559710680124	-0.629646518500313	1.29486783549028
0.219367119857989	-0.30900191730939	0.311089313457156	-0.0958409119444964
0.283346779312146	0.730978268671965	-0.729040541466667	0.561670576404382
0.0353740908084499	-0.148091453776006	-0.581763210769063	-0.225109883370767
0.462947380675797	0.426099064288807	1.44393653852047	0.573482173864732
0.875245771859431	0.299521747694295	0.735357328595635	-0.154070658368546
0.212749881375258	0.0197811860952705	0.807911324912406	-0.300484002774376
-0.281144377836078	-0.109000792898254	0.522506900058568	0.367891895455848
-0.548369619634379	0.166725980031026	-1.16939876627494	0.126668038755784
0.101087211664568	0.372294354491369	0.497572471890048	0.0920806903479149
0.230522606072949	-0.196866486784834	0.863588993153795	0.65097370057347
0.58598598188055	-0.0250558967812654	0.229044763081163	0.863249944015965
-0.286589261448148	-0.238326331982216	-1.18097377628764	-0.987804111643944
-0.79079471193084	-0.323951799911995	-0.644907644662044	-0.0377870446889186
0.55867835308107	0.511341912815387	-0.239374633612151	0.503065238260574
0.864650784771356	0.352895880312951	-0.19717552354832	0.607486870786204
0.837302369627087	0.0446159671430154	0.0758938708407209	0.280090855459159
-0.190902310957672	-0.252717170815605	-0.684754499534373	-0.15197977276552
-0.204725553937619	-0.334155113373899	-0.622021652953264	0.265827583989068
-0.0923247005714997	-0.243695516012346	1.36057167635805	-0.638249257674232
0.47919471528327	0.629407645391951	0.0490721560767889	0.00795346097983247
0.278978586197137	0.507004443340213	1.28035825126695	1.09354732073569
-0.226647360762473	0.384454366006265	0.0985068219543663	-0.653329338881985
-0.641526305617246	-1.13936609410894	-0.728373337823424	-1.2474253088636
-0.339024781978334	0.0260549030597735	-0.577875209550627	-0.299106501851345
-0.0841039202438352	0.450989704507239	0.21404631319988	-0.8034566191399
0.451331576625048	-0.515805128656865	-0.583542535186484	-0.319403062040807
0.108783256657041	-0.249234354664227	-0.449198135024541	-0.40405596501412
-0.813482276048774	0.191877709944882	0.583040379381951	-0.685798975975385
-1.41483310906589	-0.603312058253469	0.0787010651694589	-0.189408199196638
-0.833999358593276	-0.328514103712243	-1.82050091331821	-0.566012553679981
-0.630790742185424	0.0165203947581787	0.130571848736329	-0.621662200497156
-0.69839628054889	-0.300381755065211	0.278016117124421	-0.630836353019619
0.642864910378091	0.232580057202324	0.476962110588852	-0.084192848497121
0.22506926648324	0.86117935224196	1.26804733471092	1.5760171127641
0.855585342739457	0.449874238252199	0.392175690737185	0.243148953303561
0.36831342909121	0.605632361328466	0.0225047722926352	0.617535817116672
0.828848468232678	0.589589682277506	0.247492512626331	1.18036558555159
0.450606098083104	0.810543650493548	1.04170956769831	0.821357764755533
-0.355483824933805	0.0949193973036141	0.198495820155521	-0.541959413597396
-0.411658315191275	-0.5758300704273	0.718693314447331	0.76420927220694
1.27079246514016	0.85043458495865	0.820709738185668	0.409132507651653
0.773482270213445	0.422634213587287	0.56436354797555	1.82282445696426
1.65788856380598	1.38317868533144	2.1995682331115	1.11491233697183
0.33032948682318	-0.545286588622808	0.160221569683065	0.809808085157809
-0.492886255947972	0.0224264616564748	-1.10680348785222	0.466839651055606
-1.58355645231581	-1.21558058715019	-1.4141992418945	0.382121906423465
-1.08684326935567	-0.0182563043917999	0.33637570123602	-4.70672655409078
-1.03204187044864	-6.09254637622663	-8.25556858989641	-3.21442776770305
-0.135715023332724	3.32088467423226	4.51916582007353	0.425642287795463
0.222762738973264	-0.196458696730733	-0.199890556023481	0.628750428122129
0.0255094924869032	-0.0856214377666135	0.0263074901218925	-0.573351434079983
0.132950364261543	-0.366285460122713	-1.47720022171974	0.51545100656112
0.511892301490362	0.933263945702895	1.35683709262538	1.0530736547114
-0.872035290225885	0.279302920487601	0.142237404161406	-0.235778929238727
0.449633262296848	-0.760128565371853	0.665979813465786	-0.0486794519517964
0.767071221827721	0.573177663666892	0.197335988973816	1.39283035438311
0.790672706696758	0.150340240380972	-0.14688819007189	0.996942244750931
0.652533077386916	-0.209179975921422	0.369536214485351	-0.580087303983682
-0.300875540412617	-0.0996503611549502	-0.933985595753196	-0.532391889643124
-0.918180611382721	-0.22471997351648	1.59259985153421	-0.0355518253245597
-1.13742086217912	-0.476060665220123	-1.09398897143598	-1.20082041397376
-0.608070560271029	-0.613760646022849	-0.436595363394593	0.565492503876242
0.607847270624309	-0.206012080087582	0.888835769953841	0.643389617807876
0.0703602045233455	-0.160291234998571	-0.59518161751941	-0.501088042422615
0.65290304758381	0.814276823310817	1.40289751549148	0.597865383452451
1.25815711771753	-0.15422619773506	-1.21650948165211	0.554305962504001
0.122387717779004	0.374886394933936	-0.10649146417842	-1.59701631955014
-0.25742287434847	-0.388474753917013	0.140372145639174	0.235225170522698
-0.305354833778236	0.771170966711871	-1.02304248471196	0.240509798219541
-0.174558784146866	1.21501764358483	0.447453663666479	-1.27637764478155
-0.959429700609139	-0.717165869275949	0.558291077803946	-0.92542665728823
-0.519945117059473	-0.954623749162999	-0.748193373242872	0.0732453950861628
-0.565379912834869	-0.46104050811242	0.194830947402857	-0.381488430174109
0.162175944134965	1.11176345326285	0.758010239969308	0.541092948553028
-0.5012616618981	0.36051524322199	-0.615624803327474	0.474409561956986
-0.272392890876981	0.334920243440823	-1.15675766435477	-1.12331087098745
-0.459688745564336	0.155507891192993	-1.15182557999903	1.10698416205078
0.303253581313965	0.921586956900012	0.930028540322214	-0.413090821016735
0.901898463192078	-0.426585667276376	-1.25258280881285	0.152968659303419
-0.146378963892781	0.747344174315995	0.562420620471456	0.251384111173013
0.254699685994516	-0.468969774371389	-0.548082799209838	-0.385951710215137
0.587312801180974	-1.06326983509201	0.15450294785663	0.174478580530451
0.968531366994382	0.129827160559572	0.654332951003504	1.01922309135074
1.24631350214993	-1.10254459269859	-0.214368965985881	0.159879546110517
-0.0913217605355258	-0.161580324562733	-0.408305960795071	-0.174872564371066
-0.423317892158592	0.879527043173942	0.757152880216541	-0.507778855846046
-0.827109065313017	-1.64635915663578	1.16155700534533	0.186795246702418
-0.192838009528525	-0.268822804874945	-1.38630894093846	-0.0620453525495442
-0.323475103241881	-0.517988587705868	1.08608229639958	0.235402874995894
-0.201395903979759	0.936550723323697	0.93927446795253	0.264835550173429
0.395379024306626	0.425981729261889	-1.14293944058179	-0.863785998975604
0.79572151216678	-0.0681606022597932	0.759956688229023	0.28209704332456
1.11262662843427	0.291534150256072	0.464142797165981	0.634491801366464
-0.936285154709717	0.583141136799127	0.484051964598155	0.456518988641645
-0.696643143885448	-0.353385322182374	-0.208228326812532	0.694273411637683
-0.682637177998401	0.935700939279212	-0.675688331609308	-0.598250177574141
-0.0231561394286918	0.302832133357554	0.662041345223107	0.149548832532217
-0.454485294437299	-0.533197513509557	-0.0155024675268503	1.79825195099077
-0.00275128702290771	1.29510343231296	0.516150276008332	-0.555866006412129
-0.460590417221788	0.461525163295472	-0.266832608849231	0.569502821767284
-0.0751202619034985	0.0524631106543209	-1.68680664474917	-0.970878237340698
-0.244291394100823	-0.709764306160749	0.430368438549026	0.412766446401765
0.438385171451216	0.23655027053362	0.220663998796131	-0.411845516116664
0.315406148574941	0.115455191741352	0.438513394054537	0.65921674740426
1.52417103380596	0.349265066422206	0.637727884166549	-0.663265804690428
-0.204799087657982	-1.54923693087163	-0.381522902152604	-0.401682291189675
-0.552471227151074	0.250272711885239	-0.200915510816703	0.281036590819082
-0.569787335089062	-0.96767664647531	-0.341269391212799	-0.437482738201466
0.939226600751277	-0.00114488747000644	0.492893437005033	-0.162160939612697
-0.485839054940154	0.0770931769478508	-0.213572431796388	0.445248049397397
0.339049284032606	0.252439871964985	-0.179106404685183	-1.36061654496753
0.446528851806775	-0.373668146324012	0.316984107247058	-0.42578512507297
-0.425814392352292	-0.548103291212173	-0.0632568123850953	0.251687438249523
0.914746184020207	0.20888574910891	0.566595642344987	0.420867010268217
-0.561419608737537	-0.1211858370157	-0.0484475914192641	0.415711002182344
0.821642893182194	-0.617013922597478	0.35274791953529	-0.762414185812274
-0.240382552940824	0.226264480746988	-0.801095916617253	0.735676331804336
-0.308729443006297	-0.202726685102478	-0.874688082571711	-0.472199029695284
-0.950393320784118	-0.476021693780768	1.05132953965701	0.20241947209641
0.442696397681656	-0.905657386159696	-1.12839328863491	-0.886061555513345
0.419222566717198	1.27856606389332	0.584670091968407	0.359662762412536
0.0413602531710651	-0.619786493830333	-0.294459634741697	-0.325301743476323
-0.060611970446661	0.495373326147429	-0.117349902779399	0.154001361537394
0.538025560388047	0.092559163372298	-0.711715212431676	-0.558078475371436
0.151281892640153	0.277865414265884	0.0747268071559826	0.224037465740992
-0.120523983435368	0.24129377436741	-0.442099139963794	1.0329280903387
0.0421653676374206	0.966666696689406	0.695515217339106	-1.15168996127208
-0.663624284324837	-0.431812737384167	0.0238960815627519	0.114170286869252
0.0503742586783588	0.590556301450227	-1.32780502749006	-0.531046324608209
0.632498822165052	0.01218342650765	1.19239724281927	1.06771506914425
0.725091879032633	0.898849853826795	0.399119302606735	0.921521539918426
0.172859931596441	-0.196881897933095	0.4000729671757	0.0554686535597
-1.05163895163116	0.204504347868046	-0.589042636158249	-1.26175611689129
-1.36456480411111	-0.0228414180144941	-1.39607119270034	0.24555518617578
-1.08596790898376	0.0915930544092396	1.93868883588146	-0.746259265776376
-0.674899474982027	-0.128006722349152	-0.0534895731624493	-0.0715635521755086
-0.0422903855832196	0.371756542046677	0.676880355838391	-0.561698648472751
-0.747629020896489	-0.899227695997051	-0.895759832665987	-1.09688843040056
-0.714092388178344	0.301952018372806	-0.943143313601891	-0.76388690799218
0.489691765058071	0.194427844518557	-0.737197210734481	1.71390479866821
-0.135174270218421	-0.86188184769434	0.0568456020969621	0.672333263047295
0.122845183814021	0.0247987879717452	-0.277050417557271	-0.16326625015859
-0.878796629715454	-1.14775717923625	0.670582834785083	-0.29850501699367
-0.345066475862409	0.0914073993638067	-1.05820786520359	0.237824604912832
-0.583820081131833	0.152944809341679	-0.156801812719546	-0.267857612434535
0.463532062561406	1.07079169101897	0.41395398773571	1.07347685501047
2.16166459592601	-0.184431835324663	1.48159987636604	0.169205198903626
1.56587625677983	0.320695074854063	0.392143211481915	0.350967427835621
1.24999332693327	0.0894879125129767	0.939904068320156	0.447423540220726
0.0335961349643333	-1.00803492961318	-0.73309190840513	0.0794380297701968
-0.0202216931282878	1.06623310234292	-0.0453949240800749	0.523045626837077
-0.0917009915855404	-0.761044694095581	1.31491263735329	0.00736530577227835
-0.408492279974912	-1.09940355080435	-0.507837464010612	0.0194029733591087
0.214523204361534	0.035130422870059	0.899089326830049	-0.413984143918651
-0.401274569502189	-0.0626494949138196	-0.533265762646826	0.190489847461476
0.180898071102433	-0.771965295555613	-0.154141511133198	0.64618091313759
0.505367005455378	1.03983690197147	0.663123121702475	-1.01136956119594
0.0654991306007043	0.655931263987321	0.0414410260037024	-0.284652442398439
0.00668430452455166	-0.787322016128528	-1.42568089500843	-0.476571549942614
0.808340307525635	0.617269772475273	0.575298030279209	-0.650089816693268
-0.0424367150515642	0.0278084085066211	-0.327153103819039	-0.263458014923501
-0.0096799041747349	0.0748387300479308	0.4809190679337	1.43615348033163
-0.684269529040762	1.15066024325296	-0.212383946120344	0.290726496761753
0.262691769345554	-0.181336906082955	-0.555746750933007	0.27348205484901
0.153024604993535	-0.869571943764153	-0.453709920491865	0.163833663965317
-0.177628478793068	-0.0222560727167981	0.13960957861284	0.460314874463813
1.55553336728749	-0.378385012268222	0.31544945437436	1.14616657636655
1.78472991742319	1.9755112851431	1.39898252889694	0.988833622441698
0.177322012299677	-0.931535285618351	0.1251881645012	1.09537989240297
-1.43652639107735	-0.135256623001243	0.534682930289416	-1.41794291768731
-0.836955126024135	0.273828642669346	-1.00124153854263	-1.15763044938786
-0.506306026922022	-0.821026305787505	0.390579380789856	-0.0803264650322217
0.725096399426181	1.22232612102311	0.941600259309924	1.14838133432203
-0.0340366122895372	-0.714026284919275	0.182423305227876	-0.644664648851502
-0.932096118773975	-0.80691658769008	-1.12776974692199	-0.580060472190144
-1.37600259825451	-0.305369123266793	-0.0273358355022256	-1.56541913322857
-0.0593677846063307	-0.420946555296027	-1.8237669514205	1.04244351284288
0.0357572164809581	0.575245884426856	0.746692663090907	-0.189652076027849
-0.157166348108334	0.440088358673166	-0.415620862590786	-0.136609012267226
0.0812087669360011	-0.451446118214239	-1.75374726293545	-0.563145827698708
-0.549160995141716	-0.293758009101637	0.392424001337745	-1.1295958137359
-0.974995433200891	0.736927399747101	-0.655208147434875	0.172351120092935
-0.345497070503071	0.911625299594627	0.0698860516218903	-0.791217678724844
-0.859054325219769	-0.0711505149258692	0.402702232628528	-0.269242868894224
-0.214193148543021	0.163829159326341	-0.886921172763391	-0.651276144685051
0.972484101858166	-0.674242321315423	1.22514647332683	-0.592292051322067
-0.200063191112593	1.28041348288049	0.683440242169757	1.64172970605545
0.6227912900642	0.504019666444607	-0.00760728295762493	-0.167865559328601
0.318963979152131	0.0856240220305143	0.810955538846522	0.645207763336963
0.279301008268044	-0.212454894744773	-0.199177910421478	-1.08622658075535
-0.261300363694114	-0.649452941130869	-0.813520400241521	-0.397580630718246
-0.444865667469019	0.061717961642278	-0.590511201142345	-0.114594208433801
-0.287972783380707	-1.05655017996564	0.49783458014491	-0.173092146159422
-0.0428142760296719	-0.136856300479279	-0.315394534369051	0.28375742256416
0.544948961477054	0.00641654141857013	-1.47519838190768	-0.108093919836604
-0.546822041803767	0.251062684968623	-0.492900275076441	-0.382227041901264
-0.612455087045821	-1.57413355668614	-0.033231953939564	0.850517939752184
0.0717355100726181	-0.27525996528547	1.17285935904167	-0.92582460147989
0.441091740043856	-0.603811176895108	0.387979641478047	0.387666546120706
0.267006553087123	-0.217640192303364	0.508716086314157	-0.889614132962213
0.340705181619819	0.577735598689995	-0.829647591994986	0.55431451241016
0.0827225144364912	-0.316141069437245	0.254865364857503	0.820214764976866
0.0288266881513197	0.740670403534909	0.186966173361974	-0.425253702673415
-0.220309464042187	-0.984079605312362	1.25008173413616	1.00157865072971
0.28314637682416	0.339671612437733	-0.257861688983941	-0.0117165838901812
0.212707741592631	0.77829995666902	0.756028221561289	0.225958702008378
0.883139698153231	0.553638692422255	-0.239582021307973	0.299463254613955
0.688066718541152	0.716852895990355	0.628599744525429	0.435751450168471
-0.125682424365489	0.307848260228487	0.725392175379599	0.202418613313801
-0.105971790079696	-1.12201757909276	-0.345475951089942	-0.526170842117134
-0.2049080294151	0.354143406606123	1.01446020334703	1.02480757535443
-0.184173326315621	-0.697796817444203	-0.0657394162622617	-0.0409334389162656
0.567326812050701	0.59508784597805	-0.27441580566729	0.182639698993253
0.177718016375981	0.0913717884892763	-1.17963803210815	0.328542613551939
0.500302896724596	1.16463045200967	-0.45124220166903	0.212681086677639
0.336894444905954	-0.26369174693824	-0.0860674634628249	0.457406993013586
1.00054881867374	-0.0694063215232778	0.78135450066697	0.632363162509369
0.187006868588703	0.0194462839271823	1.08793423346804	0.893702710825737
0.256691095612573	0.894167320706031	0.0642902568916547	1.20362231856593
-1.38146897275397	0.553924704490877	-0.520888445267635	-1.1077250377256
-0.655246950138464	-0.649592923605646	-0.728891634415871	-0.443404470252918
0.241830557015115	0.691720124446973	0.448994523014936	0.421197558842356
0.669816726716062	-0.26392911624173	0.132396644920643	0.111365069782596
-0.798352363368194	1.32453881147891	1.3831921824149	0.108303435427521
1.40053468348818	1.49281084900652	-0.326122050580012	1.71842062647843
0.0567228227595097	-0.55414575921095	-0.773567247513691	-0.997023226481178
0.618487172540305	0.0607014794720906	2.12401094368473	1.17542671836838
0.476619049501651	-0.645830039455979	-0.758665291354442	-0.188808971908366
-0.442848428000046	-1.28266852140299	-1.5477935074052	-1.78500230100015
-1.44124020523842	-1.93185464601549	-1.18243613132765	-1.30805934926521
-1.19945026646908	-0.207154204156162	-0.796081156581733	-0.848256908941208
-0.393488195992203	-1.73066818767357	-0.89575924879805	-0.815916605506679
-0.51863027050027	-0.482909352078039	-0.643170890775784	-0.796521061370086
-0.356805666684213	-0.537332293368957	-0.089321059762712	-0.604836720250957
-0.244601559924717	-0.523525903190734	0.431583691998339	-0.734148950522589
-0.6157543405961	0.44318760241974	-0.577755869099365	-0.340093500143981
0.164970140938006	-0.0426402133518922	-0.200943383858142	-0.867655250786673
-0.197289784264469	0.684639389291369	0.672911112536936	0.315001512838407
-0.175960581695638	-0.0658522541611219	-0.496245642800428	-0.53698155019551
0.798043732811031	0.191404553691331	-0.276745700726828	-0.0881996414708506
-0.0160536284055463	-0.266879527920023	0.92876736122938	0.740473369430788
-0.390905898602449	0.59108963102314	-0.37527699050456	-0.00863883306016508
-0.663899078226782	-0.0163002985781948	0.220874954836801	-0.551191779212882
0.54749671244975	-0.443539618882393	-0.514180183251155	0.681031737206212
-0.496375287931443	1.11600334716209	0.110064956283557	-0.744802216169671
0.379392420055623	-0.33993071924057	1.38732142996451	0.154053725463744
0.207628841917112	2.08068207078901	0.387605123175159	0.686819295703069
0.415434032976619	0.0057543624754997	-0.158382988487974	0.307055543156913
0.269574409466713	-0.0235977268822589	1.76562172994055	1.10548663189406
-0.0385166027977796	0.268121434938528	-2.01685525114132	0.449122069630386
1.10790479081899	-0.0184292313257816	0.187334308221098	0.622584109279365
0.154773008556369	-0.000973513818872542	0.772847678652361	0.110420793852705
-0.341995559452718	0.594052950166174	-0.0902301994087868	0.107256965232285
-0.818912642657358	-0.0677774174436264	0.841635109141501	0.323469968736746
-0.0901894195971435	0.595260895535604	0.66853277022729	-0.108256916354306
-0.622256526277579	-0.843778991735347	0.378115492128538	0.729472944256928
0.553791791937483	0.0176129622380765	1.15486313498182	-0.418680205470292
0.133263648596447	1.28217324293102	-0.756097760991739	-0.378220915485008
0.781806864293548	0.019503275083362	-0.868112705278102	-0.455249858167345
-0.340278439656005	-0.478866965528394	-0.357732778904206	-0.200562536390933
-0.816410163490891	-0.44026278751882	-0.114185885589433	-0.760445848882227
-1.19810251203988	-0.847887957544219	-0.165480585733678	-1.60722555901848
-0.347900175592733	-2.03582793570986	-1.19450239352	0.717142784265881
0.446127631117412	-0.0321138303483912	0.476402619680932	-0.203349943418565
-0.184024633421275	0.369579870571875	-0.964406818636287	0.551234863518756
1.08050642278571	-0.349160473341678	0.0460266903906321	-0.105412752180403
0.0675180546886978	0.129926293682758	0.716657394213885	0.810520120999888
1.14851532773352	1.17688221310408	0.071935152886758	0.735502863593282
