IFG	Ins	Put	VS
-0.364618922568254	0.0341996117205383	1.1340492612752	0.0663869265119814
-0.588451304202522	-0.860709750011119	0.242361345772091	-0.0448714373118953
-0.0514962647043777	0.00138410816964808	-1.56303475928966	-0.517467401307727
-0.102657066061784	-0.139232407944979	-0.823797602902531	-0.146456753708897
-0.631128374385328	0.206688723720519	0.888981596618159	0.209242466271077
0.768063053883082	0.0607889140531321	0.585810838256977	-0.384231584746511
0.0720988253631377	0.237416821758438	0.126389654327056	-0.392316066236249
0.0732514369250726	-0.136755676398078	-0.311231077803088	0.49170898069949
-1.25830323529663	-2.205648704099	-1.95183731251204	-0.251387686471794
0.371579307586681	-1.24165626583372	-0.486584242347839	-1.96890694215121
-0.264830513783792	-0.0538736377335503	-0.862810748342272	0.591319522924656
0.229065867395002	0.710103150787217	-0.668321389768594	-0.419384678144294
0.517921615406553	-0.00895593023909532	0.0715370509868909	0.0392058205394592
0.464944794322568	1.15719815030867	0.757797396543157	0.767013305939953
1.20681209370336	0.584935938280053	1.31716178348189	0.911078400933971
0.0650753523613512	-0.0333504655540055	-0.495203153426306	0.171098094325737
0.430414826309307	0.940164091833552	0.38007750078197	-0.0145654364983594
0.340482093248445	1.50088879843224	1.22660846335162	1.34690311984347
0.450882380315355	-0.281327361767026	0.662429858776489	0.615946186878004
-0.207431542813966	0.411150613250712	1.6095920596924	0.485171732312369
0.0206255379300016	-0.207088356989493	0.89647587703648	-0.846046771504409
0.0114551573553532	-0.105092333611556	-0.213888144064741	0.35093482307429
-0.0887055979437403	0.844215113969651	0.855668286776517	-0.287728166430153
0.204094166640428	0.727389764989273	0.076237585203626	0.410763765557305
-0.0513811935353918	0.438859285701909	-0.462260909846307	-1.0411206432033
0.204241728912672	0.26783149861125	0.969968306000951	0.415107060336629
0.301197296736518	-0.166776374202633	1.57956941340979	1.79714566841758
-0.897932886133474	0.383110228394879	-0.443413408316844	0.346018602747618
0.101779904028283	0.116026968305884	-0.537306699138495	0.355565797281212
-0.0454915657569186	-0.442659711998951	-1.91885494494975	-0.279811454610305
-0.0832078617030497	-0.914317833938431	-2.72428490975614	-1.8512990113851
-0.736307136741596	-0.0900138081223414	-2.67653388587385	-0.66257646998823
-0.137797083787663	0.427802389761308	0.552592798598884	1.31930372886457
0.0175411973490716	-0.466077974537127	-0.952978308292135	-0.0481398922728056
-0.511297142308309	-0.274902193332244	0.463284326375249	1.17790218599933
-0.317721046920321	-0.567091806880002	0.495533558648596	0.406930907059492
-0.124105724654415	-0.502726647722617	0.378512105521415	-1.6777785804052
-0.0758000416498	-0.382843478610581	-0.555867028039605	-0.414004342785353
-0.225734637586546	-0.561593069293647	0.443902626277398	0.433347900388903
0.215501032094722	-0.276096787036035	-1.14041644818178	-0.647273370599671
0.775610082856986	0.0967510890138312	1.88760729392833	1.00404765020413
-1.49916955979332	1.38705241039402	2.01450557559815	-0.650954396378942
-1.87523167618524	-7.43630070926563	-13.1879639319331	-11.2599507691814
0.338895080056686	0.550343498677903	5.11588756259404	2.89423576936477
0.446355753979004	0.264107237111927	1.33857675793724	0.937868117988276
-0.152014294514156	0.562921857363361	2.01389428290621	0.219431011912916
0.213629267831949	0.297340319158724	1.97058320249427	0.830108096813531
0.632192796999056	1.36460691445453	1.16617841221842	1.01482976313314
-0.0724009613866134	0.671995027960969	0.253368187622249	1.18504894572536
-0.113751528608499	0.566161701885655	0.631203638581775	0.233895703593861
0.213321875616914	0.383685626826407	0.993511068646532	0.810907607211249
0.142244847510163	1.02945466933116	0.468880085590658	0.310031408006091
0.511239247674506	1.6093124952781	1.58425006126374	0.913462237701805
0.49984292685304	0.24355902789758	-0.339858519839407	1.48274786928164
-0.520479118483267	0.46351503844032	1.52642209950857	1.07475265249249
1.22753321816865	1.068498008446	0.553975481230965	1.52135016816649
0.589322008871144	-0.30067508634879	0.673772585913441	0.75115086180957
0.717350916955494	1.62030114859782	0.951268316807371	0.495458010357517
0.581695670035872	0.412542292557517	-0.922707524437124	0.54310364816845
0.126736360812384	0.54422086748246	0.652207317246875	1.29255577064163
0.394407226615379	-0.17335294693956	-0.218155777010869	0.113446820044875
-0.73911490889098	-1.75871668101319	-1.04666935413042	-2.17131160227163
0.0297572667566111	-0.610704272763852	-2.00903029982272	-2.9284138075704
-0.0721547974474321	0.666431419911013	-0.984913703677683	-1.38028062205526
0.992794835320405	0.646201002182735	-0.993658252077984	-0.969322887397938
0.501077330810529	-0.629158371184243	-1.61972686063064	0.622897476382525
-0.00136879482784242	-0.302885242624398	0.3740023059916	-0.718941782338174
-0.132990791659486	0.405078258232488	0.587389083741229	0.470155341191435
-0.332212369157813	-0.624777344156957	-0.883411473604524	0.861632916759908
-1.2265162548414	-0.920342886804436	-0.744942095301871	-0.151968494863569
0.127825530991487	0.215168183423153	0.226339154265045	-0.225394040897646
-0.717230772244943	-0.799323189891623	-0.353914564342106	0.905991954036994
-0.103250255916678	-0.432608638997425	-0.590739874653634	-0.726655550952166
-0.476881994326061	-0.316803072834372	-0.120337215137999	0.0963419128872777
-0.267566305803745	0.00662544581473789	-1.24477361838622	-0.155771698186855
-0.283651969924377	0.133810767612431	0.537784401675017	-0.503918328891988
0.748155324072153	-0.603944189897671	0.922524250834673	0.690089586361581
-0.323817669574151	-0.709334984086325	0.63152697147646	0.569119979640536
-4.64384757435736	0.417289898988205	-0.549380279038673	-3.60508308982336
2.07832734990483	-0.752057748674313	-0.177112130700265	1.23796897617376
0.592051295417884	-0.269160018619325	0.136122178223701	0.680702473788792
-0.347002174789044	-0.247432833387635	0.454241456370977	0.0714190132688282
0.0271661322698799	-0.511893307170143	-0.114985618872945	-0.0121871630030156
1.03174400747613	-0.776582154588114	-0.683886276408042	0.50787693291049
-0.0887351559610781	-0.409684150703122	-0.892921018646646	0.880215967566376
-0.108732280273218	0.606628505057421	0.50012507748404	-0.0882974236783851
0.331032256072792	-0.475326388994308	0.622577959495723	-0.246084917324512
0.0996866273817067	0.373388648011764	-0.912698516759579	-1.64464352242909
0.442757325075549	1.15529439547772	0.762126398980247	1.02637357546079
0.744940356780042	1.10603365190007	1.13907860473293	-0.261706762697364
-0.355452357263041	-0.25673890748791	-0.395737443015005	-0.521027452830668
0.123438685513981	-0.499147721287163	0.424499394535419	0.929388408518858
-0.305678138592457	-0.286038089798756	1.07817431123964	-0.109987004851607
0.216701509900805	0.0942129169027202	-0.922371591950294	0.714025262117372
0.428553974366398	0.190882528288196	0.901060598543412	-1.4737139946874
0.189777333500888	0.736019967168361	0.354108455570865	-0.283936662734696
-0.65669064872187	0.280189068729371	-0.54566860010751	0.460500501764881
-0.107999413757602	0.431276938343133	0.535492286748145	0.795196620710532
-0.732785927992934	0.683345861509545	0.393088506574831	1.05923223707073
-0.170320578692635	0.0355771919903761	0.0117765121521144	-1.42427592069581
0.768779119680472	1.16478144148391	-0.364655654915829	0.159495925360525
0.320085855595661	-0.243197171661268	-0.855399217774919	0.653095931733352
-0.043194588171381	0.342962238823722	1.25806385081943	-0.385138584702014
0.114202808203821	0.201233742278621	-0.015397299338141	-0.710727612808621
0.765681678281703	0.316339905387797	-0.825643385349239	-0.0309109131300509
0.234903909502244	-0.304244542215121	-0.147574219545058	0.0628265140508253
0.0279983313126901	-0.839806483406494	0.89669178580536	0.31613711218626
-0.14403627534432	0.446465649091909	0.263998544829861	0.0114837314786149
-0.499079539170431	-0.676950000863712	0.000459549797405576	-0.585668105079829
0.0516537492405242	0.165332682898537	0.892337088620314	0.493926459512991
-0.566869353674615	0.176404690106343	-0.5659010764532	-1.08882130615625
-0.736875534536133	-0.0133182051715235	0.504232401613853	0.401465970760448
-0.226984276180447	1.17301572977976	-0.620344341156063	1.26888172721351
0.493829013175455	-0.023531025912673	0.197298087612041	-0.679080695786067
0.61921569809103	0.2165308075425	0.732877651060112	1.53130647289699
0.144643612843403	-0.249671933857465	0.552235702537587	0.334245640999594
0.0308681233656431	0.0265801239246563	-0.971019879718606	0.481991858828627
0.446565653380785	-0.296042117367817	0.272578976130349	0.323904708118687
-0.554195097459185	-0.42548147473169	0.112634913108068	0.622137849442487
-0.425062245211655	0.112206303953086	0.215001600793231	0.0135091475012788
0.588093858970515	0.0472985069863878	0.445049837838969	-0.864029956099207
-0.586356798168542	-0.518580563457664	0.515005632316903	0.825753091922091
0.513854459325693	0.261793294061114	-0.546215807889979	0.75240167803026
-0.623582439035617	-0.617589773730008	-0.671312775742818	-0.854676939757842
0.0240316865736144	0.0864621640390685	-0.726880719936873	-1.06627592967305
0.799367957147162	0.102266045984055	-0.229305852287114	0.171959483519565
0.41460380231699	-0.0496588722250289	0.285077898488679	0.670265703033131
0.627123942083216	-0.564365728933785	-0.386929824050931	0.652962371705221
-0.783616664426691	-1.50196886980551	-0.206423182237446	-1.38668009830912
0.295762811292636	0.352731278661278	0.153516976697968	0.862661731544273
-0.479091068483187	-0.895049078308946	-0.665659753388382	-0.127454201269873
-0.3724181993324	-0.0275735288774562	-1.7412688995398	-1.33861555747182
-0.157144411603807	-0.632811866604313	-0.890221962038469	-1.36270057743342
-0.644995728158784	-0.26428426785133	-0.589100701699138	-0.928196123800353
0.307285544602765	-0.0427089151061923	0.302845598253029	-0.619797223948724
0.149509353847323	0.024655926583787	0.140685741862194	1.24589435670463
0.046448205507367	0.606531558608745	-0.809269306387366	0.799181633145179
0.244739624146041	0.556690097329379	0.648614955660662	-0.0774301836760179
0.159940206590847	0.524809747490541	-0.717722423865261	-0.474566504414358
-0.0678714817496601	-0.594707709110825	-0.000742150199376586	0.0129444738664055
-0.276320540655482	-0.155933895403735	-0.660968672878019	-1.32441958837069
0.0755523429159215	0.436959963196885	-0.457740812140451	-1.35087010437939
0.323160403681082	-0.534496000994063	0.236511754056303	-0.402313237733151
1.12057036551948	0.706311670406958	0.631361121409124	1.43165197321312
-0.366916995503386	1.04879278818067	0.566611051145599	1.45039570496508
0.870238653070531	0.375315971541933	1.34683515612706	0.659738729167346
-0.802827262130657	-0.269831026707635	-0.0612130640920628	-0.567286076861936
-0.902016931706181	-0.815445287579604	0.506219455680091	0.143542220482515
-0.0641688381420254	-0.143157813301503	-1.23484627695171	-1.12173321479474
-1.41313734821512	0.38625905609807	-1.03863868037632	-1.43192217930522
-0.586983409328702	-0.715907563204513	0.867268432164242	0.258633376747595
-0.543664195036034	-0.0434225939817029	-0.185173028782257	-0.660573731733341
-0.352741111603205	-0.434447265296741	0.626560614560708	0.100483899260758
0.388552322134043	0.306799927323273	-0.0600107940544014	-0.739964875747521
0.231438346349905	-0.496693948704536	0.723591421842165	1.02231755182276
1.02288588529393	1.18456784336943	1.14001989736059	0.897323310425566
0.637238750622276	-0.218455791283148	0.999854176141287	1.62518773666182
-0.131363097761775	0.628666806179048	0.815201156360603	0.643420290024332
-0.132376637797705	-0.142501324574291	0.931615709666645	0.983788888107948
-0.0429331253531961	-0.494056288077605	-0.114446671585045	-0.806407792276074
-0.0628460172891882	0.397521464141541	1.35523690273474	-0.59055598616374
-0.455921169819943	-0.653164335223189	-0.101857108246572	-0.582665969410624
0.647070085923044	0.631069364152342	0.378295181184041	-0.374860212785809
0.288920705269944	0.339517467916879	0.157058838179576	-0.140701463793119
0.777615099048084	0.83863271343439	-0.862377227021279	0.383738966019071
-0.165947463002158	1.40259885188863	0.481909657200235	0.686465808300567
-0.278124600283071	-0.0159751073897648	0.138142596448535	1.03931934564568
-0.573227226674251	0.558191715406168	-0.250176786152907	1.14949824691922
-0.0372816818795645	0.317169968128727	0.503161205904174	0.957147309699388
0.570175631709684	0.241836563298238	-0.0596206048761021	0.721163077676413
0.462436744870926	0.821333497787563	0.398320380787461	1.63239201430045
0.755198458345689	-0.995468492621823	-0.229613296283588	-0.391987959955696
0.435702987299626	0.482291117589895	0.951296135310774	0.518104722691154
0.872415828615273	-0.404851593442835	-0.860008289191826	-0.229058637806381
0.767980232188915	0.293310942696576	-0.22179973447273	0.438249914415524
-1.13468123096823	-0.793021113673531	-3.17446102548445	-1.66768148333398
-0.669229267525521	-0.928366981459776	-0.829100519882359	-1.42551347145453
-0.10667069626289	-0.584041628763314	-0.4713284550593	-0.587498388432172
1.26214124267328	1.04154710816751	0.962856782539444	1.21358871715602
0.43734105056142	0.0195640141335621	-0.614217288040587	0.270320420807198
-0.315403973637859	0.110097587690627	-0.513105789327272	0.656102548655039
-0.56914221207197	-0.445062055263409	-0.774049470733285	-0.686202655387485
-0.550168763331287	-0.931946617747107	-0.883954852187688	-1.36763387714175
-0.782724151348074	-0.394965024867854	-0.638841079324442	-0.961658217441593
-0.449426766777329	-0.794933081965658	-0.97851529190672	-2.38337318356292
-1.26261933692045	-0.712176137406116	-0.694411931864722	0.0784943544752989
-0.502820750975503	0.0617861624087217	-0.492380630481217	-0.860932812402157
-0.451026301973329	-0.885629720764238	0.973328810048744	-0.0430543820483118
-0.024425206616194	-0.065865532652519	0.415235243114949	0.119780242543536
0.574783583321663	-0.512801812102657	0.888741646506625	-0.147509096102668
-0.177769158898083	-0.0906525294725629	0.83669633609219	0.957351592105374
0.449218509959416	-0.541030994641254	-0.260713814990585	-0.643142222436138
-0.737620931525927	0.0498167244383721	-1.69607021779311	-1.47025126040194
-0.0187898813958477	-0.832586956226335	0.176218435131112	-0.604337537036868
0.0578420130731606	1.76925333288735	1.30009555456467	-0.0905366840369839
0.682715976056124	0.422211218268699	1.31962030398138	0.550096752799736
0.413910302154083	0.35572728801506	-0.261997438599298	1.15115616791919
0.230589734559912	0.12743276189654	1.80252995112217	-0.119088164831112
0.240112516149428	-0.0881572905955205	0.540909229279342	1.01188495394267
-0.784371967006035	-1.13989990695686	-0.416128049645582	-0.95098688046447
0.0460164249465659	-0.192808662628678	-0.788474022157207	0.294101626174606
-0.134574925502428	0.297310009993782	0.500824776302431	1.30029753268511
-0.598412598598075	-0.166377207450729	-1.48710959165012	-1.41284848336201
0.93708918740201	1.03308811322812	1.11896287480752	0.465001539658388
0.295325970924144	0.675955881480843	0.604197409913761	0.620136798300817
0.859566782600328	0.919390735855863	1.58908788962852	0.935286917458072
0.484379586399483	1.19696402205192	0.558968494845048	0.808643034522783
0.0338672563204564	-0.589859988132167	-0.27292224313946	-0.277467840517876
0.271254123086123	0.456758148603954	0.592990904977524	1.24388256292472
0.194712424981963	0.0934611715465924	-0.431002730332143	0.14840098936468
-0.012991858818159	-0.628071801558721	-0.0288998681108705	0.941611903763266
-0.101391617402511	-0.13551245091175	-1.16902826054419	-0.844163751839879
-0.109221740307702	-0.47239855948733	0.12660014081865	0.336940860638581
-0.701369996210808	-0.466062868343408	-0.451221690996218	-0.471654154653756
-0.476501436004341	0.380608585414094	-1.04632793586426	-1.5049956107318
0.0339150692169304	0.996461057318997	1.81880189487085	0.315508551389635
-0.775479798162899	-1.27997102099219	-0.336048089889	-0.831913201882768
-0.652545500922938	-0.731698853566342	0.734081299542941	0.846549083686087
-0.0127208240577738	0.328365492089537	0.496765524026281	1.68923984672494
0.608699355383091	-0.0500073395025733	-0.269685504568352	0.26020861235848
-0.260516983601852	-1.14711229945569	-1.15456067418844	-1.8357221147387
-0.232464186112864	0.991128441683027	0.0308646534074307	0.108862899516605
-0.0880118253979673	-0.482262741903222	0.574584010570481	-0.0936832165540163
-0.348071543229556	-0.488848566048702	-1.40476908292041	-0.948598940767764
0.21314597210802	-0.545904707816873	-1.47891952216456	-1.11725937693021
0.51479036286141	0.357533607883568	-0.751871685029379	1.8596467322099
-0.100786014157901	-0.915791262194075	-1.18948328437363	-0.0235806759321765
0.524275917477228	-0.269702886623826	-0.300238225521055	0.5989687971365
0.240724209894198	0.356679845681247	0.85305594956724	-0.290086555418814
-0.17746981528355	-0.583766913102644	-0.69498856137057	-0.423491259626214
-0.934399929754484	-0.961473540857132	0.0406519342734042	-0.209633133856223
-0.153270172889623	0.679956470232834	-0.891887456980206	-1.24284959543792
0.878832640975644	0.669006763519735	-0.000340221454619377	-0.566352653541359
0.177626403426558	0.399290231745281	0.555236736746757	-0.838622013123721
0.765859214634281	0.272287723279352	-0.516364083297464	0.70413703905528
0.630593765887491	0.697791243120453	-0.334808102940483	0.439624134333959
-0.0459729655118885	0.350825873587069	-0.488226944462158	-0.22565852236544
1.00778472091943	-0.422883483226429	-0.735935109630914	1.57955420083028
-2.00035701372873	0.873673007928858	0.917590799416476	-2.58788910963908
-0.312960109508211	0.649053916302621	1.85072114909436	1.88104379044179
0.353729823301441	0.802461928150792	2.29571582905846	0.913873667656985
-0.191716469057274	0.841709177729335	0.691228496730169	0.994906093283361
-0.183157208905824	0.387201925929116	0.863612186822073	-0.882940232201365
-0.620134748780774	-0.793788237370243	0.130255503978903	-0.274852060462584
0.532470386272526	0.672909178050425	0.354579320738395	-1.7098730387714
0.450970921973919	0.636824214334488	0.446665172151104	0.675763957649767
0.366158541369099	0.450582337275731	0.104078251165441	-0.822059660849624
0.431163271159391	-0.218658964054467	-0.216148300189683	1.03637719207678
0.109302131846346	0.306868770737429	0.686161908018038	-0.0434769367727681
0.428315458483877	0.361743876424526	-0.147900272922294	-0.023898232702613
0.826037910456456	0.214655972506802	0.935191451892098	-0.997457231807837
0.39361258870885	0.467573434948293	1.04842125462918	1.1207104536623
0.179208196791299	-0.060563115678043	-1.03046897555712	0.74787090196867
-1.18017461938135	-0.924258023150974	0.718704193394206	-0.0431786904937356
-0.424836986534698	-0.49203637875192	-0.308247753762042	1.13408584468678
0.0614749563068755	0.447514174642378	-0.946136030720767	0.869317677256708
0.0419278055517298	-0.330077167510449	-0.0976610326638365	0.129470026041452
0.0419553957919021	-0.164674176478057	-1.00612292593271	0.078959156021269
-0.371291198128382	-0.162915413650259	0.842488510083908	0.985444338741159
0.377832282281613	-0.596990890200362	-0.577835917089361	0.900757157675177
-0.00853830433158463	0.0609529327465856	-0.760290196882365	-0.283625462639288
-0.25055219939321	-0.886767640003127	-0.101843127385133	0.0757736534419138
0.152957870338017	-0.472055057971785	-1.36744301496221	-0.272539850380907
-0.983345490832079	-0.871250585737492	0.540249616512866	-0.727014741464489
-1.23277547210046	-0.710033975627838	-1.51348783372751	0.227901628059686
0.0338069642588904	-0.744187051029271	-0.132006567251155	1.59003754985134
0.521288005684459	0.831493251945001	1.03334960865995	-2.79025014758875
0.286466612394815	-3.49321738777675	-3.44702333051487	-0.47308387957781
0.277776968771333	3.38756034621061	2.22873944589787	-0.0663982287759472
-0.0537713278343638	0.0344283059359676	1.17013362878804	-0.224064904539429
-0.825801629945062	-0.843910939617257	-0.0205144923529885	-0.471457002166159
-0.342109501197515	0.513677782662945	-0.826531522559384	0.218063980277622
-0.295131322231277	-0.387307236588052	0.0738597198663603	-1.60021567373341
0.273986981246412	0.456643072805722	-0.566847710167799	0.321254455286474
-0.470315997457204	0.917590935931837	1.33974756636514	-0.740569078590913
-0.30012557991923	-0.778324917670424	0.47124726980646	-0.462571574412851
0.79600441471581	0.950307351795892	1.07403850102106	1.01506805485105
0.796116240987044	-0.322301584077595	0.160980599757225	0.211963161828907
0.549896097301418	-1.48801216358793	0.170110617836008	-1.6877774133462
0.372760898779234	-0.52229008861723	-1.40477756660812	0.376899065828917
-0.621562688746549	0.942169887770489	-0.909555234858888	-0.89596239698629
0.107455826839225	0.969102332809949	0.698517202253029	1.07333481458902
-0.0683609105420096	0.408509828353394	-0.987546281933903	-0.708947859095648
0.377112989230682	0.790127750785468	-0.480928791008303	2.2503250779956
-0.986904086296648	0.244608786074602	0.901399092166313	-1.92279067299489
0.28295849100473	-0.122620271996176	0.49867151675524	0.574272355855887
0.333809344075111	-0.566152705217527	-1.43819994452697	1.03050475383012
0.0444688785358672	-0.842181362781702	0.0209794264597127	-0.596888290602168
-0.0819843483961497	1.08160915248916	-0.427495658311138	0.36242783667111
-0.250598243845576	-1.36661618591829	-0.799445192893649	-0.926660008389975
0.173093507975385	-0.268334212423431	-1.03407686359803	1.08140803283668
-0.416192596551378	-0.0146068039278653	-0.314939375538584	-2.59116552151303
0.501036764445881	0.684439871851563	0.883600402945984	1.11943893467031
0.365008227336122	0.344024103491617	-0.31205722560556	0.496357169354466
0.0129551408897001	0.080303228426753	1.11915626705501	-0.290382588933152
0.965322376775821	0.167961072695585	0.474869471299069	0.849977967928873
0.620266148171689	0.494655961457477	0.972812974875098	1.30247186335572
-0.152679704691162	1.09732388220859	-0.235577112654435	0.308652285433446
0.175764237195704	1.10411843724616	2.59439923569596	-0.499441019151461
0.093615847266656	-0.441091528452921	-0.507283986168033	0.475906828048188
-0.49447480371638	0.128089583401474	-0.0937270684712112	0.897541798396578
0.286004537253568	0.60583171772707	-0.69711413678916	0.697717521935052
-0.551893816046629	-0.625733927541898	0.19544386427108	-1.3485638931868
-0.352406811650029	0.454200862464066	0.0711526886549521	0.533992975652689
0.260442596674058	0.0593581268974774	-0.0565748671719449	1.51361108343861
-0.777383743549517	0.0629952080319839	-0.236266743630631	0.372024927063491
0.440184349378917	-1.57728216148885	0.645335072624905	-0.409096493308735
0.0403764005520036	-0.737541223679687	0.483813343855087	0.0158332086713955
-0.387955531004618	0.866782962851912	-0.412932394361025	-2.5326081147974
-0.211579350393965	-0.585656768982835	-0.528403772405574	-0.442850785475516
-0.401594509707721	-0.586289614549177	0.856570598099519	0.999579441380102
-0.127825183783349	0.178041578077165	0.618654913706786	-0.875496581338275
0.552261686296521	-0.74415172969479	0.258501925290202	-0.0593440177572047
-0.602413566197693	-0.227818165453636	0.147711735701917	-1.35099056688667
-0.240576057478524	0.0190569834480096	0.0529786539037052	-0.668025497940321
-0.194636966189973	-0.819209664836773	-1.10958450827685	-0.981702080350574
0.508986108138826	0.316822134125995	-0.76008129353828	0.621186723700109
0.287471580119602	-0.110664562093141	-0.0670319438401346	0.256401306020835
-0.226332629469417	-0.415837734232501	0.656507024174731	-0.0882519400617831
0.10372839671363	0.879950013503757	-0.770373808596738	0.816566749137953
-0.337384256818373	-0.421972150934248	0.238758452122707	0.318662037636895
-0.0048140488227831	0.432134625417133	-0.62108319915008	0.495608917279461
-0.186427578597122	0.984366561745786	0.978789603748758	1.08508519180881
0.557987668484374	0.375264691123473	0.93804569277195	1.09923561388886
-0.464112802933054	-0.124318039481897	0.272743736014518	-0.527577500942743
0.331600775756089	0.105793581560865	-0.95620294191171	0.10527422153439
-0.0925311232793214	0.266975888447379	1.7936134621269	1.42833019463451
0.324306700472438	0.913550450099238	0.897833139507016	1.00298427278522
-0.0212555236296827	-1.17678076677473	-0.654375378763201	-1.06582165416458
0.309390471298517	0.537542143906554	-1.40595532597547	1.10235354318525
-0.742341864692925	-0.0317789694806063	-1.34562901916198	-1.13338732325283
-0.201467867930632	-1.47913570934086	-1.32666786999697	-1.10817529390538
0.433170718025023	0.458616807405987	-0.990513896957604	-1.04088578707685
-0.00752322872357346	-0.402747409595134	-0.602336357878705	-1.0684928566211
0.554752447239392	0.583812794369821	1.00050035265349	-0.934366489168121
1.41223574988553	0.909911689556138	-0.763739492434369	1.68313681051008
0.106572557550606	0.334309138606557	1.4617614807768	-0.207214142104813
0.0912076543125971	-0.114185506642722	0.877807404828352	1.82484632125955
-0.604559162524178	-0.724165950052026	0.00583082953780797	1.29189997160991
-0.247398559007471	-1.14543445120361	-0.993270409125634	-1.05191531258872
-0.81882050158536	-1.66714735965773	-1.40466920514171	-1.75133672641582
-0.220936681737051	0.0989897200267426	0.183351471361149	-0.779603204124908
0.396364588089682	0.185142167208361	0.575202876542836	1.17916309920498
-0.860197989733804	-0.164866150893295	-0.227264831071566	-1.02802387872315
0.240349590253625	0.989327896478901	0.791301532035711	-0.356583972021851
-0.0533140381689881	-0.94890396156908	-0.309463199630807	-0.642406283210068
-0.414989627684034	0.190825103952632	-1.1128662362225	0.773380837164066
-0.223962722408311	0.60435574231439	0.419532879095571	-1.20029510381786
-0.382791276743834	0.156214221988366	-0.501537280290004	1.06506594680934
0.136889434935579	0.170111008182068	0.0465593972417308	-0.534903433434855
-0.0800312978058933	1.01982497407938	1.36890138170224	1.07412188470964
-0.0963306043055303	-0.814603445795794	0.867648455264341	-0.386510059437307
0.715895956602852	-0.176073642389892	-0.390007361364593	1.67031636417513
0.754005427146086	0.643720019439558	-0.0243568961378195	-1.40818655220911
-0.0219242764199328	-1.17259983788409	-0.730316986779582	-0.577634041189931
-0.480111851100622	0.678312023861404	0.460552654555909	-1.51999376978499
0.944541962608381	1.71095162560774	0.324122892800636	1.07531691178623
-0.0478688871782344	1.1375318269348	1.6359617780127	-0.945895075807024
1.11147208210687	-0.464590378202796	0.573283039416723	1.34118101691701
0.0904447033671075	-0.678087273749565	-0.766405206633584	-1.13204927726238
-0.0329351496342147	0.203858374611811	0.0811346043450064	0.187067904516361
0.122985154108818	-0.0633548865700391	0.415777682625978	1.04462796436133
0.563317448522352	0.16704454329286	-0.840135326687053	0.918153895324741
-0.222224250085976	-0.449536842195504	0.0627804283785206	0.673453916126938
-0.628138092863692	-0.116786076495724	0.857710799863006	0.641422107896102
-1.08736991426283	0.882851236579043	0.0381537372938136	0.0730066729036607
0.449070903742206	-0.652945830038486	-0.762675589260848	-1.71088278689483
0.69446286326899	0.576693799827347	0.661582570835559	0.540148690940315
-0.760005229068801	1.04841907066683	0.146605339784535	0.576450601365721
-0.531600113117903	-0.456869283732075	0.0847849457238257	-1.13358376875854
-0.0699661880922711	0.2965047302692	-0.805141370964881	-0.709685891444398
-1.07451342318252	-1.72698706811775	-1.72395800057746	-1.37846141855005
0.184880445071744	1.50215858488264	-0.959490701551874	0.357068607530494
0.733076217804134	0.483734584597293	1.36470741130654	-0.566976483177857
0.716993869584013	-0.982255369897794	1.48410070079996	0.623806058261395
-0.914315385609307	-0.581990734225925	-0.914428036701163	1.73777144912427
-0.186863838868647	-0.88598310784578	0.446007439496424	0.155316960121389
-0.405431393811534	-0.664993054540767	-0.196662055669629	0.368137074412089
-0.461304654871449	0.209712527487106	-0.371770581560872	0.084885140485335
-0.410838331830883	-1.19226642569878	-0.903571150833511	-0.143983035575589
-0.49445226967689	-0.290054667875443	0.305457741029452	-0.114441830246763
0.197014892103162	0.623946706679967	1.01824365091121	1.98389710501069
1.33942157613167	-0.90321679401936	0.435254356771194	-0.0600270451721627
-0.475393286276398	0.845767829698881	-0.0929265567174993	-0.526834336900794
1.0998748485734	0.685365530943643	-0.154666372202369	0.88221753802149
0.449163235251082	0.690115652887014	0.257952063288868	0.557212693246926
0.691773994750998	-0.179214285908868	-0.133518125653852	1.34612042143177
0.0955993118451999	0.0813201614488709	0.304487037272551	0.880595372990054
-0.222100753872053	-0.585245762861631	0.354145534237778	-0.652119176953032
0.319043022388181	-0.105753978593654	1.0785967634663	0.368376904305956
-0.183100089075358	-1.1628636821852	0.192944961362356	0.0378624503232812
1.05769831246991	0.180811170615601	-1.95360126221114	-0.538903703451258
-0.437638092048283	-0.394569839779657	0.116259694197777	1.42344881152701
0.915021764577292	1.0379982169746	-1.2971252096264	1.15371877532757
-3.95743281491747	0.596103091402068	3.89086870927482	-7.87095771284801
0.98917004352397	-3.12173902453239	-5.25971071667403	-0.411767527109466
0.366107905485134	2.65052613307144	2.3760730822306	2.13695243598156
-0.615161986953368	0.858133826743648	-0.124503380891548	0.393489327004864
-0.3161401090689	-0.697751901478324	-0.916896926747042	-0.806082328892806
-0.662251357311065	-0.11979881928638	-1.57290710923455	-2.42312354044134
0.0160575423203512	0.020851760118989	-1.40813431215941	-2.71869566590775
-0.148270139369169	0.0836192090220764	-0.25166771942076	-1.16975817177642
-0.0335595790134057	-1.0266749926217	-0.809869668185186	-1.12347103242706
-0.108922476098326	0.93818857536288	1.14709583669798	-0.360514475645826
0.691582271839982	0.917618248551951	0.886289151780987	0.459040287026828
0.194378436758811	-0.11770654850672	0.474808943603276	1.04991264571358
0.318453926204976	0.619675049403618	1.01737136918816	1.42419570561418
0.505297105577205	-0.215874155588168	1.79108682594632	1.83085363870106
0.574518178908034	1.16516304820362	0.499717377249621	1.23032690791874
0.308643462935795	0.267897295433205	1.6129704554621	2.05564075712842
0.281550327403177	-0.251612951192649	-0.261808142571813	0.433111364539677
-0.629667677732726	-0.970360331188335	-0.273395941826617	0.759437762998804
-0.0850173553909623	-0.356158380506051	-1.25326278370363	0.359030822285751
0.255742160139795	0.448739344523329	-0.731931000508742	0.28752875049993
-0.0768570830709664	-0.0065198257065227	-0.930712130060219	0.174675346898352
-0.0580736717944159	0.508337883135986	-0.51766170718227	-0.611271502051057
0.635425715809557	0.0538573768915189	0.384754382145066	0.980580257500026
-0.101969292843074	0.164069271399796	-0.191457232632315	-1.97590144611955
-0.371556897765647	-1.54044316485857	-0.0888793448379107	-1.92877905300667
0.800588893436475	1.40848076082177	-0.452345268187777	0.057405525435069
0.303152367772816	0.820802035294728	0.404608647210718	-0.246485905907991
1.36341666780795	0.313158209271304	0.505344138229797	-0.523295287324708
-0.476184781647545	-0.18185661877443	0.250632341989648	-0.00544414752548912
-0.241696823507408	-0.222026874214168	1.74257705154493	0.911022179456703
0.258048965687476	0.259947672354644	0.24770101960867	1.18141623454788
-0.22434785995644	-0.0325563047859299	0.0519974495467367	0.823717341428445
-0.958780372718209	0.00553791847752699	1.06538310534115	0.124156442690901
0.296213519388081	-0.2500742771218	-0.562713344780805	0.375988727019227
-0.322650937723492	-0.690381326791986	-1.19091932855238	-1.66236496721044
-1.26694797899192	-1.28246553881624	-1.06907200580265	-0.0692891036512104
0.482239201184904	0.444114612731099	0.120503637950206	0.646778424573338
-0.227746802419088	-0.379331909272038	-0.124545820473299	0.976670512432131
0.0477708522615736	0.136674624809475	0.316587397152384	-0.334314485462489
-0.475002513058917	-0.93762393242929	-1.09549885467196	0.0547852985475137
-0.363841053174157	-0.623707839197313	-1.0248760133971	-1.00699555014151
0.135679033643264	0.358287452392336	-0.106908925220026	-0.0884758130814824
0.448644823916394	-0.0720554585098508	0.452798199203841	0.807920500054672
-0.139377286036399	-0.576330535407384	0.161461962288611	-0.340943061078846
-0.620519091145381	-0.652283509407199	-0.06897940774762	-0.576165450582519
-0.437761280628886	-0.253847487415254	-0.00751683994255768	0.173373707317581
-0.289584819608492	0.644936107255095	0.140541922827338	-0.549417691182222
0.128413232859768	-0.00300765135540445	-0.0426778234721151	0.145511223879531
0.27023511706828	0.167005116144918	0.321054727104422	0.664270205294511
0.116189004225859	0.438512082111925	0.299978433653446	0.412832227065018
0.134301339836509	0.449374578131351	0.615530913401479	-0.768356768618334
0.457494828208187	0.0906783052320808	-0.665978401646296	-0.706624659785923
-0.0153115491171402	0.129541837783898	-0.450041246868441	-0.95239451632587
0.719395985898609	0.115516039890767	0.0112044733877126	0.0581213622537722
-0.0791100166858377	0.305964758715078	0.401638406285558	-0.0585668985273494
-0.60984829119945	0.470409005939967	0.884781601094264	0.0190120631834506
0.837077631148403	1.09873341603693	1.05561510823229	0.826781166987162
0.494471038999487	-0.350326624491385	-0.457309701046716	-0.268587638922274
0.272464803299692	0.559892134557764	-0.116165124862815	-0.290713189444792
-0.123551801730815	-0.271985664150724	-0.156140294714094	0.917459341099466
-0.521495949737755	-0.293920968840484	0.0690711094850542	-0.425296799688488
0.117349480753763	-0.573817030794398	-0.235163412110872	0.327846152309398
-0.546324526411202	0.419715464915276	0.251589623931913	0.929906165645926
-0.214681889294179	0.751584889472086	-0.0595774303128558	1.32163345012761
0.348283352492613	0.297926698193247	0.424316030110896	0.0546841613196078
0.95745779998637	0.097520259874967	0.275750166269293	0.313043996216181
-0.675253580182834	0.400012681559317	0.288427582119016	0.103597612278266
-0.168223605196561	-0.668812238763136	-0.398509299303938	-0.0444967710975835
-0.0347234280098443	0.0291115216387319	-0.13078378392341	-0.294154980254321
0.199972378132769	-0.225841037148045	0.356045133718285	0.29337596550773
-0.327899134706742	-1.02503274967563	-0.28824082019122	-0.63543685016672
-0.385070522725464	0.214598549604396	0.00479032437983134	-0.00625332908489723
0.870843700442468	-0.0706961079110776	1.20968285083219	1.10232173016853
0.568991376400767	0.376095151038405	-0.331941957583958	0.0757461388592024
0.05651054683073	0.0331984539618722	-0.0846043039306437	-0.814889865668567
-0.419263056835872	-0.170740191908272	-0.482308415524778	-0.112609964453176
0.284657700863297	0.713536491668189	0.491146825630703	1.0670830812592
-0.57483571196103	-0.301547345277408	-0.00617078295515314	-1.40206383244714
-0.188197657637369	-0.446419893649809	-0.290081863651647	-0.445653022164855
-0.779968063974596	-0.663208486086927	-0.0387328894234474	-1.34068374062961
0.124803946615617	-0.0323231236130458	-0.15651978694349	0.416716867480694
0.00533542761698887	0.0847462236932853	-1.30002646550735	-0.744400403445668
0.0819108190147087	0.340053474814648	0.216024896616519	0.0349773837153931
-0.253589633904605	-0.966291939889253	-0.843523087744433	-1.36664107706823
-0.871707126314502	-1.68448317259747	-1.7946968140768	-0.800719109700983
-0.861041939689774	0.0141097825797288	-0.446312170776653	-0.55284314378897
-0.410786111262316	-0.757741193054787	-0.267152223370566	-0.618233831352787
0.169163964522848	-0.673003439564121	-0.490376504236434	-1.3986544700375
-0.277891303462399	-0.360725055868997	-0.946807228020025	-0.951520480212636
-0.0261073239956298	-0.383800784673703	-0.329292016184955	0.452230578263079
0.0364462529286184	-0.759870051194776	-0.205105867803002	-1.21460619377926
0.927435102610168	1.49760335737239	0.48965362054729	0.99089050791471
-0.206565842349018	0.3139669697767	0.905016131728506	-0.114329846206483
1.08416961332066	-0.34433888119639	0.141398473753881	1.48517958843677
-0.221826436486329	0.685104585592737	1.11140975282266	-2.36749578002999
0.762998869145895	1.07432347936277	1.59418762231728	3.60984042083271
0.511740758184967	1.694724334555	0.81733973878458	1.70169752234378
0.0154016313675935	0.498434354760871	0.774861642427405	0.857835221859119
0.0947300264230931	0.274223106650477	0.474813413487595	1.18354746753344
0.0359907048504131	0.38870000209983	0.770387097837816	0.426817943888766
0.328412659803329	0.586414205851268	0.510994848503731	1.27926243260475
0.751544906881538	-0.416826217755874	0.870428502647285	0.795110863866927
0.0936639463299623	-0.0607448783768575	-0.319042647721436	1.16255403147119
-0.612647844266176	-0.368389240026047	-0.504437306567153	0.663607525881754
-0.0573214522276449	0.548971542636293	0.700064781982264	-0.83913868203243
-1.2422837044938	-1.72817347548097	-3.54743541250965	-1.76350366900361
0.00617538936575615	0.0532980718765757	0.908532070578566	0.515847537676193
-0.180953889892045	0.141035520158558	-0.208817623421811	-0.989854763940656
0.566623511164761	0.304702998217413	-0.0733774731397219	0.189772976223173
-0.439363286760399	0.0849953689709466	-0.453202975078638	1.21357604218815
-0.409275227010969	-0.431019073316065	-0.199103592737956	-0.254520523863976
0.252337464060163	0.427382587731497	-0.865950538921772	-0.354851878170339
-0.324285608691512	0.0153063903130432	0.27426318309756	-1.34849706985655
0.017605558366995	0.166828053867596	-0.652664566021291	-0.734756411094154
-0.135424888983871	0.22037210367212	-0.869435829842632	-0.16676431527225
0.189023475933481	-0.337134937778592	-0.651505195877749	-0.773493073268673
0.319387322967302	0.386352417460749	0.640217249764072	0.0919809963585257
0.778936850741234	0.66576976703874	-0.332272619260424	-0.229215689123654
0.87260890688022	1.6120443953553	2.22741442229433	0.929498017496319
0.603016461773971	-0.148657297771852	1.43912643336112	0.547687500763661
1.35252812860557	0.787455677679399	2.71331705023977	0.840945343493645
-0.248662875807108	-0.297083146130411	1.25147359095319	0.0911215909859857
0.157900075504709	1.55567773739847	0.683054658683243	0.831546896395792
0.384591007112832	-0.0679624376600637	0.587945584673326	2.2702318677178
0.172821052884982	0.580676334174749	0.7627097570672	0.925428435348212
-0.853723514025012	-3.18980223401476	-3.17753363658833	-0.622312254511369
-1.3353987492329	-0.607288331736793	-0.150435253597621	-1.6766884062598
-0.0396649599258869	0.2391837015363	-0.415876948246027	0.161592656672488
-0.887004845326033	-1.12997421723667	-2.37241561990961	-1.27262586869954
-0.431847791314139	-0.502383459744924	-1.94383852398806	-2.04722545890278
-0.577326366296514	-0.335778554871647	-0.0155663916711769	-0.62805928855034
-0.181473620576137	-0.139776315245009	-0.251354879501168	-1.00521243491672
-0.967271543042215	-1.22333982839746	-0.15487322059797	-1.85883289305382
-0.408246947440264	1.06120100964717	-0.0159864015789833	-0.452535508558732
0.438029851002359	-1.10417274535255	0.245167001400361	-0.591384963040021
0.795610110706187	1.21019013496448	1.31507870644479	1.03593689386571
-0.112407540044215	-1.48402709375963	-0.826170799980941	2.16337954741372
0.0309528272357288	-0.00922786428547709	0.0077070214836556	-0.18162462243927
-0.0596462073599301	-1.18403671835877	-0.972378699781393	-0.776709929042493
-0.53213103953284	-0.664656177196602	-0.702618564278935	-0.800441441795768
-0.754806257719594	-0.806787253337918	-0.178870724951783	-1.33935646093189
0.170878503183385	-0.343049083578426	0.0674889271728476	0.325159306045976
0.133137010088022	-0.0644381262305477	-0.144077882267355	0.611193362924164
0.361159807647787	0.357215841488282	0.380954045278435	0.670559684125352
-0.121397041830334	0.646051658206515	0.0133121257127477	-0.306009730183399
0.312731223272941	0.204543189321775	-0.437147596649357	0.975089960253475
1.40835873026223	1.29730254336896	2.05255948214012	1.36461008422642
0.198049720909364	-0.0709821640603983	-1.32262672968579	-1.69346547496585
-0.533529721428045	1.39286075433492	2.29873854310497	0.572213630500223
-0.988937851446309	0.177209416913598	0.355155354678802	0.0999812075693612
-0.253528510004553	-0.369037319848386	-1.29117961544715	-0.892899377847035
-0.422561917257667	-0.489736605312565	-1.11320538656215	-0.666699441507195
-0.415461290062864	-0.556827318494433	-0.139781564843928	-0.628488895777816
0.34750238692575	0.84368595581542	-0.39800403245215	0.814338182334812
1.20115477418567	1.42371702788207	1.60424929399944	0.578631333586446
0.853840667244588	1.3009322978599	1.65962703129091	1.74845649815255
0.950050943181377	0.495943862556032	-0.187590673418364	0.344338748681192
-0.0054087297117247	0.273353640958593	-1.99906111898961	0.0458159719359004
-0.240804980963976	-0.0129754329416881	-0.854820891394177	-0.727366478357757
-0.394999590533534	-0.177649491306071	0.778051637050665	1.11101867979874
0.139920280126397	-0.64300945568096	0.639813339712847	0.338688529227533
0.363002620815236	0.201312264516906	0.671100948403647	-0.0574814658179211
0.161444180832951	0.442683958560457	0.0607358110042444	0.205679255543337
0.288239791917585	0.301357741394998	0.208056526460384	2.3068123403847
-1.01115252210428	-0.255942103799605	0.985337340501276	-1.50388405556249
0.0600679923303663	-0.570829349153706	-0.543160686214037	-0.646665586180183
0.623673883044982	1.44771108379501	1.43814738619493	0.667333770542979
0.41206899273785	0.923867895873631	0.93598670545483	0.702758661226095
-0.377140833968306	-0.770226913382316	-0.840115063529893	0.738148988416778
-0.481874098452764	-0.86052439199908	-0.813894919850216	-0.758517576286017
0.0633367110085222	-0.446653520859095	0.0661178786283495	-0.6372018364954
-0.500417449438448	-1.39378658000594	-0.975465258750591	-0.525763614380026
-0.00817214986801752	-0.238379459098187	1.31527050201608	-0.0799555474944282
0.120424944136886	0.0779706272966367	-0.532425370360725	0.0997758185107636
-0.414892560116952	-0.123791152947877	0.0177093819989267	-0.421231466685929
0.184831771883574	-0.411952604876196	0.27603566113251	0.996084395097076
0.0950916547625279	0.0430194743901309	0.440383131511618	0.613893561717251
0.192846975253507	-0.045693916936937	-1.34594990104179	-1.20151080714618
-0.208616358874533	-0.0416418325620625	0.4100093361944	-0.141638474862968
0.461266197273257	0.379851888619103	-0.302708172163343	1.0756274615652
0.122043173783623	0.477755467488024	-0.546937941179009	0.0533054410927232
0.511915663196696	-0.186655471846357	-0.210599713449161	0.259013017969597
-0.0602310260445046	0.802161732660695	0.473809805528605	0.465954035826965
0.429696156752293	0.387970992949073	0.461682526922081	1.26700231779708
0.266778740758191	0.703871250634317	1.04697076001645	0.462842978350842
-0.235640115170788	0.180282429694487	0.279534388204735	-0.608384164271045
0.718163352073863	0.00816428115991668	-0.0233532556724803	-0.96393000575705
0.68434899360287	0.223836584854173	1.30304242785442	0.168031387066424
-0.714527697117068	0.462557858508382	0.830307177802219	-1.63255071631441
0.277588095950667	-0.482086563196978	-1.74465795470276	1.22536876784306
-2.07807138730939	-2.20242274357074	-1.97017152016407	-2.01073425343135
-1.06040466951172	-0.576276444085894	-0.195176185184469	-0.727650929850449
-0.5649373096129	-1.14736204605432	-1.1290822236081	-1.08078455290876
0.612415812650204	1.51512313141281	0.152620287971162	0.0674386116844704
-2.94538268909816	-5.22183236048104	-4.14738812914421	-4.90039111341066
1.64525485710232	2.45871784763568	0.935976647593568	3.17552349016968
-2.22228868960332	-4.1732086384826	-2.89577594812257	-5.3486517323872
1.36490342666492	2.14994534843642	1.148821191833	0.912735178904482
0.915972504192146	0.927623893906085	1.84124661307814	0.895460341601544
-0.704644962184351	-0.504224754737026	-0.731006672265237	-0.0435737678142772
-0.0929617332508567	0.338912150066128	0.0143980396174244	0.296009728711476
0.96548814246877	1.64444933481008	1.16989502147237	1.82701101200728
0.686422214458099	1.02565034897458	1.41597633517852	1.49688360661681
0.685724616508099	-0.0630126783673172	0.704721941343399	0.993732558065413
0.23992763179288	-0.142429604186693	-0.781963165556111	0.93635714573302
-0.292461681025467	0.123178290329499	-0.250670511386478	-1.15706259781781
0.239320608746761	-0.032706138505753	0.342999419615332	1.1960251140452
0.0348667752388005	0.147163016751658	0.0775005859551589	0.00755061859110836
-0.936340544403174	1.03899602094216	1.11651393504545	-1.64981203261001
2.62369259845344	2.52982159127856	1.68955008788043	3.84605382821926
-3.99972259089263	-2.59881024710952	-0.158560531025364	-5.14025083883856
1.97252902403869	2.94680005785876	-0.661570281170151	2.62135666409202
-0.540584329735577	-3.4722925147404	-2.83336563747476	-0.947782753484908
0.241191120311968	1.55760888080879	1.43971979202554	1.11161272031018
-0.191178502544094	0.522942822859405	1.57984920966067	1.02152798234778
0.287661887009264	0.837488675369296	1.05525805569285	0.212959563266418
0.221992843225588	0.327960489414007	0.435628109072996	-0.560724226671683
0.188562862482307	0.488143213380796	1.69319175960249	1.49149413873732
-1.77841708010104	-4.91334431582335	-4.23567801981746	-3.32425660002195
0.98443470788668	2.17406106154243	1.20991542109074	1.47221568594624
1.26054175127915	0.958533167704713	0.755503550761316	1.07226861220751
1.11545263920673	0.27317970310073	0.766088217659928	1.58388488867554
0.405509838727481	0.44340509571628	1.03838516775647	1.27881440718388
-0.615107627705233	-0.343088370739896	-0.523270217310593	-0.0709064489699543
0.137075054919233	0.0855035382879649	-0.982257296712606	-0.626333496912929
-0.520379054409022	-0.509211626910673	-0.00233134493178751	-0.456676398639744
0.412060926315387	0.115751302070125	-0.0256393762668885	0.683684314188915
0.341045752826458	0.0727375960848347	-0.377931511405999	-0.328315352109723
0.0455294926369548	0.553517914896456	-0.232596745964069	-0.917567068323911
-0.000705364111104482	-0.696374107679044	0.232043379250039	0.142096940641797
-0.155877685031552	-0.118527923602572	1.11308896302923	0.036850237353247
-0.00542413835992879	-2.53643011569284	-2.25793099921231	-0.463574960722386
0.709942825877596	2.09033670030746	1.44162153623487	1.94972170567553
-0.268794920597914	0.469536359290439	0.450718283472056	0.658530958268282
-0.32397312848332	-0.0326425139038501	-0.637292608822104	1.19521848780688
-0.689578167145981	-0.855224120723043	-1.03676218010251	-1.66592808955657
-0.295339284566146	-0.317362067124307	-0.997871926630173	-1.07203943695922
-0.547493219923093	-0.073964525169239	-0.213603234644892	-1.60634133992002
-0.299402590697317	-0.931632867638048	-1.8369073509758	-1.44059583471569
-0.496750708123363	-0.260328501276854	-0.371199593531991	-1.14951661756586
-0.155578837465585	0.160345453507602	-0.121415918140192	-0.0852270726505703
-0.788268665212711	-0.609888426549782	0.232264888526611	-1.26050455332014
-0.169603482274313	-0.565698952542148	-0.52383389657155	-1.20155790633924
-0.10736498591341	0.362522186182249	-0.369524247110528	-0.532082304599093
-0.229534129179606	-0.172986202789716	0.449748011931537	0.401788036580373
0.509542161765429	0.449052898277407	0.82051738805881	0.562297836533088
0.329567864728617	0.7842925438737	1.33709981172939	0.919209936985175
0.494611871077073	0.153345117727151	0.417808154617782	0.974094421423219
0.608853015909333	-0.293751303411987	0.120312638698858	0.787573213168214
0.0530396118378585	0.598542681812718	-0.448180627766389	0.0186797122789765
0.155592245280252	0.485683401922433	1.0011717413252	0.9992386208782
1.58348576685182	-2.8917338029819	-4.59034224745278	-0.125660744618112
-0.102467349839353	2.03326626471179	1.51379185465061	0.826173970114895
-0.0842221258715039	-0.0345890032794964	0.773120236857734	0.435388954484936
0.0477768948629007	0.210298724862846	0.535054896979747	0.568980483189327
0.088812745958421	0.287950433816918	-0.0548909317387859	0.491590551241604
0.294343904121013	0.250650641142125	-0.110014878020424	0.487724608262348
0.659732411664154	0.632951927788516	-0.59869153305887	1.12904944195407
0.398991989583879	0.83964543723991	2.01237437301926	1.42183229059889
0.00727896354358215	0.925866061790805	0.337158617989828	-0.491421523481597
1.10006819653399	0.145993522923327	2.72479872174499	0.969095255438148
0.00148026183952056	0.254866626809258	0.33452011090397	1.59276929029839
0.51518066649	0.459522158138661	0.0931507705020125	-0.562830213126558
-0.129561938081952	-1.32601015874808	0.27601530787169	-0.460774608986519
-0.848575926852422	-0.480783230634256	0.44806289842143	-0.420459378874537
-1.57350917731947	0.0312207137272742	-0.553419719976247	-1.16684935980874
0.318209216429652	0.321174986283987	1.29272172917008	-0.858959625800575
-0.212579915359832	-0.577736562501372	-0.264586230790258	0.43422453954747
-0.901777310140358	-1.55468012839304	-1.15961281461114	-2.55748924419852
0.0190211246588946	-0.834226309080549	-0.474759069370068	-1.18910510505378
-0.149097312115663	0.2429135671029	-0.52487661941675	-0.475768371508169
-0.104400484778544	-1.34396559039855	-3.03250532793795	-1.8609492823838
-0.78281124894464	-0.189364543203397	-0.00147888541082027	-1.2217415934196
-1.30970995380119	-0.652467086040642	-1.04900439326614	-1.07682494818207
-0.553693495276746	-0.466270184195652	-0.282292285088447	-1.89369412021943
-1.20237494058579	-0.589928743055399	-1.60472602981074	-0.402759736926173
0.53313110930603	0.576638182752019	1.85682194974318	1.050091064593
0.37824299920591	2.51097477005785	1.31531006771699	1.17181846527912
0.300437728320066	-0.352697684074062	0.365345753119142	0.973784970168713
0.756611394430001	-0.407379931245247	-0.97646885106653	0.536362037083562
0.773765836535561	0.456504017325514	0.611239066647655	0.458885968679684
0.0869442019960193	0.404195319347411	0.26647600408375	1.63703374443597
-0.339688547398689	0.388890218796972	1.17614615951101	0.0960713593380521
-0.971854529578993	-0.177201238159736	-1.30118971076271	0.244232352025081
-0.196816337703562	0.494164214471327	0.851675068737603	0.0501877654409567
-0.0616293776333195	0.426683820167629	0.255561751551741	0.416691692385011
-0.268897399603743	0.182226345022327	-0.191504876404997	-0.60939989265646
1.72878042303746	1.54861242201987	-2.21151976264492	1.72396474587145
-3.13883895447682	-2.06655327165625	2.72868418805765	-2.62649921662655
1.74091374569389	2.17428705831166	0.106065467040892	1.24180591057788
1.04804170628324	-0.0618149253088997	-0.9509093014325	0.286786797590694
-1.08269759765769	-0.34555835178482	0.0133928946380806	-0.437036630475597
0.0868923306543127	0.306751039975539	0.225948638627546	-0.446912680060722
-0.00614836053247044	-0.422451710305683	-0.854861913414971	0.533690035198159
0.137354310577136	0.00207969703401829	1.07366998643988	0.890952233521423
0.621939416254179	0.647361941111544	-0.736919802320904	0.248343427220716
0.812515303522229	0.0415532364985991	0.620292000543687	-0.294414587668452
-0.27612150056277	0.0680292498678627	0.16526876305608	-0.191581331377592
0.288270397502252	-0.731031947490217	0.376027371556378	0.590653693924554
0.528488470559846	0.196039371763038	0.137505116605441	-1.3301612755628
-0.196347083879434	0.194371085584345	-0.825976094416455	0.165166448436533
-0.0983238103483105	-0.763935171739319	-0.503857822177115	0.531764008032666
-0.0461745125365525	0.193662043574392	0.742892614259397	-0.631519557510016
0.041865335261103	0.150875169691729	-1.09168056605453	0.00948178609475658
-0.29353339260019	0.364828194380427	-1.19430654502342	-1.42141751665381
-0.672083243132797	-1.22011948667903	-0.471231972635992	-1.07672290804251
-0.365717939252297	-0.314798711767623	0.0608312542126385	-0.29012120808661
0.416837298429317	0.344324351323808	0.368779150609768	0.311692681029487
0.317447524488633	0.111301270516873	1.14588197842828	1.8720861456108
0.247110159478113	-0.143129749596955	-0.19559563143545	-0.322031636172091
0.340803453457521	-0.203724465307381	0.283650922266797	1.47683182749821
0.0789586071132273	0.0836161887949927	0.53561218684891	-0.670291287544937
1.02495655323875	0.682562431201029	0.121192057434853	0.737011538020233
0.142789690811356	-0.430703393266819	0.357870161378836	0.151994211493243
-1.08633158953764	-1.21884610965309	0.664094607189372	0.74237824088493
0.216380782395956	-0.607644750082133	0.170595813948412	0.221234089898599
-0.207243127172925	0.396205479334868	0.725226108802685	-0.141976534884673
-0.500170968977778	0.497961961809851	1.6649389944038	-0.290613307836376
0.410413898105597	-0.938800210536527	-1.16208998637499	0.535286455130756
-0.242483214578061	0.293429448917478	-0.605667979583026	-1.79498960755134
1.20465377953778	0.518162420699638	0.627277671952599	0.388699026413263
0.207049746249062	0.543100489394803	0.299245378470414	1.62509617842391
0.154643280101187	0.847376920211227	-0.715658106746687	-0.597131276358385
0.18869038536754	0.255024539474817	-0.0156346628442152	0.515732491117646
0.247594050797662	-0.23978852576093	-0.625222228135129	0.313272574215215
-0.714553143627468	0.23597367018232	-0.555511699932392	0.0815545206845321
0.34440725666647	0.726895808364527	2.25040530550063	-0.150402705393584
0.526635950777227	0.000822459630503052	0.00354835795068453	1.32276598593918
0.327289625171565	-0.931278122491079	-0.0654190196821493	-0.566223278492016
-0.399921730158116	-0.325321365368454	-1.01859199638848	-1.17301749393238
-0.522734951821213	0.827116589411735	-0.167182554407335	0.0294909413304173
-0.0617809026498433	-0.681427391741762	0.224656196175835	0.325062615386666
0.216277338405509	-0.259213348916129	-0.735642407825308	0.563441903734164
-1.29593748519209	-1.85994434501614	0.310118205358406	-1.40450211032405
-0.478278387641371	-0.70692382401467	0.298549676261001	0.085799786365858
-0.910074793703853	-0.547817378587911	0.464098415828341	-1.81109358475181
-0.366725626031924	0.192390704242675	-1.75135557502437	-1.33794443389941
-0.490113474983699	-0.342152236779127	-0.495439134606688	-0.409388193398948
-0.650316633480551	0.336838921199158	-1.37375217235667	-1.50352570647448
-0.467313860961436	-1.49964610270596	-1.69732518159091	-0.166016497829702
-0.531160140152016	-0.644912400254357	-1.53905123009971	-0.386388305348368
0.00248226242607687	-0.28158750871155	-1.86346153387631	-0.925506400052628
-1.54946592553397	-1.63738437858837	2.10296456301322	-0.920320763191066
2.41926650980179	1.53780351209584	2.26575689141089	4.38271828262457
1.5699711620627	2.08806174278772	0.55387919912309	0.397174885979512
1.0669270979326	1.20911169660664	0.244077819696964	2.98053651562313
-2.15314767839097	0.169853134821481	-2.02933416610126	-3.9911892232233
0.751733641121704	0.853841338317014	1.06897365325082	1.37472621202351
0.750632894087259	1.66356877200064	2.54370299430932	1.9957772256983
0.0416579931598938	1.37885447737805	0.79682807009346	-0.0813436242814337
1.19885922259926	1.2846750984038	0.254958382226573	0.58978473912364
-0.851447782531071	-0.115430566426325	-2.09935090398651	-0.341401605085402
-0.0515305553922302	-0.993984027910411	-0.475475979851051	-0.213446271851229
-0.768768887090437	-0.691055406965044	-2.11363159586261	-1.76687441328771
-0.639174183662549	-0.395531516565486	0.41905784535246	-1.25738296873208
-0.448987629406367	-0.908550120468411	0.747931667954111	1.39480974554716
0.315830328964366	0.545222690820261	1.15543469374094	-1.39263835369309
1.09718284478817	1.84599226027402	0.881635424010782	1.45626084572873
0.0206512932564288	-1.08803991062754	-0.457488815081257	-0.125147756216382
-1.28874476369751	-1.1631714345205	-0.526950241316497	-1.17723369838407
0.0348398641163595	0.666511659153875	0.717149949275963	-0.0268730687602978
0.221145142047286	0.894352795079194	2.61831073080457	-0.049662670827709
1.37793541002461	0.20557158288657	-0.275668754042199	1.27604441497201
0.340280823230934	1.54345573021842	2.29950158963055	1.99005480561381
1.14807630532373	-0.218654729822173	0.0116456890612748	0.796100457547148
0.712371569973983	0.23377839299236	-0.167799120518902	-0.282359413287705
0.738634613894834	0.20967425166442	2.74263377700935	1.48023141820517
-0.631811377193274	0.830876832587023	0.691277527150318	0.0194154410604254
1.45570022481258	0.387470185282457	0.952162692385869	2.69753008153813
0.163442507035594	-0.449153486522473	-0.919052199833613	1.11035209386016
-0.112775506421281	-1.10361677380397	-2.35865905490815	-0.263322090250735
-1.22310755074801	-0.95149200167575	-0.315713305073742	-1.63818065704625
0.35427515692439	-1.09205068675326	-1.83943681835661	-2.13202284933486
-0.939814535765738	-0.457570140326201	-0.691736055365811	-0.656910940418609
-0.672170763695785	-1.59862355448936	-0.518873925357432	-1.67453853102455
-0.882269845518292	-0.00199360472112843	-2.10605719424116	-1.025161476331
-0.84761827626669	-1.66180750546281	-1.81968181270166	-1.77967937402102
-0.562216660470907	-1.54872175550254	-0.532266960102943	-1.4970523676767
0.142667775610644	0.763353313583761	-0.514005764883674	0.086270814478003
0.576736120154911	0.849820539588904	0.145247530762384	0.0711489739418927
-0.584776783790871	-1.12042876938693	-0.0252758432655813	-0.184149726553168
0.018185376223544	-0.0360482446369081	-0.18504083185908	-0.027877286807177
0.97256439358656	0.467212071993623	0.129781301238674	0.537137576410828
0.174966796104069	-0.0800005148446631	-0.749260971783617	0.935843234984036
0.120050118119397	-0.127007566085465	-0.0880156277668373	-0.385288439333505
-0.622160399764434	-0.163651030263219	-0.326754224112216	0.206520971801453
-0.0395548367177055	0.120149191537712	0.418787419167215	0.510443887549547
-0.338033368917689	-0.543574575697409	0.451678696295984	1.10292727563277
0.39653511676188	0.449142640437703	2.2568265521075	-0.179868740899946
0.180850722838068	0.217050399234301	0.0243178362428974	0.648971418746206
-0.256391293763947	0.180911314430372	0.587425577616561	-0.373706838161621
0.378768902476323	0.706208046819145	0.407303837617358	1.44661064320334
-0.361887297375173	0.645418802889501	0.835111942475729	0.195449912371595
-0.341040796308939	0.209146972206802	1.4369724142056	0.204001582292864
0.144841734100165	1.24845687212682	1.34949642700057	-1.52172476318465
0.472496920856648	-0.76214777111068	-0.771448258402255	2.87542016581321
0.985636613167897	0.674322318703684	1.87905226027909	0.583784312970712
0.581201636192099	-0.198874557169223	-0.0909359509781851	-0.412068127354025
-0.546910784072094	0.373314161203183	-0.239457647959925	-0.167378268534022
-0.20200126554432	-0.819936168772001	0.20561135791088	-0.814159375761967
-0.617614371795409	-0.247590468876825	-1.55876927251134	-0.207232458240226
-0.279678478948636	1.04710983812764	-0.557236085549615	0.560757629962981
-0.0383652978386407	0.556467884882777	1.35967445363415	0.115897743530604
0.00995468829101516	0.441077903317843	-1.29559295281715	1.37398971300171
-0.708077494016664	-0.014663373621051	-0.0753763745918201	-0.596267167657584
-0.194892762816643	-0.0102036744533527	-0.846609755995021	-0.411767107354592
0.160913755029272	-0.362423924172179	-1.65568206363894	-1.79175492520228
-0.638247714709398	-0.99337079343723	0.406157823259643	-0.206912936869545
-0.748395625461545	0.0635155592374326	-0.0352795822629332	-1.09600533364051
-0.372996610335993	-0.856096088305615	-1.26820515035906	-0.775681724414327
0.308471558883047	0.523364534869649	-0.945143434079784	-0.480036660811141
0.0607818486964704	0.115044939082383	0.249219594000467	-0.230767138523446
0.541064497521793	0.433605098386345	-0.192084165355183	-1.31522175679731
-0.156292283246051	-0.744374943119066	-0.865712205803383	0.483570488054384
0.334751049953132	0.102330313779471	0.480752619502823	0.264563706598967
0.24761527591737	0.451940537670331	-0.798612069865279	-0.16858903120221
-0.0664349582044728	-0.222967455550749	-0.120381652750367	-0.50062614644122
-0.514502998218476	-0.303560371543807	0.990079696098353	-1.0866121258835
0.445516696939505	-0.263263760810158	-0.16105027816016	-0.401013726745342
1.14038523518292	1.6078596910796	1.94371005358766	1.81774121633709
-0.0912518112331592	0.359935248235315	0.123956506761966	0.962017463928239
0.0632121737630356	-0.141433212369168	0.24074063489004	0.47819140717999
1.05429653029163	0.183411614770751	-0.396689411158928	0.421497522211514
-0.11298372147373	0.645487499437856	0.15174230686102	0.411456626373383
1.03112082314017	0.197683852651148	0.655680340571813	1.38057420403958
-0.987593228419218	1.56976631389258	1.64858146368233	-2.50995963674828
1.34746112259774	0.257645949746984	0.163694412179132	1.65837704575556
0.748584869201355	0.883245810339013	1.8520144891294	1.97464467344648
0.012086911420184	-0.201268616454116	-0.512055346656329	0.839057451049371
0.00179571601263796	-0.500654282373414	-0.525241061811486	-0.00136742677088601
0.101455605405967	-0.632421028860107	-0.904769689201698	-1.29295205686216
0.618772242582242	1.21993190028677	0.353354198379971	0.899880347546223
-0.128374624909011	-0.604366502369234	1.39694896528932	-0.0317717009077752
0.219526896695055	0.256915133842163	0.964432272677452	0.649475488491582
0.926761039568164	-0.0727538731829043	0.392457445175042	0.459634077480399
-0.613576696204166	-1.10447785052109	-0.0583931672751449	1.01617717901004
-1.54558519994857	-0.986925066597864	0.0765038991146371	0.298831040885404
-0.519200498912862	-1.36606933580031	-1.87146171555553	-1.13041802442824
-0.891567819280955	-0.453412971318261	-0.791305354853992	-1.3814685129016
-0.322531155234511	-0.45605564188519	0.196913333528325	0.473084443733035
0.275821402104076	-0.0494704563543193	1.49787679164637	1.09938855055794
-1.4977926688527	-3.06146949293822	-4.62967429742524	-4.75449905870882
0.806811171425031	0.764031341858575	2.39904248628373	3.23486139157019
-0.311860875663253	1.05266766509224	-0.49665227717039	-0.980178084148895
-0.327734400109304	0.354168312747379	-0.44752527187305	0.85196705230776
-0.710892260246902	-1.55080261798855	-0.835874739887102	-2.13024314391028
-1.17023576240129	0.0193799796581467	0.23917354459417	-1.41892471221378
-0.988061468591421	-1.54600715800615	-1.73012900891299	-0.924016362752782
0.00216159491119861	-0.0822312283535182	0.519659738555562	1.5896436024264
-0.176865175509703	0.138153319633604	-0.495644583090782	-1.01216288177831
0.837512162196131	-0.508017990794449	-1.37592021265337	-0.822748923911729
-0.145070677508003	0.169236734581547	-0.155360268285562	-0.148290900409438
-0.424204325857896	-0.0002089715466716	-0.592735873782639	-0.918489151284756
0.373785969740965	0.282526238827856	0.187513332562651	0.158055484556965
0.0990240159238602	0.447728777349115	-0.603412963163011	0.0763177857217128
-0.213491858065928	-0.0372036687615154	-0.0689786026037855	0.837223175063233
0.0779440155291887	0.0194266770302621	-0.572577031603503	-0.787789250508339
-0.334746897985384	0.758707844624954	0.885689710203606	-0.244198197400338
-0.161136022275801	0.427669041976357	0.432334078418827	-0.155618939473288
1.44878488721201	0.385515415355725	1.8364238135324	1.19946942521632
0.175469975887847	-0.398548052936412	0.818030611414535	0.911115575475806
1.15728303335748	0.898457500508524	0.706748263049046	1.09578487138311
0.276400823448417	0.507410132780025	0.0944296448185529	1.20303967530534
0.438511125454105	0.881947221688083	-0.120540924934983	-0.129677012975654
0.380386123425588	-0.250117297925416	0.298263231267989	-0.251783902946432
-0.565327109844858	0.746522051072375	0.348633970758948	-0.16767234870598
