IFG	Ins	Put	VS
0.35587091061516	-0.251286532946924	0.372897957668432	0.323712655537397
-0.37029208662258	0.135038118469072	-0.204040013301892	0.706987974246962
-0.0172339070444146	0.169338524223437	0.42244801056957	0.25316191747495
0.149438946703774	-0.208372139247892	0.287856536211762	0.858555417638747
-0.119244036359188	-0.758428493984899	-0.450153464796037	0.818590050400386
-0.00753676439067164	0.397665283750934	-0.705723092117505	0.24639141480242
0.356288871865939	0.087186929044517	0.25087661252297	-0.243460451753666
-0.449591690242005	-0.625267776448704	-0.941808221401531	-0.451172847636514
0.420019129471856	-0.228042063664615	0.180970990763675	0.142193662177566
-0.519657140650005	0.0340845902765602	0.21494562207103	-0.649789304603711
-0.018522589270851	-0.28812331775885	-0.513800062022653	-0.978384865895862
0.46215548200062	0.0858606995481335	0.0345966831816902	1.0978070655142
-0.585308255560388	0.148493633527904	-0.198730022287107	-1.21465352677461
0.310184637934542	0.488753254359627	1.17922662053803	0.201619613897215
0.531572436806997	0.919773384906735	0.509388026503765	1.1179272107922
0.275864253314606	0.140704738046454	0.997778931144976	-0.692675898886399
-0.347028872431013	-0.641035747905449	-0.81185199978122	-0.0522425758890659
0.133823400870423	0.481629836489398	-0.0541323446174035	0.0279607855921874
-0.154902462217265	-0.224862466793476	0.397284812391236	-0.907599755728757
-0.00957822657973119	0.242891493648369	-1.06029554477177	0.561522257385525
0.790810829237823	-0.214847360352574	-0.192335247454692	-0.269556545694167
0.0420362919765118	-0.787413777597263	0.241965066550277	-1.66186358575269
0.223705182111949	0.49692319504145	-0.265747287772473	1.13380561700146
-0.0178870298505591	-0.728737180564752	0.392482376684677	-0.283883216979755
-0.679065794757275	0.89673081640364	0.423877931087931	-1.38086603842597
-0.478057663433354	0.340128418428976	-1.00541142336008	-0.0199268071357102
-0.139724868892677	0.73916325586489	0.275904995307766	-0.638729086337113
-0.383629291821587	-0.666535561734326	-0.701937788996172	-0.0888610449892239
-0.869461657460686	0.860226054468969	-0.118136880595195	-0.0150020192655716
0.318812288046736	0.0294007887484919	0.177295760341151	0.4670563314273
-0.14385424237042	0.326529174171823	0.868878579651734	0.686041404932799
0.552043210139466	-0.314997524821003	-0.637382338577763	0.334079706771537
-0.0204517649378231	0.431202748666499	0.634248794343262	0.49578593414122
0.214882170171477	-0.216705526011381	0.696759653020106	-1.04161745349331
0.0117705796260505	-0.533856558502892	-0.424261517608156	-0.107415729168725
0.0953695395454256	0.917156972287723	0.389033877082287	0.831182590300976
0.045596910569788	-1.60362110435861	-0.207657120497474	0.381557070393278
0.042160727713245	0.160036724099239	0.105518674127461	-0.0990678067283232
-0.0402137663771926	-1.11272683892728	0.430175978151432	0.133179632564205
-0.415370580748333	0.376436387550203	0.401196734221497	-0.2321468886159
-0.427351476022076	0.178408916810274	-0.693717405070808	-0.124125965913435
0.200183837487556	-0.276971004982247	0.720778759535846	-0.0725594560394457
-0.0871049531872286	-0.00868821657236566	-0.851166115277364	-0.0496593614950977
0.198876551104361	0.414643944522657	-0.238720707099656	0.477331833529934
0.168009749270338	0.152331520937465	-0.487803128537916	-0.70450032227223
-0.158966514356432	-0.231615704747246	-0.740509430006166	-0.18635814884126
-0.0360461517000203	0.221398567018676	0.0827408436099658	0.422835909900491
0.0327000325482379	-0.119049887588757	0.629533878913604	-0.144228796847471
-0.110279008562765	0.140874468478294	-1.01245038623768	0.195124336825258
0.0866334979662852	-0.0863418676173194	-0.110861148383944	-0.208632441209885
0.220309861807292	-0.155810714385823	0.881669820114136	0.220409993837165
-0.350035075104065	0.300096041497467	-0.795629888269815	-0.619355808429198
0.345636772358998	-0.152472133772147	0.383928604528654	0.416351720546419
0.145463654039107	-0.333742559972117	0.409183502750772	0.217533660067601
0.0563873262054367	0.40290298401469	0.0665174795870409	0.0593434477812972
0.600604456267403	-0.241207501852711	0.466521038685285	-0.222629287852305
-0.198307967361718	0.084593678591922	0.192289399015964	-0.0438921831624764
-0.0626424940962396	1.10479605342672	0.573224975572098	-0.198290115559667
-0.0723228472189881	-0.353964216189498	-0.111335659359678	0.258080339936257
0.0526031817728479	-0.178944182024369	-0.327151424602771	0.493294248825868
0.170233910857358	-0.158124865286925	0.257525190267653	0.458513673749286
0.0364577357938752	-0.0176330981474744	0.202118777959648	0.54017788425132
0.00610143796376583	-0.063187830035047	0.219799722901624	-0.220983971626343
0.498172433428709	-0.0432788110338172	-0.119749260659642	0.446913503087926
-0.263242893907602	-0.133179286303665	-0.447919811898222	-0.218781097191098
0.194709647161868	0.0147034732440372	-0.789924469936208	0.594587784686595
-0.35854406229892	0.140949463233833	-0.208259321043297	0.631861219789768
-0.280877541261373	-0.402431340464454	-0.186848716761836	-1.29848516299968
-0.144770061545354	0.824262810739354	0.711515590152446	0.249457361536904
-0.23934728865416	-0.69252819312186	0.184654223135792	-0.137894374485208
0.0315762801039416	0.0238942355945426	-1.71853416179815	-0.712702809344485
-0.453490793079166	0.6780616336672	0.184391422242488	0.232754192361652
0.644028028351162	-0.395730132985194	-0.499013473547683	-0.0819317721331736
0.0522175491004971	-0.0201033700169904	0.503737374674762	-0.355682399438466
0.014667716131296	0.0574147187423441	0.0545274163227526	0.161124660955026
0.710885040849842	0.196230902167664	0.38391314557128	0.0772909620192035
0.159324804112869	-0.315616570348298	0.077664926126557	0.392190536314748
-0.0218656608918398	-0.632006058325526	0.0116700214693094	-0.301218110372006
-0.0514621114792302	0.345341598453517	-0.395147404013899	0.31193033160929
-0.466879268606847	-0.663063077252168	1.02875855042834	-0.160853439305282
0.139940132219862	0.659194384448622	-0.0119399829226227	-0.705901857804376
-0.0996871023454404	0.209037497212085	-0.11811450445093	-0.0782874020489245
-0.346931428070869	-0.0562562346112218	0.955508900767743	-0.974293645822007
0.0903889247276523	-0.607578814123184	1.01508908459322	0.901206365144154
0.0832783637223439	0.7080303801145	0.22578418038811	-0.0548762808503425
-0.233928962908234	-0.959340789923807	-0.669343919550279	0.064074308491334
-0.136394480056014	0.220819252563175	-0.469401704286963	0.730688571649554
0.00272032538020225	-0.101485210325434	0.721695842543292	0.138402183730602
-0.523568324009648	0.590040674438111	-0.465199570510434	-0.420719637492446
-0.106674504004198	0.282299882922522	-0.0288529215078611	-0.195835980963129
0.303411196148949	-0.364931293640336	-0.884706427065662	-0.0353982666260038
-0.441529840728035	0.310642247397858	0.343054885713024	-0.366549109155407
-0.306163155315236	0.476609625357272	-0.19897643693925	0.118405304589949
0.562135689359608	0.0162317963470557	0.19994311651845	-0.468784379273666
-0.12417636808328	0.542761379786568	-0.170841297731364	-0.0180042340888286
0.209866595867579	-0.251165827060313	-0.48705194667211	-0.403374022560425
0.633777884036363	0.364185999690899	-0.134382515352812	0.152461846224416
0.183591374492644	-1.31076395449158	-0.417962809014038	0.721008882563882
-0.208800068074136	-0.00558433408008957	-0.188615999051846	0.0805449434087076
-0.111028898495382	-0.0420530146907765	-0.213334705900472	-0.700296649347211
-0.386560789682762	0.662369698257735	0.0956566622583363	0.582265743438519
0.335512918484479	-0.301079888066834	0.47703910193144	0.0877909153902613
0.0445955123022649	-0.743968601930932	0.100254540241318	-0.39474268458006
0.391224933254023	0.37492299108998	-0.0147540063228529	-0.412393983614556
-0.289993862157765	-0.156564927950499	0.874366655779623	0.166169937000579
0.0781544806538067	-0.485872197089919	-0.0663428128033953	-0.0805239041748131
-0.0867769580212712	-0.0312944880790437	-0.963725216504863	0.699041708064115
-0.745884963480821	0.523728211555809	0.740259982134237	-0.0571186887585407
-0.0795625869376335	0.104019483357321	0.189418354819329	0.287984082064388
0.436196174331455	0.385118169278002	-0.312322077093339	0.234010709738816
-0.0657708945312925	0.133142553651077	0.236397182069348	-0.504681990771413
0.327590938516235	0.529094099491527	0.137251731780518	0.115377471858921
0.160032102151872	-0.272165233683574	-0.815460450485274	0.0997517470382879
-0.450974508240357	0.421525664176754	0.310018828054797	-0.380809444115481
0.282118009557873	0.18697281767253	-0.426448135064523	-0.649531525515419
-0.760897481525286	-1.01524157596584	-0.0806230973224983	0.0853708655846979
0.686267219532147	0.560127481705714	-0.200773534368141	1.3201472353546
-0.335013225254845	-0.315786646739377	-0.0480542657478593	0.0893328591318191
-0.593119578428045	0.0680433516828361	0.489082420462498	-0.241667496064275
0.634596976806455	0.80277905409131	0.466931777041676	0.564934260998988
0.261013020404007	-0.658658297564036	0.307243198846336	-0.423084108833718
0.148348364805465	0.780340725696299	-0.133734000721368	-0.522148366855329
-0.0542832282444172	0.218842824472999	0.0404735140877469	0.728060319676385
0.249635473298606	-0.671600251936644	0.144091461546602	-0.642601801799903
0.893265606615544	-0.708714873969169	-0.511964888849455	0.237591828342729
-0.641239265875757	-0.565305153065001	0.259113916221234	0.171692390918872
0.0596420968153806	0.488363956834031	0.396652928803506	0.717789095903243
-0.411286900354568	-0.378967932594764	-0.718664882436607	-0.0307953216389545
-0.00829110779541015	-0.682137493477617	0.584772311722493	0.537704744432993
0.0714316899559577	0.475598441684089	-0.400850850153866	-0.509480833472647
-0.00735122914984506	-0.771397865127575	-0.210784479539995	-0.155421038894954
0.823694788031808	0.849786905382279	-0.122817494331298	0.574159942491595
-0.581573509647301	0.173466389168221	0.0922956923997251	-1.12033619048934
0.617540214056034	-0.174852265998341	-1.14117016640526	0.201436493579042
-0.580159799705924	0.622834714180862	0.769266821435522	-0.304925151724795
0.33375383740331	-0.420505162267729	-0.607631613844767	-0.596572951826679
0.0662454536059484	-0.290429627117201	-0.3912673965274	1.17571482591454
0.239829758489607	0.161516661099483	0.895593433763078	0.0758720474522199
0.12955477575054	-0.482913530196924	-0.184897328082333	0.473965707347787
-0.245616922872702	0.399995131094564	0.982759893879923	-0.758832739713514
-0.401145504847908	-0.24640725769385	0.526404477909791	0.112501583405997
-0.528017158070313	0.408535966404973	-0.712641078698425	-0.312952614936143
0.199380342023421	-0.735390849974855	-0.019945412410384	0.257099837446092
-0.485241596843165	0.0383970599160348	-0.354428973225584	-0.498224169869596
0.0958368933526342	0.806718147031901	1.31652767128222	-0.295148976031172
-0.303649470437272	0.0173573494805007	0.164051469530638	0.160951220431767
0.0494260948814207	0.433186845141503	0.226218650051385	-0.90963440803914
-0.60684740868368	-0.53651235137261	-0.192203036706426	-0.127880865065364
0.122690991071652	0.321694688220707	-0.460825338375198	-0.186524701998923
-0.229492174532481	-0.0580241335010231	-0.272565553234963	0.432338318375901
0.277945942084307	-0.11887346806912	-0.190581919891098	0.608113698630148
0.49179192699743	0.279782105209701	-0.054214928609808	-0.414567983344687
-0.46912357415779	-0.436358444992038	-0.315905325895827	0.14922683904149
0.0252126158589356	0.393070553359631	-0.215224062793298	-0.335759706336533
0.107994957694811	0.0791705034876514	0.975608794877393	-0.427022706729566
0.432544508944751	-0.703970628236861	-1.01949968937961	0.0700406086141815
0.633687648108999	0.316918142638286	0.856035438122305	0.456823946862049
-0.389472521832733	-0.0886286172983893	0.641822067410166	-0.662811335915184
-0.0627303664454403	-0.471692654909262	-0.1871773564852	1.19322244463395
0.136813777053445	0.727713785202268	0.417660186872968	-0.333806331507382
-0.32189052734581	0.288158091386291	-0.977083403187863	0.523858178184772
-0.358153781339847	0.363658982380343	0.63784221201188	-0.58487205404068
-0.0527981585391889	-0.0782734648817871	-0.352008977408352	0.368217411906812
-0.0460968039602447	-0.770088996684917	0.0663741926008638	0.699584495571011
0.455010575955292	0.632172122112537	-0.168413129378558	-0.392128169571762
-0.0553005969896435	0.147975024056074	-1.04227687244605	0.123320288740056
-0.093394161241843	0.70682961277023	0.130590060704349	-0.403521820450949
0.0392266335780624	0.139352733462425	-0.171404500791483	0.368837260485976
0.708104255981283	-0.110823533835369	-0.200509285646874	-0.764265913862639
-0.069597021428344	-0.622431442908466	-0.183973095123955	0.142121526816239
-0.632093232064401	0.675437627349367	0.325670060276194	0.364254173495403
0.811340734290138	-0.345263130900424	-0.828869547491999	-0.314693331925042
-0.203041231846347	-0.0408532964458231	-0.438855098545012	-0.35838479168125
-0.0264383013959611	-1.35854413906441	0.369414746904081	0.408242119097605
0.22829848586601	-0.0103303402058992	0.598418457930994	0.263984752199433
0.327887894393499	0.639397589834007	0.312239113184903	0.615231541995529
-0.205650417945075	0.106197828357611	0.303214580404587	0.00861486452474179
-0.1924871453691	0.219902049350474	-0.898755737344213	0.481237302200121
-0.0760672395753309	-0.04835340298348	-0.223167837294128	-0.0421920652722622
-0.502753689435478	-0.957063290265181	0.0304632904990546	-0.237831035710042
0.632446750913432	0.324679359557133	0.890059010769709	0.0770210937606372
-0.0121715040030619	-0.0990239394293203	0.445495195032077	0.400207569800114
-0.124507293790206	-0.0529780481780162	0.280551105285286	-0.69541411918832
0.37537466868836	-0.148982140388446	-0.578079790454089	-0.0465381549727644
-0.170959553293664	0.575334788369258	0.172370072622929	0.795581758428124
-0.0164082045697672	-0.00925906234522484	0.844749404961355	-0.212682209127955
0.310929855577815	-0.917405414157476	-0.244073568934538	-0.510627439921053
-0.706208267119629	-0.387604390507108	0.567986545012423	0.542909967703534
0.0259923671774279	0.55695753694845	0.0630103236808243	-1.26917333037288
-0.459167689864259	-0.290574896951965	-0.479079077153379	-0.437440874626924
0.16514340425451	0.113999716831503	0.0205079499916416	-0.793655528601954
-0.234802657345686	0.00678645509646414	-0.126901239318955	0.399621635979709
0.0988032218306372	-0.0485895231920561	-0.347982351140423	0.0651797771666586
-0.506323162402523	0.262034789058994	-0.588891646653085	-0.470536281652718
0.410793638460422	0.315693885669107	-0.360213822239459	0.736763750474153
0.282333498137057	0.464094597845446	0.44189119192907	-0.769527910193385
-0.11183814927342	0.136877564388087	0.893058454939344	0.911570671253187
0.0308942751600474	0.121455560651328	0.496515758964699	0.130975390275096
0.326554753546311	-0.207874887002505	-0.537919383177863	-0.0231669790330371
-0.258066328776376	0.122538816735139	1.57512452268841	1.01390724308607
-0.545755473739064	-0.814051416977601	-0.178891839406212	0.0543017148755914
-0.243135320482983	-0.276146626430738	0.0933741443647186	-0.315777538710987
0.335178977360967	0.682634888861656	-1.14447182763166	0.465853917001354
0.538997673113012	0.339154252491796	-0.410004543466715	-0.19237709094934
0.0244082759657418	-0.244514800689138	-0.381418055387748	-0.589858939148547
-0.128380889144137	0.141405485287333	-0.773839701014985	-0.748145913752177
-0.0429268178169748	-0.503911578991944	0.19269268952677	0.838188008866082
0.301303587626866	-0.11713386373735	0.290273670041964	0.022417922020608
0.614818544346168	0.580637123956419	-0.291357170048066	0.215624015476797
-0.336541738646714	0.20309785167315	-0.326724422757611	-0.4835556830378
-0.20666245238619	-0.188366605827337	0.315706464140002	0.12540691860423
-0.0547432653857302	0.381341537663695	0.142987447342824	-0.787407222539546
-0.241613085246523	-0.668298656561455	0.542939588813926	0.563793025542547
-0.156508814491659	0.153179986386034	-0.304655120863271	0.0850904354509458
0.240757092309269	-0.0405875415581837	0.167590761379403	0.101661826071884
-0.197612955060661	-0.244331658653577	-0.770509477715519	-0.547632112694603
-0.521751594109101	-0.296270007581152	0.269969965548146	-0.198806416686087
0.318415755828084	0.118650985919135	-0.668134827986285	0.607943064480544
0.401998100135404	-0.0749418817674252	0.00190268878951156	0.63009964996555
0.301679860930959	0.101538267243891	-0.0353007941898744	0.15690248806276
0.348278281726507	0.305068212968617	0.16140510766801	-0.242641092552164
0.306935236201424	0.227245602761053	1.04106917705051	0.253238887437153
-0.292688382129779	-0.548853740136385	-0.233850129065115	0.0446695683453155
-0.126628441663657	-0.284084947983264	0.536611147458383	-0.0722337196182446
-0.555446235450671	-0.197682566806274	-0.04514116477668	0.955680314897362
-0.056231874144334	0.564434195557869	0.94957362918473	-1.46443984532568
-0.158790764245214	0.0986284532670454	-0.140544369386522	0.00762532220179938
0.0722779292005023	0.143232087293413	-0.686910744158077	0.0161467089071002
0.090619983720715	-0.219901539503354	-0.477214945883884	-0.046129808358553
0.349612332579432	0.244582550622376	0.749997990257445	0.231016527664974
0.169311804663132	0.248790553437331	0.206911441425921	0.727579394399072
-0.110016353090724	0.30124422219063	0.012382662041736	-0.301835221828287
-0.296963499077198	-0.649752928999736	-0.0844352559871677	-0.580552732130173
-0.240770561089313	-0.634419269385428	-0.274034921448263	0.4312974306368
-0.186942288215855	0.176949562352123	0.408975953136933	-1.03133920318637
-0.100323535175875	0.66388443881025	-0.185360251052326	0.184218985535753
0.495380398421207	0.130816143426532	-0.267262849077481	-0.0598063763456831
0.290628716200801	-0.496852171009379	-0.571387481863262	-0.510255395680131
0.184105304829269	0.281084784079526	-0.129014231404067	1.13307674737489
-0.138407756970803	0.0968161012416246	0.449607261992418	0.451277150870583
-0.059420766589561	-0.329870656428734	-0.534987393553727	-0.478968973569379
-0.314780699710193	-0.0464645287124697	-0.563309140187311	0.959348712336236
-0.134051624825028	0.0170161777097181	0.299624660051615	-0.748584386186503
-0.440243019761759	0.669266113142685	-0.0572633706841987	0.238630196905927
0.0947055860081871	-0.916914803011507	-0.0232124858397343	0.234076983387398
0.0249669087842735	0.942936786841752	0.969139815604916	-0.279321907212748
0.619800553949981	-0.373413626260615	-0.63119830182744	-0.842576917191783
-0.0220899874621183	0.601405252567983	-0.0841037470813691	-0.710421933490001
-0.308888579593184	0.0886111046394877	0.888137574725434	0.400875498749191
-0.62023607561496	-0.172251927317882	-0.0365845835674894	0.752098171073578
0.38679727807673	-0.545291691668813	-0.493314042993297	-0.149548575339883
0.353273513341472	0.235489159213944	-0.334154847433262	-0.400692378265003
-0.250851297650397	-0.0686451608593724	0.200981350170929	-0.742995019503783
-0.37272627130813	-0.0977594470289076	-0.182218630617324	0.670844507765299
0.297856373879495	0.407548730650604	0.497972682313695	-0.60240075009088
0.144846537294281	0.142213794003255	0.00409824452007537	0.920326222175403
0.666028963137408	0.127375306348666	-0.353225879362639	0.35443061343449
0.312971466890722	-0.788054433615917	0.422766958493925	-0.850255199427396
0.0154152882187025	0.179244386176199	0.426649823451497	0.0953969785994653
0.149030490254821	0.370257800835891	-0.625391707450493	-0.245373182277381
0.0875368239899387	-0.339834887351202	0.945954444810861	-0.27080188243349
-0.478734215889739	0.016330509611731	0.195800128568185	0.0644890045537533
-0.495380738793438	0.0555680771377753	-0.319871466836536	-0.091798255482347
-0.169556480900269	-0.147192186701866	-0.443127543964438	-0.31253413764488
0.0167986295503212	0.805710720087903	-0.230608664972124	0.263818314096155
0.290618522129575	0.0707310737256199	-0.294187148908108	0.206189503410887
0.133094367269963	0.138968432557769	0.591808473472652	0.746814170871098
0.290068491627535	-0.186554885126369	-1.10345954237928	-0.583330937283981
0.250513265434743	-0.297265416496001	-0.147473576529707	0.856507378392416
-0.312227357200619	-0.0516544537562787	-0.578439104695102	-0.137186079877721
0.0943411590582668	-0.760652943229263	0.333723834221588	-0.018630536348698
-0.602836015675698	-0.102376315868262	-0.326343000969843	-0.216432568766452
-0.280510884482886	-0.0104124207238834	-0.512544174437866	0.00490538488666871
0.357642441891068	0.53743328086519	0.362633671078202	-0.181538217976213
-0.220066576222467	-0.883491420920133	-0.240892820775075	0.143587309496802
0.0916938013302612	-1.00236535486598	0.08357867722121	0.0553979037854873
-0.332092100288632	0.240109779750452	0.00702760384230015	-0.365630378879181
-0.206672353278291	-0.169069402907365	1.07126762887681	-0.753532808244734
-0.171185320037014	-0.244469148997758	0.0078119593120578	0.329605430228352
-0.422868541787067	0.388077238571129	0.203726227912962	0.899606219981462
0.158123869981597	0.942315552581437	-0.414310980860194	0.121070531814114
0.361989170312565	-0.583122591384448	0.206885197193324	0.334994963275076
-0.0954891644276776	0.0738386492020665	1.0562311777856	0.139053037243186
0.243573485642058	0.201917273132811	-0.283226649754851	0.207233205719826
-0.229710567403606	0.184180116618588	0.214937117629258	0.0347644108902713
0.449862957768606	-0.231273345975159	0.670442246226726	0.321220827039663
-0.20535723782015	0.516278765917527	-0.546421356409903	-0.424876160576818
-0.427997878799626	0.283790515081911	1.46961028394071	0.301575287215439
0.501774108522033	0.360353953743824	-0.698389851978967	-0.926406133377308
0.180939301479954	-0.0593727926361711	0.551270616551712	0.253735105975174
0.153895582307576	0.585701100162045	-1.20525678751244	0.371641669838121
0.248888638999224	-0.190778664660941	0.644106206534471	0.720071613227661
0.379266753850989	0.0720715785945879	-0.411978743053842	-0.0157479796542661
-0.0685255804509863	0.950956635675902	0.0726366065063218	-1.89850671149086
-0.19194621296793	-1.00679383147239	-0.176051820306543	0.776494038416616
-0.724320101391324	0.467642718338395	-0.0149603751503481	0.0460633050440711
0.472501462041968	0.169961961886546	0.24742574320584	-0.320613570143829
-0.0753830998258112	-0.43201567147677	0.234799680015312	-0.195050223217239
0.296555329004334	0.11743448644634	-0.28257251074094	0.379119095147348
0.121121950979534	-0.271261314714303	0.396222262285661	0.299500534987712
0.315407069254939	-0.202524626743693	0.0440954849326919	0.0878884410256912
-0.254262999298408	0.773869778467333	-0.723966525486384	-0.272196164696298
0.526854280556711	-0.524913602914072	-0.83134459452239	-0.296275766530234
-0.114240771250512	0.0885642262844248	-0.363257259771495	0.0109817623064845
-0.50831239325159	-0.358572964606637	-0.722854426142618	0.258546961864198
0.339000946288867	-0.235590600601025	0.957761788647898	0.484526423297252
-0.265921464292931	-0.256461165233255	0.609649894563245	-0.154198847613345
-0.105926931170919	-0.348202606629014	-0.0625342656829684	-0.60263694654553
0.344526662264488	5.95157524305321e-05	-0.378534320982129	0.883458736529435
0.549638226957625	-0.163840790305461	-0.0523072733262663	-1.11531699330969
-0.268345498415573	0.677271367254578	-0.118046253423542	-0.57966049376595
0.585135432098533	0.0145651850951889	0.0849515837404891	0.828418695770142
-0.0412075452863997	-0.0297862320239621	-0.0886616796782973	-0.706323620938763
-0.216992294563602	-0.561625289363457	-0.201895448133152	0.540361664613849
-0.222458646913197	-0.315649861224231	-0.26538576055331	-0.16531096856115
-1.48528538527258	-0.255259748709796	-0.0757704650165762	-0.212660629236975
0.665262433227232	0.476691722895861	-0.333966827235958	-0.0428980224893687
-0.279513102427454	0.392396027369527	0.660450403664	0.76991425191328
-0.181670671781407	-0.0122066310046078	-1.49250521201072	-0.506891361546903
-0.606104292842807	-0.44630797968919	1.09818766003209	0.408485881711521
0.0248882320692439	0.840105036650479	0.00208728089991827	-0.614589212076823
0.168173381867027	-0.158889769919481	0.0524559077744347	-0.0887012390983815
0.157347322734019	-0.325438337653639	0.957840756660503	0.0169794718041616
-0.0889645007229208	-0.324792946080822	-1.01173154405769	0.0539894256107873
-0.418898660272171	0.11746349068781	0.449047797635719	-0.238707564661891
0.510608719802825	-0.159583896451538	0.139753346963139	-0.124029227337889
0.02073794756346	0.426941460632421	0.208663355785036	-0.820329672176499
-0.499883009527406	0.414937492783814	-0.347464925777587	-0.170895414358517
0.0659033297445618	-0.723264545482407	0.127673724883513	-0.0201016212779106
-0.240729887635199	1.15229397439397	0.279646448342691	-0.1958508594559
0.226856856146694	-0.3787962279392	-0.743923037623042	0.887872573953057
0.58208247304654	-0.503027367561419	-1.05303442007333	-0.508912461367302
0.178078251454381	0.536880608146161	0.89622650326195	0.454386706791671
-0.200745746602052	-0.879670232491461	0.433034126481319	-0.251730561652874
-0.263748000688356	-0.0460127619401347	0.346619756041593	0.800204167146101
-0.180963873646812	0.401058582041696	0.295116743358833	0.43799803694237
-0.460003102387919	0.00832600281814927	0.80700354634233	-0.166723341703237
0.60601150531488	0.0367550030024998	-0.693315727815968	0.553635031617965
-0.389184493801416	-0.238000931605579	-0.557051117975168	0.0492326680657082
0.549254395386609	-0.281598661693702	0.2246338376216	-0.0195442478539938
0.3504840885219	0.568739446694413	-0.476670877007587	0.816449501112701
0.0924105004059089	0.0844204678352449	1.34639917337572	0.123190484331149
0.37867498806735	-0.157819278119139	-1.09175592467131	0.33138049669353
-0.705099464357623	-0.33458702418211	0.378684436005672	0.890260928703938
0.0709738241089391	0.699309791051561	0.371371764596301	-1.59876897435896
-0.134279744763331	0.162346498613963	1.90841362408465	-0.229996604510765
0.457828746728389	0.0880561645081784	-0.565637803295027	1.32015205293543
0.262044137039235	0.0718265608634941	0.120074377149075	-0.454031997336265
0.186634811257799	0.872243402577211	-0.292046321950842	0.39101355981984
0.328867933919251	-0.375971649459644	-0.738568603025123	-0.347056731333732
-0.124700079318686	-0.630803613506205	0.132854838084945	-0.137989683175676
0.429898344992819	0.780509106828516	-0.803680263704058	-0.126180325814492
0.295210758113607	0.451998959166702	0.0139986730661543	0.19429219013328
0.0428103865923212	-0.136953185200289	0.0367744284471883	0.0520172870968021
-0.555038443745111	-0.0702002583211287	0.0505824670476777	-0.697334703128988
-0.375289649476385	-0.119860602886564	-0.716296115708455	0.564113625610171
0.0809977545368275	-0.522665620970546	-0.0698065896310041	-0.0747910702798614
0.0316037065668646	-0.242819507554001	0.194220968568444	-0.833596497481099
0.0620739216307409	-0.088939480584671	1.55951874228739	-0.147267330588528
-0.413775641431939	-0.33295028140047	-0.554876769681671	0.18495655081487
-0.460903737234956	0.292620246572702	0.89653450053255	0.72054865724557
0.174440063280919	-0.497089831972388	-1.45972794478624	-0.0801416819673964
0.428628540327998	-0.195060862399729	-0.51008189089977	-0.528286605555761
0.101336884551642	-0.859769168191174	0.0291251306925299	0.294000286905463
0.315970909647804	-0.0773645862864726	0.51288855453528	-0.517904590156394
0.531711967874654	1.01238355446744	-0.275385416673532	-1.26523935665181
-0.487402077139426	-0.36201530302328	-0.191725585011363	-0.0132791360534729
-0.372677028161041	-0.258778105608838	0.783949094521316	-0.304355326811036
0.102824209259873	-0.0657485098653797	-0.353384428072581	-0.379284319895807
0.032625739102529	0.390300689131253	-0.197023335203958	0.31595305535534
-0.0319487833702207	0.0714301925832239	-0.629163337907123	-0.475910829015818
-0.477668237386291	-0.0823732283057075	0.336021394119219	-0.35689590344492
-0.0409490826351787	-0.118841583294987	-0.331852488165481	-0.425073606068471
-0.299636097766971	-0.15450033982677	-0.940123081019525	0.488394676830159
0.0546627020923829	-0.0530672746148232	0.0421665765000172	0.635712387930306
0.451983104932783	0.358900942674945	0.607676039626307	-0.36972636979445
-0.138995586976121	0.0691949464934268	-0.327885317812411	0.430795686472527
-0.324385564495661	-0.306133371042384	0.122011799600619	-0.0914300845236001
-0.704349361604087	0.497390251334104	0.590361774046675	-0.572185314944057
-0.121605819845395	0.464832155403156	-0.0870372858460147	1.74636394014504
-0.478831305010735	-0.186357697377229	0.0180730665206977	-0.616142131220635
0.461477569137951	-0.452977014838807	0.371866504124534	0.579960219567474
0.458737916359228	0.566843453624871	0.220938187660984	-0.283605408212649
-0.335714455307304	0.31596060918433	-0.490551580456158	0.344334561336453
0.715123335641352	-0.17194142921398	-0.247458890173648	0.27720578811649
-0.668037857821168	-0.076548548437433	-0.747377250426938	0.386474345878955
0.265511710622449	-0.159785567730058	0.757794966526587	-0.039054849511924
-0.819952473968741	0.321044073273967	0.400237235597714	-0.0876272291977784
0.204349425602927	0.409596145220466	-0.00337561418930803	-0.209833580417644
0.215915766641221	0.0169938313001742	0.851460062212281	-0.136174023746999
0.111044642051611	-0.375457266757052	-0.411076397340057	0.920712221590967
0.823759535399845	0.584287608979673	0.371066753445018	0.611252063970518
-0.0449295129319772	-0.0554831682874309	0.295089738939491	0.451622627331082
-0.352827651998389	-0.0471887008190388	-1.10472995396573	0.368631028140702
-0.130782512122508	-0.493358203120987	0.957859447271946	-0.735965181603765
-0.355502384683653	0.260644916334299	-0.181728819537748	-0.166276329377017
0.391178339163058	0.14087632287096	0.672660707693452	-0.834405424969118
-0.477070025281485	-0.744375282293411	-0.395186503611269	0.722310016269016
0.583799976172276	0.957375524833853	-0.654751329453806	0.613935526050814
-0.405143086994031	-0.367747311220389	0.476059619576453	0.222675769458277
0.524920517788732	0.284089771798318	-0.306637616429384	-0.423790830473843
-0.0314822751431202	-0.439918422245708	0.127010939031123	-0.280373505288375
0.240771771869041	0.00227186095428529	-0.829965206276009	-0.845078435303663
0.380836064184089	0.402824430694577	0.135565903065833	-0.693074500920781
0.0314087901143536	-0.680994755990061	1.69524922576056	0.849279569897493
0.374045734324714	0.403112085205648	0.407088154592718	-0.772448281426206
0.518344349357349	-1.12161852747519	0.215466171686698	-0.283425110353472
-0.164351140141519	-0.327707256041961	-0.923154536719955	-0.427573716026196
0.0935414276968767	0.068694729428739	0.599114930726258	0.738624367890795
0.0929884714348458	-0.21379245878299	-0.796105551103345	-0.455812609370917
-0.331183555654888	-0.0676729403377316	-0.577808447134219	0.303183712129967
0.501456403658226	0.416116015158972	0.284944318794707	-0.8731591296558
-0.054787511229157	-0.863034967185924	-0.854826172801961	0.520558657432117
-0.0826562402473058	0.292462240059637	-0.412874045081719	0.224892144734647
-0.0206389133058607	0.667689286642905	0.218675889493064	-0.0735956005377117
0.0270014609139745	0.224146204976544	-0.0908422625868373	-0.735903140674346
-0.517100869825222	0.224139321192808	-0.199143246551724	0.825261598323867
-0.475544428852014	0.201822950780488	-0.0231799394694305	-0.0551891518086637
0.102013970124781	-0.0502099055189709	-0.0597749986326929	-0.050565655386588
0.423249307287882	-0.37432400358342	0.220450025350474	0.144638768860587
-0.612501198995066	0.0925063535164034	0.157123868991133	-0.479040895179915
0.245257210462184	-0.291915226950282	0.150466405004007	-0.576246153549835
-0.314900687723199	0.885907127206706	-0.654706200623361	-0.157055625445834
0.09153064101891	0.335844198230666	-0.150344521798501	-0.267852604653854
-0.674231519495171	-0.000177098791333978	0.156983503870631	0.641676792390642
-0.0327173160737993	0.32556925632058	0.354565443719546	0.506021283918967
-0.359570489290539	-0.336658455977214	0.0892784267689012	-0.0453486183296664
-0.012495447655778	-0.568853599131661	-0.27782672899912	-0.240026853202604
0.487799555039429	0.335169493929712	-0.330676969512859	0.0791907226742556
0.38095695965351	-0.396368982232123	1.13737926237595	0.829094364570418
-0.457842997469042	0.292187375281033	-0.217876470194096	0.0397233529020926
-1.11308746751143	-0.265044998953361	0.825985340667132	-0.00976282484952321
0.0971726754389607	0.00811494463441985	-0.0481980682617359	0.845029407419784
0.253263228153575	-0.339276905141847	0.245914228704166	-0.265342218200896
-0.615377253673568	-0.0189144867866152	0.0679678341584432	0.232360680796446
0.305072180415532	0.0814193228999735	0.119934419100088	0.129454021838839
0.122075304128936	-0.26849700401374	-0.906327550981206	0.0626136929693187
0.149058765784009	0.260580119454099	1.41177326556182	-1.1015063998197
0.486569784050195	-1.12185416272281	-1.06400793378647	-0.355791558183244
0.296953881944113	0.577318049076514	-0.224782365949215	-0.589266583321256
0.221789032197028	0.0556918053326076	0.185468842119327	-0.0130949741482729
0.193309024477086	0.548073733801905	-0.496185796249285	0.195161139972313
-0.0235536436674629	-0.384168003441697	-0.0972142544857646	0.229388330106762
0.0832124846193639	0.654421068639799	0.0334893455821018	-0.577797295629079
0.529001211376588	0.188621889638752	0.470385574405885	0.736772858173644
0.0193094887733651	-0.188610500600049	-0.36354599535993	0.380917535721476
0.0134299647273846	-0.545094296479729	-0.420109073077878	-0.0991233599406696
0.160282155611629	0.155062641355521	0.0614920265793433	0.601773120870433
-0.408549108094614	-0.216639700876504	-0.0279773158466296	-0.225909025176251
0.136398873063133	0.0824293376154499	-0.137707918689485	-0.530486224044743
0.132102259763446	-0.00973135764066297	-0.0739446618375529	0.10312669827337
-0.0310878860901135	0.438293147034257	-0.511299922603813	0.468668174622384
-1.01095550834421	-0.569967976695263	0.551657169634074	-0.288944057791763
0.372293835787223	0.442222085359252	-0.418000495502555	0.0323064423994235
-0.078490338107765	0.473966259935391	0.534123083097614	0.0408577603814133
0.035353234428515	-0.837227206516676	-0.274194847297235	-0.170864932152316
-0.304425383587717	-0.305848634186122	0.138887133109182	0.0781297196171989
-0.398975480853555	0.218249078134651	-0.744471846812281	-0.109169390434888
0.445706821128453	0.432185832402168	1.0411521773252	0.970809017473874
0.165559052920886	0.415712309926831	0.625172048712801	0.326809774323379
0.032164701667592	-0.423147837717178	0.541989209271739	-0.116334312510549
-0.119085689120742	0.124261342175047	-0.182326762308958	-0.785702503596033
-0.179484386788037	0.377849838981054	-0.181412979568888	0.176743880771559
0.162556942992431	0.168836989443197	1.17555158110321	0.590966452942965
0.257747899103217	-0.229233025227193	0.392073306595868	-0.90497716883511
0.257395440814299	-0.0395557170987344	-1.52700259040285	0.0274321139634663
0.184507111906058	0.822095400467783	0.247289576859009	-0.553936582478281
-0.459556120568514	0.00300364796191775	-0.267502396738954	0.0859481902039707
0.95763840992291	-0.173645910362965	-0.197161397324459	0.539276437540148
0.0484574440133176	0.0864026515021125	0.397960392488758	-0.517810538241905
-0.0745024898872262	0.0275152219831248	0.220451058733833	-0.730568683066671
-0.431159121856832	-0.417441849470098	-0.876132496885481	0.358663803756835
0.0113022033617727	0.0476264054179782	0.479864968595895	-0.0224965667936085
-0.364783256851923	-0.16946008651251	-0.617974658783161	0.249285275109778
-0.215168497548057	0.203254632961634	0.674753417880348	-0.0570009973724307
-0.0352235686259355	0.0321020037897631	-0.545502459317126	0.269149536592931
0.238571541499095	-0.853655897655541	-0.441044332640383	0.500341904927465
0.586407287810741	0.00104752876125186	0.492939416232561	0.0892052542154132
-0.0752923017070467	-0.684105643573577	-0.236217049764261	1.03337579420868
-0.404514399216309	0.301908198996246	0.679879896412421	0.233167194095186
0.701657398896406	0.274954410691519	-0.8252022376428	-0.109781767278683
-0.188242379196979	0.47013475392113	0.62016293420682	0.212851593035731
-0.180024462120501	-0.0738679097662176	-0.330135420236587	-0.467757015418273
-0.217154493485016	0.16021200614584	0.528814372865974	-0.923810356199143
0.0384830399223716	0.30964575292594	-0.337485611858445	0.153364464530726
-0.0583865487373733	-0.372879554281233	-0.124993957157465	-0.482373292336172
-0.104465853035183	-0.416081999734895	-1.64525380556942	-0.532497585273633
-0.057092032305675	-0.166416739633639	-0.14297409534281	-0.439843837804175
-0.188571568915119	-0.0136894272487968	0.424969077521492	-0.0412721284154117
-0.457532030780655	0.169404276903294	0.466093550663224	-0.154471134172769
0.300986560548027	0.249028839699344	-0.949408784351923	-0.00921411198499964
-0.355812614077124	-0.173685465222377	0.74599750892851	0.383180765886906
0.254762119983488	-0.774093045836682	0.384972702105947	-0.404973002285781
0.23895505735431	0.240685497924591	0.658289698403071	0.0872146382733878
0.498294144275351	0.0595784790867975	0.219637183224816	0.487667065016584
-0.474928092930322	0.298826937938838	-0.168132528308108	0.190289494820845
0.025050885183611	-0.278539143358981	-0.0268187775480909	0.362026781601974
-0.447447421755729	0.165938864499844	-0.95090299427453	-0.179260150563561
0.0256157205106948	0.225962406089718	-0.383933239414667	-0.532874574786578
-0.0156506993642016	0.224173920138525	0.688941007812837	0.411578121147973
-0.205321410083994	-0.0997932236148938	0.199589547975045	0.891536333790189
0.112494151244898	-0.104814140373756	-0.385288595907917	-0.568844749185459
-0.158622167068799	0.0693997713769822	1.02494155195138	0.935296051165494
0.338237734681142	0.534493250277463	0.337385343215107	-0.35134667329285
0.100910967112258	-0.854759074238263	-0.904721830033978	-0.547459923347421
-0.231302566931284	0.7120685946803	1.166112936313	-0.547946882336011
0.415876653190042	-0.257845527645357	-1.16804672516633	0.550179166194797
-0.41916223767965	0.209953934033212	0.347089679117687	-0.524985750260344
0.596270413402059	-0.576817963092291	-0.113357936559108	-0.376468091027152
-0.227244621102782	0.368829796022319	0.483851210687196	0.470967107378662
0.321559778003026	-0.583943761844527	-0.382689363176598	0.736657399210193
-0.119589389624859	0.439009206685562	0.685757926608255	0.255770723519142
-0.356298395117001	-0.365559345653479	0.410382437861081	0.401981827481936
0.317804103055792	0.592955826253474	0.397387061707475	0.507480526000745
0.776149706149669	-0.182982758859758	-0.0883024325105976	-0.208703608949131
-0.294021195773863	0.0941388102958259	0.402657397394056	-0.710277641198331
-0.0147802320343509	-0.0562248333507514	0.0600021828566781	0.221751004506767
0.0888949736583964	-0.033133549295173	-0.373755828313359	-0.0293213742908466
0.441477077420574	1.26665173603638	-0.241301738614356	0.1361052640919
-0.19511156384812	-0.380039932541048	-0.0344832493713829	0.405210947117313
-0.442217716026066	-0.167744326646411	-0.588375982721849	-0.83552534724031
-0.180241034588643	-0.89230296804659	-1.33710488837995	-0.0181664641821233
-0.449809911574036	-0.0366661496022161	0.5511686101279	0.118789228544436
0.0868642964117395	0.313434214260175	0.623825321069467	0.467843294546066
0.192962399295814	0.346209441075784	-0.722509831123633	-0.503296044353987
0.468068930557332	0.0857104981800209	0.156308758260764	0.0681084017020987
0.0319727405152387	-0.856128120384086	-0.417097748681387	0.200035524455232
-0.421743816418789	0.26133942101458	0.873300839333179	-0.946922547950967
-0.157516563421253	-0.161259730823086	-0.385833879745556	0.194438053302508
-0.0799417695484933	-0.130733103835486	-0.344063393318922	-0.384611371690287
0.0850726065260571	0.188603932161734	1.39153986297691	1.05184610198749
0.160918269370366	-0.00736776992199251	-1.4109230233455	-1.13802919963904
0.412295370820769	0.21569650897166	0.0222059586316564	0.167951077294004
-0.116183070451703	0.621421078020025	-0.244149389444138	0.122069457080493
0.315368335105753	-0.406723215304838	0.0556161710473309	-0.442930971878721
0.53165122780834	-0.296676345360509	0.651827349959111	0.26118565479719
-0.139865754884926	0.412423536875212	-1.53157940642424	-0.771700631535209
0.0374775263504562	-0.0793173489841725	0.546074178529367	-0.251404981408679
-0.789537988807668	-0.0884055506721653	0.520963912697441	0.219404171791633
-0.155199852738971	0.0260275347625722	-0.373489910342579	-0.108378126328355
0.0129564821274637	-0.502067507607195	0.957216593686234	0.838988735326389
-0.374112951940706	0.122546275661512	-0.130921920901524	0.0538752070983478
-0.269646444217897	-0.510285397470563	-0.615895045014521	0.324908996085703
-0.108934431017428	0.836261456625906	0.224203451070765	0.233193397770178
0.678542501875039	0.491612188752932	0.677988134446728	0.043328331461549
-0.0557167843860235	0.192179331171126	-0.164324274871319	0.73922816134449
-0.155798349416788	-0.380175993230572	-0.825160693283686	-0.869543719987794
-0.104127233737033	-0.0673877793688038	-0.311856696398813	-0.676168272067298
-0.57197907495599	-0.416801050597426	-0.499994980932271	-0.0339904313385504
-0.336931284583896	-0.46758988405204	0.484026396143242	0.652830238386356
0.0414724076766648	1.13084878973933	-0.0231627215333663	-0.508441192502173
0.000238656109577049	-1.16815382925799	-0.246991666852826	-0.267432226044412
-0.207440144517238	0.495015676498288	-0.0953209544977051	-0.682511261011981
0.423804444509018	-0.0829277555914969	-0.62753659454467	0.652852808183062
0.418626782845934	0.641354353998325	0.561911448653109	0.374805736974387
-0.127452732059224	-0.327421813863009	-0.379328251129744	0.284932897280068
-0.0563732595832391	-0.47489678275664	0.378459397058897	-0.240364991743555
0.0878759011358298	0.559267038534954	0.936599883839346	-0.532143173886792
-0.330638218868439	-0.695187296588402	0.0212068398687361	0.375048735527358
0.517449310873823	0.0168608825736673	0.137830518967908	0.468284018494188
0.20621779136002	0.398250147928699	1.77753917227902	-0.0587953444251225
0.192173828892044	-0.119840537572405	-0.695611811190012	-0.0960120667954594
0.909465180128062	0.835531024085616	0.345197156496585	1.02167859732691
0.0900221633883298	-0.157913270473147	-0.157388224504091	-0.640011874838555
0.447702273883931	-0.676546452058309	0.223968155502066	0.778424130347532
-0.22639492455136	0.0722801808439726	0.621638477027434	0.362003959447043
0.123707278581469	-0.179780353511142	-0.0315020037282453	0.548668841449787
-0.404889869265164	-0.968654884248439	-0.0291822643897289	-0.556856469553329
-0.0455213826061751	0.983983040694388	-0.0494710184858747	0.0517119633243116
0.0244545424712478	0.411545372936848	0.712320269493859	0.589286072916868
-0.0113044622356596	-0.365764178606407	-0.948393047237821	-0.963346747982734
-0.299181007365612	0.0918576605712959	0.31152208476842	0.155415304804766
-0.482143169085433	0.316716934330722	-0.101105431881216	0.0121524560725901
0.0909240702273802	-0.237957431735143	0.243705200506045	0.793413420046687
-0.383762278588144	-0.80767156017892	-0.854233565627224	-0.504807469284821
-0.0221049142789131	0.505680594055323	-1.35468957690111	-0.0445969399147976
0.274451347209024	0.495506380451357	0.0275899456246254	-1.24619593861582
-0.606076121477452	-0.0340421247816639	-0.433629634459832	0.0167266512600099
0.401616345045219	-0.109941099303661	0.289352520470396	0.192530848751981
-0.0971151814522615	-0.126362543337462	-0.388780153095294	-0.617793277813823
-0.0107306464898734	0.116642402513429	0.627178087149328	-1.30417186707759
0.0975760911357031	0.263031602619107	-0.136596538895024	0.477188911582436
0.121168346726184	-0.250082768631666	0.129294661709943	0.750362587028297
-0.233028791324339	-0.137469888921404	-0.0603537258677235	-0.359304415722025
0.104688697938075	0.274818676157246	-0.117256269310705	0.841680660962931
0.0948991315452151	-0.0190258527941188	0.763968754724253	-0.48419019595222
0.427913225618332	0.461813962631117	-0.236180663731959	-0.66310898488998
-0.372802792444214	-0.338331067016588	-0.446095055999062	-0.185093067835916
-0.269781619390527	0.168824050450847	0.332707351522697	-0.179764377775694
-0.635719402091004	-0.670928503237104	-0.197392914107722	0.165807211736185
0.671411384242588	-0.0860725564599575	-1.01069427291837	0.970538319427041
-0.741374473830708	-0.178436418897713	0.653123785416553	0.223670720575689
0.464112234588279	0.530381249124631	-0.858493382493906	-1.64713553437069
-0.750496753527017	-0.382648712816723	0.820619294639844	0.186338505701002
0.155479566319586	-0.467412488117594	-0.3572831218242	-0.0840537211313953
0.3184878748709	-0.282317412969258	-0.0862211150280945	0.192458937354151
-0.0423928956279577	1.02700444516269	-0.0550001146913052	0.785808496683496
0.927032241681179	0.0354616875573751	-0.271058313508854	0.781752443928436
0.54188361671975	-0.269075733693741	-0.555181331976078	-0.308901104312141
-0.628395063717736	0.469228578968942	0.464475044155702	0.318750554271048
0.244190411710326	0.292594724049367	0.101969516099704	0.589845352066812
0.483643381817554	0.328790814895733	-0.180836404185673	-0.856322517608178
-0.319692288043504	-0.0795651125653454	-0.22664597187625	0.267498470568808
0.335506487832949	-0.48954777128497	1.0596581305482	0.156813070795767
-0.163891582540328	0.107250478831679	0.344917933720741	0.407180765336764
-0.22151518862518	0.0375195979198451	0.279704197876854	0.664327310564746
-0.0480400019860563	0.0797337967197262	-0.513292347766778	-0.349190368206111
-0.402304112226721	0.402248129480656	0.133244584661614	-1.31149058172335
-0.213315761210934	-1.01597398676942	-0.227824393435445	0.644546671009963
0.0965356293214704	0.829543597964508	-0.0800337964691171	-0.262501065097447
0.304942670737679	-0.483401392532143	0.965978630930393	0.750919816665521
-0.0184893011090459	-0.238562056407733	0.203994061645232	-0.328312631660085
-0.06452890893832	0.318039100918842	0.614025678469909	0.216821192122274
0.43097469836013	0.702225887541522	0.549434675599395	0.0179909575735802
0.4231445240876	-0.399293118771883	1.03454475926206	-0.509755029088124
-0.302141936270478	0.235075208628304	-0.639243921500221	0.379888079077737
0.22754374903461	-0.643079396199974	-1.1792073242443	0.375826776974916
-0.380228827654247	0.296575791319177	-0.085351338364036	-1.25389544663045
0.526961635529181	-0.152950785980633	-0.61925770673061	-0.262748243966641
-0.230646247874595	-0.551236648715574	0.410586297533243	-0.438179942851549
-0.653960955578144	0.0234074428788956	0.420319698706783	-0.115755865489365
0.101772621680047	-0.0385278090587082	0.342174909866444	0.58251921718138
-0.0124894034250076	-0.339417751410286	-0.487739425261383	-0.00239503866839146
0.349904001710747	0.704561075345598	-0.491230808167847	-0.0100443101498888
-0.316621674050675	0.166895181941715	-0.016021398764947	0.221754119357576
-0.357723029155755	-0.848520925916819	0.132355413988246	0.439128850784908
-0.52057090574341	0.227071429315819	0.72557482609022	0.10674474180683
0.53297411879808	0.486443572110607	-0.0134028676457882	-0.152653043630408
0.186853015569297	-0.405707516455754	-0.632332155377858	-0.382420936158593
-0.109926421275544	0.0986383993068042	-0.0158046528605113	1.20993011962458
-0.147719140165805	-0.13361289265797	-0.864652444174143	0.0145113823734209
-0.233300173016432	-0.168425134467075	-0.529310089637748	-0.624179409371308
-0.407752775805818	0.0265301819161469	-0.515851557423669	-0.269368673894732
-0.00641828440777539	-0.25124218969931	-0.280467008628802	0.108607612733679
-0.100367929998144	0.159695316667071	0.444276173937603	-0.621811812828067
-0.429827564490193	-0.186540948443625	-0.0728579834757682	0.208496821932575
0.401737108661672	-0.615458066301154	0.11492390188319	0.269128725702362
-0.13675854803991	0.199236410896741	-0.023425017053796	-0.654461211186119
-0.0407573688720934	-0.454055086106108	0.224170074807218	0.226257073347195
0.135940042739628	1.0982233003156	0.124208161725228	0.130695800615447
0.974463476536663	-0.269512108128158	0.487759111879772	0.102822290069094
-0.265533283393899	0.824551390250453	-0.21356201393166	-0.394095709477336
0.180465824635588	-0.217045566751084	0.137243549743136	0.21588803104646
0.118699883659724	0.547926251760271	-0.105699866916123	0.788592406311727
0.0530649320940431	-0.363555285745722	0.503803642131335	-0.462948348891305
0.103362754265374	-0.125713282591836	-0.798223263001132	0.377278974187764
-0.174387025599042	-0.270675793067135	-0.850594510303228	-1.14511193910967
0.416750935915135	0.946128542256263	0.89763731225582	-0.505692553030517
0.253602751665846	0.618285138208747	0.0109593406186711	0.477198380417347
0.0243740557377525	-0.40180691074245	0.637244730885683	0.082966843766657
-0.175828359694468	0.0903451981384436	-0.463033967072453	1.13779995198921
-0.788287436484553	-0.612493287605161	-0.357954164250789	0.205843997721443
-0.391790169917051	-0.374974272886339	0.355960039164652	1.08161642192355
-0.0104932558950352	0.743607718569612	0.168821543863863	0.0248997622405647
-0.103234842344864	-0.250687363049901	0.129653035038384	-0.0700214817462715
0.0409776339718473	-0.109168306002632	-0.10621233236473	-0.601327469163773
0.244104415958388	-0.219679598722355	-0.25563324119841	0.00722574966848942
0.0978778533712605	-0.301008197809982	0.597677851502377	-0.597595916838522
-0.133748953660846	0.149433954809634	-0.0453533925855161	-0.195292428444984
-0.184398799507369	0.141188359613273	0.137765752491554	-0.568579912953552
0.893968538107343	-0.0570029783978596	0.999909501814984	0.164562415686831
0.22220709192648	-0.121329020272445	-0.443082037939653	0.0960775032387137
0.193494714377308	0.460970958057758	0.508926196240012	0.631951033317552
-0.581586837834693	-0.15666481455181	0.377015732319134	0.0153718894021053
0.0788522779289384	-0.35753319695898	-0.261115630489769	-0.0509865526648644
-0.050077308393268	0.545895359084653	0.0954139479372832	0.301995302043997
0.147687202236036	-0.80463054315684	0.445148720254222	-0.526444971428118
-0.816743225712077	0.351026411029882	-1.15952088210146	0.210927406755814
0.256705651287216	-0.116455702235642	0.426273145382804	0.136409175832124
-0.151762474382318	-0.203592313254289	-0.715949848281492	-1.05715029703212
0.636788857980482	-0.515013066504283	-0.0192336940004769	1.06264402751287
0.0640665893334508	0.357224229083555	-1.29775009013951	-1.23685855759831
-0.105391606491425	-0.0386307173397302	-0.32723387999647	-0.244368099520741
-0.109840137851071	0.516584984838451	0.115394521320987	0.0364465770925686
-0.0745912847806169	-0.347672639001466	0.584511696432333	-0.32189582342754
-0.38183389338642	0.736667984061424	-0.247505564417286	-0.246455890678946
-0.115885716229776	-0.233432867003078	0.0716265161466847	-0.194465158190093
0.0673755824852069	0.0307907257949835	0.53303708102636	0.115300472621949
1.18297688017578	0.0155381463709264	0.00688458381548903	0.0736202581960439
-0.429266198811922	-0.308838906360244	0.570477336084426	0.123714849455611
-0.122595695135864	0.551283314323942	-0.478547351108379	0.525103708745158
0.66534194566301	0.253259518230032	-0.193248756623711	-0.312755269400557
-0.681681336524126	-0.518852473131647	0.664944806008392	-0.233136990955938
0.555211131301882	-0.209783702642296	-0.369581112178906	0.830015109358706
0.0123728988163152	0.187487297635471	-0.029534846588137	-0.268752552375553
-0.349561628380466	-0.171976473934809	-0.520770707159853	0.0153638343154527
0.0585352488954233	0.0215158143298251	0.460112005068154	0.389958195595141
0.491604295401125	1.13141194021602	0.466441273847281	0.695301453934849
-0.175522999188712	-0.145395422754001	1.08468660504887	0.725660304112095
-0.190571630988471	-0.40511803753923	-0.433351627919273	0.658734904719051
0.700335158118724	-0.0204082340031452	-0.875108274579692	-0.826177412175786
-0.482407610967604	-0.699891576868873	-0.912285766708898	0.369680870602838
-0.124680205129831	-0.500479529138914	-0.445231020621237	-0.328764766736986
-0.234236865838611	0.37609176078317	0.269257017574614	-0.486401633451818
0.12815052655647	0.493973633377969	0.33880629785092	-0.251141036693082
-0.743498232911946	-0.983379313249436	-0.327577464464409	-1.09417284602897
-0.530291722196224	0.241871275242568	-0.175555776255439	0.574328163664505
0.364701092908492	0.475298341563479	0.526682534580631	0.0432143198288676
-0.10512830728009	-0.465230614253504	0.0426729714911203	-1.19762558709023
0.221554876302906	0.148393539273313	0.421624524384378	0.13225798768515
-0.0997732218485735	0.887158335311058	-0.11870104128868	1.42621797119679
0.273590897636542	-0.411347724252232	1.24391754121275	-0.0362698177717895
-0.365974005465604	0.241742250569618	-0.0482616137487183	0.0289955399552456
0.421698803299755	0.465521182823445	-0.275686530014494	0.459276394053957
0.226146133889984	-0.53529160496038	0.322916241620544	0.243512931269988
0.219479010896446	-0.259398205514755	-0.352875215518889	0.00850263365058322
-0.0284482423264139	0.431682636757479	0.0685000923801967	-0.241496633902343
0.311564342930496	-0.225779190379043	-0.811186246372013	-0.367381268548581
-0.00763230345402495	0.220108148664814	0.557136150009047	-0.525767647445218
-0.366211195946319	0.321224176432858	0.397320834256711	-0.452847125330487
0.37859939468453	0.147286625762386	-0.215395597116286	0.736989043314805
0.311314445994116	-0.82438198540475	-0.00860986986827285	0.118628263564525
-0.667435019148104	0.966668363889803	-0.797570160635942	0.232092997496889
-0.015883369868408	0.013280496598883	0.466475767939008	-0.172149815956636
-0.135747390123273	0.35585246855432	-0.0786292173322007	0.577703962243075
-0.121458717416827	-0.589358038530771	-0.732206040474796	-0.44235378343117
0.026848764618767	-0.357830769192433	-0.00282649592774522	0.0817339844986067
-0.291859352460852	-0.424072194720269	0.273875953613011	-0.435443491630402
0.0867726091298972	-0.547798283937556	0.178351833377826	0.499744283562151
-0.414636403804435	-0.129362193068982	-0.165513194600289	-0.306465900623396
0.310505830149015	-0.0934489577510958	0.425053359535259	0.381712070136438
-0.152999098786389	-0.350084389871767	0.852871086437529	0.00264772149857391
0.312027075111858	0.904552458600178	0.391891503694218	-0.853887991877402
-0.421120843294573	0.336220359096338	-0.162753329250089	0.0663506079593551
-0.706232065984387	0.0954869001368601	-0.871263746289608	0.433688343694327
0.726521918034176	0.392254939452201	-0.382084054247668	0.402698979538275
0.249421043094734	-0.573898014755652	0.414808331598544	-0.0124866758590378
-0.0717546797613549	-0.157763228736304	0.0924635395974372	-0.405281741330903
0.708903883197993	-0.800629421419597	0.229936352013168	-0.877355489868474
-0.404587482252111	0.19866002475741	-0.195522354865865	0.358305383868644
-0.00666048843890563	0.604542327664432	-1.15673215621928	-0.922328416352918
-0.545382794774789	0.442149026220895	0.340614869873353	-0.708926088741195
0.182617296487932	-0.832680763704215	0.288339930096209	0.161502472238259
-0.39167323830197	0.622721710585123	-0.56763514791627	0.357658964879964
0.0921731926811172	-0.409535495433697	0.433620126542474	0.152236807473604
0.264108316846517	-1.13965056282878	-0.660415535727104	-0.505243656461082
0.271300682126023	1.16669287915985	-0.0963731334739447	1.00794051627465
0.224592499002532	-0.323354667386029	-0.479166991590314	-0.37596480025309
-0.372515781736203	-0.255487270535002	-0.948113268338685	0.0507537769556226
0.578595283914054	0.664895145285227	0.472632656297718	-0.083227511306052
0.273086850150012	0.741403433956192	1.56957116937163	0.145291210454986
0.0764969770964523	-0.579477857327753	-0.390354308065339	0.259699227562078
0.117607098261855	-0.234834599537821	0.00140558561962481	0.0358761469825812
-0.416654752616838	-0.296971502021962	-0.186988649589215	0.486413214204171
-0.0737038758905582	0.944270038208022	0.0790563065423204	-0.215139233167218
0.145898050933062	-0.767260702190792	1.94907435010803	0.0819788222618152
0.398922692770735	0.528623261157216	-0.251478641255492	0.529844478743442
-1.08282989250929	-0.221577598632333	-4.52582793232809e-05	0.712139495590638
0.312505536392979	-0.0992770366295208	-0.283819608961627	0.085356752689128
-0.0358378404177366	0.528648461894974	-0.208387156056259	0.172319365937058
0.166107788751629	0.393071690307667	-0.479408789164332	0.36685788854697
0.475230474008719	-0.342877454791922	0.955737497859409	0.0457123954285213
-0.019857173323135	0.334500548208245	0.379777635671725	0.222880950884432
0.00489612428157492	-0.740290713674083	-0.274299946159175	0.11727242238732
0.490871059873425	0.749615722266162	0.276449296891812	-0.17364264971346
-0.0661703684816253	-0.352667778105451	-1.12119010810138	-0.531686139387756
-0.593924175525131	0.413608970953127	-0.0188702120565345	0.454892692922168
0.841785890502731	-0.758212618820679	0.171789162663138	0.27923199884117
-0.373512461008079	0.549448882563099	0.0773842307481895	-0.915658278730303
-0.297054530931915	0.215838446583978	-0.170429608820087	0.0158597690301333
0.145431404695137	-0.849600867053482	-0.305123146620981	-0.187400274551826
-0.167210573838401	0.386770858388596	-0.018569926607134	0.029544927337516
0.0215539799216425	0.641772412171369	-0.828404446488006	-0.978582241871097
-0.248995113813394	-0.801723083333948	-0.208563992691624	-0.579085364019447
-0.596636388335218	0.47736639361214	0.544094699510744	-0.13880352848521
-0.0992163050109311	0.0157812085320561	0.527749031082003	0.716405333195162
-0.224012385434679	0.0565942494005308	-0.590204944416468	-1.2612287092775
0.397702720400736	0.166099593978205	-0.285069359774176	0.0121835799034666
-0.392865792814556	-0.349160992949462	0.201713097289034	-0.196803593616051
-0.199480905692871	0.192430665507686	0.707271101802952	0.112670854133054
0.0448814808829042	-0.602970450790915	0.69266505824341	0.307398196876191
-0.272506006115086	0.619031710226227	-0.204881764545782	0.424357883023562
-0.2295289083596	-1.44673869711901	0.024729440853187	-0.613795925989088
-0.0472067879323467	0.27184222634508	0.609173795074434	-0.216426252243946
0.269644513027768	0.123270611284154	0.10868537438056	0.544292400176305
0.205721676588912	0.152345653985704	-1.01598410606404	0.457525483886717
0.109641272223579	0.437730423090397	0.356511646830781	0.180072379498834
0.630859219464643	-0.383165123076813	0.184323902053448	0.780887040718489
-0.111497601713534	-0.259906466128891	-0.338666068619952	0.00381316085518661
-0.0533141658056922	0.324193788381237	0.742054374559721	-0.516104523175872
0.114332422953573	-0.0276181152753669	-0.538574024999161	-0.289291747787848
0.287029871574799	-0.251016734850097	0.832019061649504	0.209504914043191
-0.203702096492114	-0.404070107504136	-1.16849997817981	-0.038498911476261
0.323134691815252	0.288767791285884	-0.337369588198953	-1.14050083136412
-0.227012054992129	-0.211018627632337	0.189095161146588	-0.199304292418414
0.299427528957388	0.594929066297739	-0.912881902243833	0.813404913743481
0.111627581534505	-0.20844294176364	-0.0149628652201722	0.755841777179536
0.235252973970056	-0.809768852430539	-0.17230421378558	-0.123526948810499
-0.0262408223728019	1.12602076579628	-0.294686151397425	0.0108098050501786
0.192997609452684	-1.05764937074798	-0.0408578642416416	0.606474599650328
-0.436544908529404	0.382543462763145	0.569287017245501	-0.374617983368311
-0.134396903601194	-0.619072458928083	0.440808449745479	1.07590332516643
0.0403128117155883	0.627039176272381	-0.057397840693942	0.460676524715486
-0.688140465005072	0.173216577553802	0.309776929678612	0.311031357164311
0.424750455128343	0.172432665320321	-0.0292486362955564	-0.469595247346443
0.140386052086511	-0.394664710126138	-0.0535528898288894	-0.151829000215171
-0.342905289311297	0.0883236937214298	-0.218423157968607	0.234779854413737
-0.263955793061292	0.416790272556445	0.298068902677446	-0.393011310143009
0.0581877745919983	-0.291530291467325	0.0319884173262414	-0.432948648542323
-0.00366262202471053	0.578741609505924	0.107811561472976	-0.353584314599139
0.0497996387421696	-0.808680860684433	0.494853903909729	0.0586342943044195
-0.0605068581843447	0.203090019727882	-0.607606831989465	-0.51322145776066
-0.309917062374746	0.10325387048351	0.499514616987059	-0.908065005156881
0.15354603106576	0.765251689153839	0.377593565070084	0.295585273857293
0.0582477157840021	-0.267535591265927	-0.0737840462539886	0.390697189942426
0.171924750262418	1.10401031023138	-0.288947267286502	-1.37932440085792
0.124575640718376	-0.499374931144109	0.118834980554073	0.127923164071162
-0.203379785112405	0.77394638452564	-0.521221078673989	0.212077235630782
-0.204968638519554	-0.0262809468668419	-0.231301703091827	-0.477993182649899
0.603517183811325	-0.315895287232087	0.0406623993744938	0.161322416483022
0.176276642460198	-0.142354438602622	0.158316612547191	-0.0298831092223815
0.296496334283142	-0.0779575082913247	0.350606267651895	-0.472893138530068
-0.0906225628244061	-0.821158928493299	-0.122269106686159	0.476804149779026
-0.318228676606923	-0.486564999225907	-1.0289105018614	0.326243095186297
-0.134643644008563	0.411177372903525	0.446369262123431	0.300905976859225
0.356863436295182	0.232549866808344	-0.459131423868853	0.209555435916559
0.168937422375493	-0.0236358661837987	0.157327098872362	1.12296095258014
0.381080158677008	0.519005695843471	0.15974028081132	0.0955244330409252
-0.631189622213948	-1.21758965726495	0.0108423294019137	0.103229156453966
0.00582353719555901	0.802413187045179	-0.135157977658617	0.859916398701755
-0.150052665644296	0.354151457695229	0.258183725985146	-0.688864983207899
0.108422603929955	-0.537483687456789	0.484303292390796	-0.106926104584265
0.290597452469906	0.877754621988171	0.253644677338072	0.667454706529648
-0.485856191949962	-0.575417483895131	0.591067472615485	-0.372232170696773
0.308314088244068	0.276940783016907	0.0379070285395226	0.271741069767896
0.0679865844594194	0.239609783192862	0.0659014922161175	-0.135551264902589
0.506317122749893	-0.631215360297471	-1.23066342506917	-0.0742395827690002
-0.433125997684515	-0.331940070902608	0.15165498828272	-0.506240301325983
-0.0577275851330518	0.0379765253424575	0.111285098062022	-0.0719324585903013
-0.0711444007357657	0.895508531589324	1.04499990540524	-0.123671734511785
0.0443683584100789	-1.06277073172977	-0.103773797645795	-0.262943518532631
0.0041663282088567	0.371120780748288	-0.665538549057989	0.664479923679343
0.00128440164277856	-0.764969716671897	0.557653142540967	-0.119466953415725
-0.211695073312658	-0.0693697269272619	-0.401631122366084	0.887773806094361
-0.274378388317541	-0.157014876286001	0.367908177743702	0.58025663841388
-0.0254677462790617	-0.366487591508684	0.0643672024137278	-0.324976599311317
-0.374144039912306	0.337708022948621	-0.0776200778579727	0.215770348025121
0.868717508706421	0.0929263520323792	-0.687170890990471	0.103393536066109
-0.252127721586944	-0.164392948946185	0.596843226831047	-0.626998982364707
-0.11105559638027	0.694329353684984	-0.753635957238457	-1.52659280866364
0.222556604870712	-0.0143355178236678	0.243923536167336	-0.548092131639026
-0.520651101752637	0.367365244798884	-0.437232390152056	-0.493504982298602
-0.614037486932337	-0.107885584318249	-1.00486317861394	-0.368473006345663
0.499671681719545	-0.655998595343872	0.577793418499398	-0.408048183285248
-0.883907251577355	0.522879893835538	-0.474099636035242	0.347496814194998
-0.113050750514213	-0.371429599816916	-0.490317760444513	0.144344580023331
-0.16213742385241	-0.0396469616214458	0.401989816923792	-0.586500961903806
0.295475795122572	0.568152273451154	-0.452155519305548	0.188492987851578
0.0381910358107697	-1.38310926328966	0.293832584639377	-0.108000754427244
0.139582588281418	0.437054869833784	0.460266883257933	-0.277058487101892
0.653244649701226	-0.0726367901017858	0.403543365009638	-0.355525790665619
0.0809900457070169	-0.0550008316746604	-0.0417176817740715	0.837676217138169
-0.0777897666267485	0.775120505686102	0.304543764207595	-0.592978174585277
0.348910363634522	0.0547661554417209	-0.466846974183621	1.30512368100585
0.215597048281662	0.0262673490222102	0.45847854176053	-0.464228552085552
-0.29991998459629	0.00899074914960489	-0.767853774170061	0.60685148201704
0.179263293320648	0.0843242275398479	0.519433246219742	0.149994651657527
-0.0936881435491017	0.368927052767561	-0.301820254553011	-0.252088382821886
-0.224796998078226	-0.223659408656891	0.412224450530867	0.493790501387324
0.287526735609119	-0.116928748786196	0.348732304774003	0.445453657683516
