MTG	Put	VS
0.781077266287928	0.539175260869307	0.915314738464452
0.543053574539672	-0.178005186807375	1.31205025554013
0.743672807647892	0.211216590132302	2.55432364586054
0.393693106946112	-1.35084049216283	0.781779868904847
0.122127554988414	0.756697556616256	1.48630717214303
-0.766776764963083	-0.00226211235085808	-0.665510786049394
0.0426384785739382	-0.125368159096058	-0.24266634681248
0.58805499837213	-0.739343222843586	-1.21877781562863
0.0307373632329166	0.343181263460932	0.8160490369266
-0.603372686656673	0.0923751044860269	-0.639363720043883
0.434499572215446	-0.0741435466239369	-1.35624868101258
-0.459031744550437	-0.935188276740351	-2.0834247820489
-0.597125328055384	0.715918346683989	0.186932022327154
-0.0175616023356563	0.216187367827259	0.085786583003309
-0.377454259895632	0.434201211337642	-0.356531132362684
-0.720883084011248	-0.00894967931193472	0.694626812874209
-0.688905962443739	-0.159401619573203	-1.38236625413255
0.649994286554045	-0.294739410651961	1.2206268455094
-0.208000453284082	-1.02485432092177	-1.15447502662488
0.0519408107000066	-0.035795397146444	-1.36349429057012
-0.30858530163479	0.444746895950971	-1.38762869393167
0.277652997389464	-0.421860262575361	0.882568253508353
0.861123698011616	-0.35409500841161	0.567031792412881
-0.26227207301638	0.914712027642905	-0.861697107287867
-0.184311227896315	-0.0189077972414977	-0.0250606881431613
-0.18958639346202	-0.316214779366903	0.35556962390044
0.286692898406343	0.801832702725075	-0.702077096619948
-0.856967330086994	0.569492556466646	-0.935755864905836
0.0470854381292162	-0.204010541582917	0.774791741225387
0.0201529153360604	0.121497039379041	0.738687550971594
-0.191246236261575	0.704368147463579	-0.763484916674896
0.0131817478549652	0.173315151483272	0.508990675330202
0.185971364585022	-0.438650068167337	-0.0599495387829514
-0.257081182905338	-0.206022334254525	-0.0286460254568321
0.876475678329125	0.313744345486926	0.432091840512663
0.0819228100987182	0.40382710384288	-0.392036746676356
-0.430835855792427	-0.292020938377281	0.0520928957392297
-0.188780457482941	-0.510091343048016	0.183888695766126
-1.13363964306692	0.384297304457035	-1.39528344436274
0.246622236359169	1.33599907302915	0.984840341945339
-0.115542778200606	0.224479119309305	0.464686775799008
-0.7820536199924	-1.02894287387441	-1.22809336079066
-0.181138831595574	-0.310598809719273	0.735468744647498
0.680086497062558	0.455550736710664	-1.0938225349651
0.0567388332600965	0.211926279120027	0.685211670977235
0.119900373961577	-0.175587884267728	-0.417820124924273
0.863299163429062	-0.343130350914935	1.95136454361155
0.403125890568843	0.0382326460443546	0.647522146689473
-0.101808788823655	-0.0909498356111891	0.588907239029477
0.452812021843683	0.71852690701724	0.21322067185423
0.383947178342203	-0.231808919438408	-0.485218611937703
-0.588229994270335	0.379062603256293	0.476890669190103
-0.02898572429689	0.146271170614199	0.705528821766131
0.133151200487414	-0.562962888695213	0.209564784987811
0.275369037863676	1.07149391525373	1.01539621878121
0.0615538639520724	-1.12604782895312	-1.39594461010204
0.00409214488044834	-1.02142893339008	-0.6347076783326
0.133289046098151	-0.415926667353133	-0.629199139774404
0.0892302009635372	-0.749427968616722	0.0615937449996452
0.197551853090108	-0.58544625848463	-1.13053274399545
-0.540393690141305	0.275168597987435	0.806029483936194
-0.0298889585375161	-0.0949327372303855	0.0779303244079008
-0.165570501994182	0.10142385253052	0.0487826496800813
-0.39157411239673	0.673396030612205	0.100700220211362
0.201805425086188	-1.48689432328819	-0.791753800285719
0.536229432525889	0.402489452329739	0.54712671257156
-0.180622624839603	0.410120431193187	0.416223120627956
-0.164098481899911	0.0903551446474454	-0.979115445698166
-0.397788517910407	-0.976113992657652	-0.166991705345515
-0.695071266848151	0.133162534991124	0.518566904791998
0.360259939132815	0.363738278397358	-0.518167477598566
-0.0436343481265004	0.516299122058831	0.977739382227909
0.0187444101668263	0.867465960475926	0.357860045533411
-0.086363504771733	0.894699010663608	0.696530749045067
0.0314238315238816	-0.609867779434348	-0.468155775709713
0.445489136346172	-0.023667613549608	0.603796301340155
-0.00512247541122736	-0.686111630757518	0.974401473531927
0.76668923267164	0.136906549256933	-0.974111562502453
0.14768077872843	0.131369376906658	-0.289912369462012
0.20784473409086	-0.965399996938722	-0.866523929562954
0.304698192788406	1.26515760572528	-1.04635949829346
0.760742185388214	0.375395987340329	-0.496059140511496
-0.568543890457596	0.0158459958872009	1.44842030405217
-0.287531698900413	0.165231748887774	0.899447044875088
0.0320484775184512	0.170337891505373	-0.233235006866537
0.0923349170202808	-0.117873924051846	-0.0411693467615544
-0.267759317080855	-0.356979357079245	-0.875582821246567
-0.529148724332626	-0.107862872105412	0.00449033511056331
0.23046843445404	-0.290272408148139	-0.568383855160457
-0.388146108661734	-0.134354860870459	-0.95355336911936
0.427423160160048	0.747160271054045	0.381503970312788
0.329366473871011	-0.97774450201694	-0.630427724391317
-0.0500476288711483	0.0325848829156419	0.865141861875871
-0.886227381744364	1.25244342984376	-0.345061241780464
0.466866900181821	0.219558804536391	1.11333476434734
-0.606732278720489	0.285950761580521	-0.15402662614321
-0.469653227979643	0.190787944800889	0.823659241607056
-0.381295493797424	0.403858056740659	-0.649377769648909
0.160465123046143	0.498380978762015	0.778234991655729
-0.295348745317242	-0.552324600153897	-0.470991835211389
0.181185029027393	0.249008809488987	-0.918292327628806
-0.29011156851011	-0.641757518066293	-0.414453069413635
0.51944210876643	0.308042864366879	-1.25368774512359
-0.65851961570288	-0.41749019077567	0.0533681928327147
-0.463280872644209	-0.266996733823721	-0.080124774099408
0.44419362104085	0.362996493588007	0.279676243842266
-0.157667213419857	-0.108826813338466	1.03463219418946
0.19756307495857	-1.3553672727941	-0.580678537801379
0.357427295938883	-0.250587793105526	0.193843483713755
0.074213844658847	0.00523155799545073	-0.313000557953316
-0.571184883705379	-0.464753269394182	1.13604409409754
0.97864714782415	0.212898711192692	-0.653551113888441
0.0685773066463228	-0.225679059628149	1.13203780748782
0.0219172279593051	0.0734636042896486	-0.123760457470697
-0.289436687605337	-0.114409956367008	0.997909324224828
0.440733972371228	0.778781136867012	1.36779769555008
-0.781436799874713	-0.618222682827786	0.10577483505208
0.565784336153834	-0.110890729260595	1.01788371763734
-0.0027438134515841	-0.186564030205176	-0.681154196695369
0.0723648696177681	0.59097690295195	-0.247441036496602
-0.0419807548052839	-0.400758433319274	-2.16341572855919
-0.681117428924946	-0.886044339741212	0.320285020268583
0.474595192204248	2.04334179188009	-0.0523413181012463
0.790112682319361	-0.747317731408325	0.240243345181993
0.0769452186544232	-0.211921212409266	-0.0992545728517674
-0.579022144937257	-0.000673589942769926	0.599683319868897
-0.196088291500938	0.923746351472457	-0.752762066684923
-0.108109990676505	-0.81068113903899	-1.23822496824554
0.658875696186118	-0.146154369133989	0.170383143051793
0.253862906034116	0.80312703863689	0.0365502685502852
0.501782156519999	1.18503585288045	0.241838667490498
0.180587287391344	0.74200903580238	1.45435903766788
0.282987036073	-0.358263854841185	0.725415076249862
-0.359246737307884	-1.14956782704747	-0.374619286443009
-0.233729060538988	-0.736735653572111	-1.76313267840519
0.785393270040323	0.845389743719689	0.118301412061265
0.855651564858459	-0.482222538636862	1.09331190699352
-0.275357394603704	-0.141018227792005	-1.38904680335793
-0.482226112150771	-0.641075535884766	0.0842806989577722
0.04548581588816	0.268296988335099	-0.0163035140832869
0.1815243195886	0.813062909124548	0.799233213598464
-0.0984903060554311	-0.913026539716264	-0.658865466382957
-0.713526211783881	0.128982679603476	-0.881987712816353
-0.364820168533267	-0.559570706970889	0.155918259572767
0.092680496109392	-0.21619137582787	-0.953137962627302
0.0624071647847245	-0.474092329133119	0.587314403319755
-0.340073094298837	0.633945050657606	0.168257532152953
-0.876418056573623	0.445396408325025	1.91959462455696
-0.58279559761404	-0.0209439836160869	-0.869895689105859
-0.215481215359555	-0.045174386830492	0.0890989969317845
-0.196828699946201	0.388769792584139	-0.36841806769097
0.283984566404065	-0.191958969858303	0.873255505482345
-0.258394518771032	0.110701373407749	-0.824019733938323
0.587743199796618	0.947998370465835	1.28634436344864
0.361683834045956	0.0423371985310667	0.101963267770279
0.894662600516968	-0.247230666182685	0.466732326137663
-0.536230771698299	0.188363783238476	-0.0551313643936384
-0.773340188046039	0.637455151136642	-0.23884903337063
0.0655923533021181	-0.271933676026104	-1.02493497228284
-0.281008268524735	-0.615072907649656	-0.128164833941132
0.508092746028384	0.276992554111033	-1.02396646992307
0.587470156937248	0.562174435448676	0.192478538610629
-0.451916820672003	-0.0978714542980803	-0.849502608011067
-0.0954281009177824	-0.175166733425805	0.716630638190016
-0.462520794146046	-0.149759419925838	-0.49917815931707
0.184088843104821	-0.13351538148563	0.917430851970434
0.570546450866341	-0.0306006498548306	1.07386706552959
0.710891370994083	-0.154013890973772	-0.47478122075012
-0.0649153022155435	-0.138672111091556	0.241678830003735
-0.479096506277939	0.0995383723594795	-0.664218196555787
-0.17958530725084	-0.156043107045766	0.945375040040486
-0.30622486134172	-0.847048539048331	-0.54855351989983
-0.549307154001457	0.131950669997107	-0.203019970539565
-0.0955545575064475	-0.311035037851308	-0.0856487283166864
-0.587051508314123	0.435349819444356	-0.0213694946744971
0.755290323396763	0.704928217593007	0.121423483535132
0.587429772354052	-0.752868218661979	-0.232310712298848
-0.545349219095217	-0.398449482595147	-0.154517310743217
0.592030386792048	-0.150518467221948	-0.916795933110759
0.235725307409929	0.289197500332907	0.611588739418553
-0.192382933212365	-0.559921864385973	0.524071702987077
-0.38587126124626	1.31564248024001	-0.72364848946501
-0.0416645352506539	0.627358337287133	0.923535042614522
0.659180524886158	-0.648237416235422	-0.362239681999579
0.301065692202365	-0.671041916421643	0.601271395398855
-0.279369755841815	0.619650903369033	-0.460097255231984
0.291856502578213	-0.318772799605327	-0.119626638981483
0.151910991035136	0.223854061712389	0.972871196880044
0.433971081242722	-0.406330576333916	-0.0809720505345393
-0.263344416205879	-0.182748103367973	0.617411687221051
0.0354613033034063	0.642677601753517	-0.834399394658127
1.04569161068036	0.407727029144832	0.249585486188896
-0.923230156450861	-0.764151860766358	0.592850904779582
-0.567861146718714	-0.0526071161342203	-0.793599263976092
-0.110273147746989	0.233606705752817	-0.172900183366166
0.754595435857099	-0.26260587844745	0.57458503650779
-0.0199548801437714	0.379765553646335	-1.04795275808389
-0.0884190774204932	-0.083568703352924	1.04254045674688
0.236069464978297	-0.194708937121007	0.53389739696671
-0.460634520991697	0.369264267589371	-0.0367919800827532
-0.217188253043064	-0.150434400017597	-1.61551618144827
-0.448341938763024	-0.391120107601627	-0.482827217228483
-0.00282100892850669	-0.37279713794905	-0.264642778586745
0.913993044371741	0.394795996467911	0.662927354209288
-0.0357557437501581	0.395870133800552	1.08287966127121
0.219950547893077	0.878201580817351	0.502607477558679
0.157849914008948	-0.182866276199136	-0.463094483155557
0.208697211397015	-0.0495335033307868	-0.804546741332988
-0.694801158671031	-0.291565548074823	0.636973462026797
0.660072330603135	0.238209940862422	-0.0492554562299096
-0.136340113289631	-0.38295888376844	0.410234449796535
0.944313629922681	0.0774831848146942	-0.50616539692416
-0.776351194749776	0.758290395685381	-0.450469368384573
-1.01972086151889	-1.14710722048587	-0.447764268001139
-0.260710777103207	0.139787313526786	0.533123318028039
0.532705666121424	0.43263147459441	0.267678503210051
0.95504613200322	-0.0359659736454536	0.950516791758664
-0.158825600638575	1.26547608408843	-0.218738151030543
-0.365041902886435	0.686681846688406	1.66971450704124
0.445987208008773	-0.375917205943126	0.424949237337548
-0.232313861094317	0.686167171153106	0.929076210003818
0.422753672520001	-0.570117708528011	-0.720430264468995
0.150894846608289	-0.593148787916423	-1.71746567653613
-0.0522734822916495	0.808051616809727	0.580400551332101
0.669579555184911	0.0332628940273986	0.463253714781218
-0.112239112542129	-0.946838865258353	0.619592364172688
-0.521644265946549	-0.0708890098523514	0.408929494059684
-0.273514877149881	-0.419755798688142	-1.23071457652543
-0.325268653948504	-0.697664082081554	-1.16624915931928
-0.605435524094606	0.149238381793108	-0.133466356598484
0.308739653696297	0.682668711855565	-0.382273565915877
-0.214434296555993	-0.353945244338604	-0.534486715216554
-0.275084751223202	-1.18350513040343	-1.22064127166056
-0.192429701504522	0.636529744750784	-0.607305334843303
-0.0894534030709745	-0.591476671047043	0.920721171740879
-0.389009480964181	-0.580898337518736	0.732966485833984
-0.120035528927086	-0.360181995382071	-1.37468992780838
0.390919747411763	-0.377285943749518	0.594494294243236
-0.539664387663516	-0.155001866728657	-1.33430709192658
-0.012445952691759	-0.202534747985697	0.251113850787366
0.0747426834789665	0.593728423002773	0.57365806529235
-0.134990843689132	-0.256607674553199	0.839633694114188
-0.0510550209644358	0.383214260522641	-0.436394318364335
-0.353795831900092	-0.528032395970817	-0.998547914404
0.0948404163457546	-0.0986094303868458	-0.27302251815198
-0.32148972855293	-0.236963644637356	0.318224123015345
0.168167512788621	0.428823229799118	0.58588279029013
0.765774130100612	0.433802991893516	0.336945525623538
0.263775850749354	0.796664791134753	-1.53578634428362
0.23519477044612	-0.791091131598337	0.848711434490027
0.259066778712038	0.964627463912655	0.789157540100082
-0.961785678196241	-0.123532571082418	1.20211557119285
-0.453615258337462	-0.217788526179834	-0.238483193929721
0.0346743738062986	0.660038080875789	0.352635179705755
-0.110070050406873	0.762666310264296	-0.105057178505448
0.584785689901791	0.313867942253528	-0.64895876789363
0.748873145996651	0.260948377478653	1.1368750946782
0.709085020696782	1.20759112987485	0.790318753609305
-0.222151414081942	-0.146728445117486	-0.0905240058731052
0.267654281507621	0.429401275533415	-0.773599603997118
-0.126022785565663	-0.0388329806998806	0.795383917315873
-0.423412044655185	-0.808863986789958	-0.0331857661638053
-0.381226539517117	0.822566414649962	-0.309320142188199
0.0275700948311854	-0.819987547987927	-0.584597777638446
0.0395613559777049	-0.504105853435833	-0.545133000170541
-0.190717514677273	-0.691025208593563	-0.834519581634327
-0.170282665532467	0.361843555179539	1.3416316159276
0.0417496884082453	-0.749154532652035	0.280311869655083
0.23479039369069	0.0761193133655333	-0.702610153014006
-0.446924803978309	-1.29998798675563	-0.0694608080377358
0.121340053911171	0.537118170184888	-0.417809671832443
-0.705235254785479	-0.480948468827787	0.0255667772689126
-0.0811591451934631	1.63691136702289	-0.128733541236721
0.225346906082949	0.117488052414907	0.0391967628660961
-0.159283211294082	-0.414196282987462	-0.859377715202454
-0.190110456693922	-1.34189697221984	0.795310866934139
0.215428603176834	0.266912807801652	-0.156987301065964
0.218633648179989	0.0736204173661163	-0.741983316894259
0.676879053123088	-0.508051029013521	0.485240192338104
-0.581273652004328	0.962758425272932	-0.0480510315388579
0.302310700058469	-0.0702340769155674	0.376877971380893
0.0652399197720555	0.101111362263342	0.308385025643698
-0.0132289517180263	0.234982044459443	0.325029385407433
0.0705942403299409	0.118985287806718	0.0115228339294251
0.390917868118788	-0.158291591646593	1.04514051166632
0.637711158729685	-0.197584229632776	-0.830101409470152
0.284292187883921	-0.749707002677433	-1.05256211801182
0.519587860832559	0.110621456434505	-0.0805621717095666
-0.146482001126061	0.343619696130734	-0.381155444423491
0.00147380571613813	-0.618400685391155	0.375046725849369
0.0481604912381727	0.235388280066234	-0.451908672888434
-0.444788879856855	-0.18626178597653	0.640782634562273
-0.212923456183064	-0.423562726756929	0.0188671769869823
-1.50521727731081	0.374434635860444	-0.128395961434372
0.319506898997599	-0.0874865774353097	0.157740178434684
0.524844797166248	-0.13220349140913	0.47648732829049
-0.458034022585207	0.0844775405659684	0.0521907290112769
0.0176888538465874	-0.676869496929446	-0.00762385208616331
0.266137164299598	1.07674320946181	-0.195292452353773
0.511307677537005	0.689448127874088	0.476266168877503
-0.35380740742668	0.225381819543173	1.17670063540359
-0.0975571809813521	-0.55855637421009	-0.0618742079162094
0.00708506865421212	0.408092787912023	-0.700937508907538
-0.154724547084371	-0.15129686052452	-0.445663655109914
0.341371676898511	0.879620708317146	0.376910548090767
0.235892670911228	-0.28845753416276	1.51244189930545
-0.410934243328598	-0.619107446083548	-0.527733716917941
0.297968096982148	-0.813908684800412	-0.369267755323017
-0.187758597196845	0.402130832038498	-1.39229628645062
0.981698938645178	0.809811332947735	0.115125290327401
-0.347229082169427	1.11833987283129	-0.64459386908833
-0.153249473377528	-1.00171274905596	0.507619360004648
0.576595066877325	-0.662369519460147	0.489433922320977
-1.15541250013221	-0.42861288816767	-0.570716769887282
-0.0821891201663659	0.672831477858274	0.355660718326652
0.183357682040308	-0.166779588999121	-1.73109863804101
-0.0619137587237476	-0.407268655653464	1.01986722533958
-0.716471526876497	0.541335726208523	0.48237087235669
-0.318713650050406	0.0807221126763198	0.598865041338648
-0.449083658977119	-0.249297259625793	-0.927468148447667
-0.195301020826834	0.791751598570473	0.601228127673353
0.305654172633631	0.0130317759946587	-0.111508646334503
-0.507396288453899	-0.391791796585111	0.0780735753921604
0.127013008068705	0.477077005838645	-0.0601409299476686
0.204032938287711	0.103823830509738	-0.621191968904046
-0.124556699559512	0.169890611379137	0.781534514268067
0.197871422882613	0.0689508827596639	-0.514927490191895
0.262448825425862	0.113381883880068	-0.87274765571534
0.209211038534318	-0.30805924180967	0.317718083952967
-0.286738400577699	0.625180296979149	-0.370702842860829
0.227592955556909	-0.305420854488137	0.438408539127835
0.501858420864734	0.0227525030962712	0.0547824313687374
-0.0483728934784921	1.02402882466804	0.964252350376685
0.193448759183126	-0.152264396784349	0.50005173020432
0.106038407492829	-0.0477780754225778	-0.451958934496363
0.633090710012555	-1.07168305968069	-0.640746222153859
0.130717016615487	-0.298857253997345	-1.04541330430615
-0.683883640094849	-0.199836243882884	0.320127245505813
-0.518729149027322	-0.709860861994822	0.709166774095817
0.63557140498856	-0.034514383012603	0.574301721270956
-0.475620840480742	0.122894331096226	1.28574647269417
0.217199206542161	0.312097639800302	-0.725608910289989
0.692775271589969	-1.59897614495772	-0.586732026627911
0.290261351571447	-0.0236584540110961	-0.102159801636362
-0.507276744539501	-0.772571549421452	-0.915711119995024
0.0739710420124415	0.645787698653882	-0.182592918480175
0.197758028266397	0.348754074765666	-0.886384590917752
0.152748167551835	0.228255719129045	0.560032131242473
-0.528521928362634	-0.956658034972078	-0.283701919777107
0.568296705996181	0.489146561369598	-0.635809961623357
0.106718376682305	0.0378900167720658	0.3429872121764
-0.52348257120674	-0.337024119020204	0.68601108300636
0.47835828691851	0.0643451981318083	1.00550805911757
0.135077616517178	0.320364456699242	0.758583746721549
-0.169896507863835	0.0382976346267105	1.15465799403422
0.429567734551427	0.908398229353695	-1.03016494621542
-0.431897140980098	-0.704495093721865	0.242901293144274
0.21029192434036	0.750215907507361	-0.850050143520547
-0.0155493798980685	-0.0909623015459986	-0.0567058435355814
0.505775297095805	0.0332660939420879	-0.528017651732356
-0.811147671273809	-0.110536649049301	0.424817663337987
-0.264256445152666	0.47819991657264	0.184507706922047
0.73734690989528	0.491389398838272	1.03788522184316
-0.0384021537961733	-0.863196045705255	0.0100561216605479
-0.376878188238032	0.744816747852905	0.274557624590877
0.232539035060665	0.0430380932438708	1.11715656985304
-0.0323687132711585	-0.249403179455735	-0.442921809575799
-0.0711722074332185	-0.370753559438821	-0.00116061837625639
-1.54762433069217	0.347952844331361	-0.0408767724604816
-0.553311743466052	-0.417928644169523	-0.588402725707773
0.569121692106364	1.36335235355912	-1.34241287271478
-0.94179318377384	-0.549194223378285	0.540123473141515
0.274169591112403	-0.0960779879756811	0.176890019230318
0.142943924298079	0.505167864908961	-1.78758524269042
0.278630954919074	0.565462909974477	0.265052047685108
0.564218884237972	0.249312580478265	0.80754914142061
-0.561266099318162	0.120970734005781	-0.226889786545256
0.117849267241966	-0.208926313255104	0.859258978566574
-0.0578959990532179	-0.188645551923161	-0.134479051224425
-0.108187192045483	0.748223042205852	0.528544982820934
-0.407240950557647	-1.04144068494017	-0.192459239183047
0.0217067150978281	-0.348259547041051	-1.08872781245373
-0.268750223079213	0.459983186213601	-0.168838648609179
-0.086166710696122	-0.746192322268187	0.236221203075402
0.558957128480604	-0.270637830503878	0.147930003126165
0.2055491808162	-0.13889857712349	0.1849964581867
-0.166528693631669	-0.0799720335383624	0.199368119651902
-0.276755818466061	1.24805566976985	-1.01283520385666
0.316072822496425	-0.507646686590605	-1.21547501240168
0.319668254588368	0.0701832459957977	0.257132991667081
0.174798846617296	-0.445553762871652	-0.744946542254092
0.0353584413331	-0.426906506749146	-0.270425547905092
0.149474820132502	-0.306108456727546	-1.40552563814253
0.457686536662556	-0.101364632423618	0.574426354859436
0.334303341938344	0.949722180111392	0.290560070108106
0.019359417079122	-0.705853896177262	0.961188108863938
0.300801716110492	-0.824650025471105	-0.343938168368301
0.0153440186754535	0.0187876073152434	1.0741604958697
0.108430150369304	0.192217166453709	-0.0512417411552769
0.675202164750891	0.0536521446433502	-0.794424569226698
0.371377042725029	-1.33080413348135	0.839228106433035
0.155636733084681	0.479987862112665	-1.22857834737839
-0.0474532636608751	-0.788589878065231	1.78175660653268
-0.0718691119449398	0.0465489715549371	-0.515694894938041
-0.396165716934223	0.593221139575541	-0.908080141780404
0.039714744051304	0.353474045067538	1.52664249719747
-0.952687030762243	-0.460753524107753	-0.049875309710592
-1.00772678186838	0.165630332468916	0.758217933898161
-0.126324043735934	0.591218273846884	-0.0990715829735485
-0.129014785627153	0.361023243648441	-0.52690862005196
0.358315512810823	-0.211478186179166	1.66853123857395
0.0978312994464685	0.79329223516533	1.05577840193853
-0.0575974994574384	0.0237004208563673	0.456420856632482
-0.483871718585789	0.226083343165492	-0.531830701887206
0.272488584401699	1.24903491437536	1.08277087507346
0.102999938440361	-0.189738843278507	0.0410090668538775
0.134447850030147	1.08597857705286	0.162345576031348
0.171328402010141	0.234086681204967	0.901099018780734
-0.406586279719535	-0.32277373865559	0.271872142372541
-0.070072829430286	0.101773659176605	-0.446646810789654
0.641936969708714	-0.263396772640492	0.151792076866422
0.221648935682112	-1.0953343024713	-0.0219983582935226
-0.356516023710769	0.276343745584079	-0.718728879671681
-0.502022153256036	-0.201136285676179	-0.183425247155986
0.00206650096372322	-0.140745003493008	-1.1686386807345
0.0290150719016509	-0.391509259196167	-0.416592023697081
-0.249699660232777	-0.756506466135221	-0.797943932430702
0.769094396996312	-0.0747535267618697	0.450586970625216
-0.288781693650094	-0.057439301770903	-1.94726438252989
0.182196178020235	0.440200398710217	0.511901286760291
-0.141521724120859	-0.039893457291349	-0.18376036509729
-0.160266681914929	0.358235055003333	0.220970503416877
-0.376012812763537	-0.54823555209813	0.475604624973158
-0.215262427741762	-0.525251652501881	0.190768505514711
0.0604313289318949	0.264064668315858	0.567589202866888
0.531292221852089	-0.194577117798643	-0.189051941275307
0.0149359280050261	0.42345801386435	0.0348010976441428
-0.21618916643596	-0.688208460367641	-0.705377712716187
0.261199464806055	0.263198502440383	0.204824714849492
0.285532870954608	1.10400880873047	0.329290601323571
0.104742872353375	-0.135622043669799	-1.2428264852568
0.341339850169053	0.29880971534081	0.355067544938516
-0.268769959213209	0.292373586759845	0.294836351335862
0.273855826122286	-0.638485439039994	-0.410536038809997
0.0668491223604749	0.529172170493601	0.0101701587086984
0.0566469945037255	-0.0617843950958055	-0.0310415556144359
0.218017436796649	-0.790266658437033	-0.815616186167159
0.103606670232027	0.346671216647878	0.611667914992086
-0.074229351729554	-0.307354560806899	-0.124172975093596
-0.26680894604675	-0.245029112039117	0.21328816532777
0.252724614669072	0.204201296367542	0.164355991628039
-0.154365893379011	-0.228458617731812	-0.595698620577746
0.0231146695219135	-0.290300427035371	1.29204242671383
-0.0486757490768632	0.384226255052491	-0.947653330111032
-0.683835766197142	0.256194564518897	-1.06952137601893
0.209937260251694	0.392365530633826	0.960822510999165
-0.211526371030663	-0.468623351683531	0.530531343799528
-0.0547076506053814	0.260484987876964	-0.121572013013511
-0.17651499524545	0.0169603431597796	-0.287849608104266
-0.482221711071939	-0.460314079878139	-0.726816954444493
0.343469324032003	-0.1359375336258	-1.20877084534252
0.117102828115924	-0.391820204484131	1.50940400418882
0.0359636812331465	0.272199814649348	-1.13173194353341
0.147367431450493	-0.273225398264648	0.17298072298587
0.0962224437841015	-0.23175209612104	-0.925203121603272
-0.320980792100565	0.0843292948242375	1.27173158934231
0.447274926863148	0.113285956956857	0.445636594055756
0.0144952943364919	0.365130234387705	0.646002247737284
0.0267187920721272	-0.45688407976409	0.535109833158718
-0.887533783470817	2.75613657759136	0.660281773009737
-0.825187527887504	-4.14254983166521	-4.24975825754776
1.40824559134364	1.90676364069226	4.90957751350943
-0.0912849170681421	-0.00614946375418822	0.277502925678955
0.377918533271793	0.456765241982583	-0.355510179890503
-0.00864505862224231	0.250754946174438	1.30703281785504
-0.435879012880613	0.745757927981583	0.264524043211623
-0.198067427368927	-0.126859795628138	-0.770989783246803
-0.360532006011181	-0.467548579526736	-0.833103504605137
-0.481060764322992	0.633282762152265	-0.296302415055347
-0.167626773635042	-1.10270915002179	-0.816895331897942
0.59834996986625	0.888210280345732	0.530655218680385
0.229250238975325	-0.463671877064342	0.387687983885819
-0.148603124498599	0.38722477274226	-0.474868560098064
0.154312929916389	-0.537530111325159	0.566702169480514
0.293497842449904	0.219395019858084	-0.857283792220035
-0.0503330803899237	-0.0181238078588385	-0.660157944442841
0.164483182048789	0.365906812915177	0.315779641468502
-0.0746158173382457	-0.382975050927731	-0.176341797419233
0.580821395428725	0.295582034756325	0.103312332026261
0.257374374057951	0.327780008596175	-0.5495524554996
0.168462549394989	-0.15596512578317	-0.196121466817753
0.0818964499570262	-0.194784128910785	0.251279115912561
-0.304028129142173	0.338426432287665	-0.0271429818335351
0.42212937547423	-0.646209428538024	0.076190702185507
0.297192136611177	-0.267080960207821	0.073220783767199
-0.0539874967168757	-0.289772126641502	0.380071286312371
0.0226907210187466	0.187535102261011	0.349701320842185
-0.222123518542681	-0.358988801338038	-0.227850327257241
-0.604639169954189	-0.240484278978441	-0.662213862285974
0.431784496805594	0.408757817499696	0.352768644364812
0.00907582634075881	-0.0301664463072508	-0.367134097905987
0.0145812047217858	-0.0345720126040086	-0.388483270044106
0.348598520834162	-0.470080972656112	0.109599012497388
-0.129917755868504	0.342999599056666	-0.433252012068946
-0.0304049126722176	-0.3169558218659	-0.317271611327733
-0.393463405373621	-0.530279041260228	0.192202542757307
-0.342476827966315	-0.00175974981452993	-0.309896699500237
-0.405674896632473	-0.269926162142529	0.674594367167572
-0.199883285389351	0.436488079810519	-0.150636449525112
-0.0401012659307566	-0.450581799971863	0.0957934196109312
-0.384868525695629	-0.0179047178333643	-0.323566699247587
-0.365734867955653	0.926223128098784	0.308546332300973
0.677795834266013	-0.34724004699696	0.902813162986502
0.0666101552895374	0.913087871855004	0.662451651685928
-0.0544621048722794	-0.228337764642523	-0.0817332364117373
0.520051939982316	-0.28843813049432	-0.249707405712496
0.0210719859997067	-0.129317546271012	0.25583565487934
0.275431986633132	1.41336863373624	0.543176399544853
-0.245776355359554	0.246258265619839	0.0049565247425172
-0.574157389090973	-1.07535591038066	-0.788832738968027
-0.302613013283127	-0.716886548593844	-1.74405302063042
0.0474267958271758	0.373194175536508	1.59034050209873
-0.572512228957233	0.0658765999363604	-0.259094310657343
0.826166392859719	-0.202785645419629	-0.0517941836404058
-0.357438606384506	-0.302286023231053	-0.391537369273434
0.206695197179949	0.673084824760804	-1.57885246692029
-0.122259684502161	0.272126568602491	1.27097805618329
-0.343659017828976	-0.47861766047077	-0.722008574897525
0.233675152328372	-0.492808593715519	-0.0452051187799909
0.0874885867997574	1.39262111341987	0.709577244545722
0.448995598679209	0.435584360273189	0.394048677247463
0.0400321061323065	0.208455888446317	0.281268565192381
-0.412536337813001	-0.60663439143269	-0.188178286181918
-0.056793392422792	-0.715481589360109	-0.0428290322963861
0.65298948982712	0.747954625438524	0.00371171152667326
0.518619316654149	-0.205122683143887	0.735533492949823
-0.198775340176339	0.368620372137697	0.703017474174709
0.0655678465073975	-0.401419271411966	0.694935460893116
0.542305665757362	1.28693884168873	-0.384289040377365
0.379909804770039	0.210879105892056	1.62480275571871
0.855006772796791	0.42843488309489	1.39787416980657
1.18083379738329	0.713684241796427	1.13633845211003
-0.0126929055942381	0.804225519339006	-0.166664091735094
-0.679686459294531	-1.0693090441372	-0.556985051361692
-1.61196977661412	-1.37098588900155	-2.41835954625807
-0.667382404692363	-1.44341982465737	-0.759029397334578
-0.602274724621166	0.0760198231572456	-1.48038976522026
-0.524119541479199	-0.740917743392704	-0.167233712900387
-0.637627276520283	-0.426098001410982	-1.63793314060622
0.595484985268564	-0.212770222316555	0.884064426208045
-0.400739507837775	-0.0222508100470547	-1.03326070800906
-0.216620110313656	-0.461741344554882	0.0535078809445088
-0.0871646407999754	0.370226040345862	-0.0914748864143679
0.280300765003042	-0.218154513794363	0.33332616924534
0.343251679325602	-0.19349901964006	-0.792242286274025
0.498426135820334	0.776411700191797	0.235194117662621
0.722844388388595	-0.212187202336722	0.260163190860958
-0.050453728963247	0.203839273194396	0.905031452485208
0.110956238708589	-0.00136617400147457	-0.32141057220293
0.331415823496971	0.602499426938918	1.33468928606364
-0.249721878006741	0.126459074705511	-0.0444932499370845
0.0668160670427981	1.21117694529367	-0.188867658939076
-0.268348139370669	-0.858307680386269	1.18529481499675
-0.426219416990734	0.281010547285482	-0.729094779441706
-0.433958431753195	-0.515242636735033	-0.219418134463747
0.281818448929878	0.16069894370093	-0.707191131604323
-0.1719346319928	-0.312673046051012	-0.760605914370312
0.683199412535543	-0.278088091784163	0.53158358080896
-0.396427449632593	0.337984438257425	-0.171835049029671
0.530716906752402	0.371258883257162	0.555708776381454
0.129987168523855	0.169449743872853	0.788496364582866
-0.0673047070631022	0.0566298107997819	0.358026335780688
-0.0499287638452776	0.425362692024954	-1.14685520199188
0.217218388399887	-0.0009769138029895	0.25019373611279
-0.111494404408911	-0.0266719413098708	-0.308154417254123
0.255814011250081	0.204095126526722	0.124980570118385
-0.238018917917046	-0.420597276999372	0.704591235672767
-0.148944628156245	-0.025654573034973	-0.246941786645846
0.497295933536526	-0.530728055758335	0.214862071623687
-0.451449252660222	0.304007268260994	0.312837672222176
0.112273301691987	-0.319027368963119	-0.286085117422577
-0.523862480132833	-1.09101539761375	-0.0802827050900147
-0.57402089737438	0.938709040066755	-0.297211863208171
0.428875356794655	0.0734810884473966	-0.536880053531351
-0.0125444986315695	-0.394766142638595	0.115249353774979
0.0997942369829477	0.291477059320745	-0.562069094812497
-0.15735854274805	0.585750788624437	0.490887139400206
0.0991727359281616	-0.391733020499908	0.713278165008083
-0.137901045987565	0.489004086297325	-0.735235923503724
0.192893242113572	-0.221990900537397	0.800493215214489
0.398752485625447	-0.11977530882347	0.872983441245898
-0.149928227752816	0.420527651801896	-0.0148636370123172
-0.00705384813302775	-0.104998226797549	-0.740211568295445
-0.60189401040955	0.280131598467244	-0.720055367219798
-0.425443509703023	-0.326655773238302	0.273706129785989
0.445380129042688	0.255042423496697	0.137733300574422
0.12205575234011	0.372738967104267	-0.0445641459823311
0.716652503149395	0.405218799264883	1.35728780065925
-0.0760336397734703	-0.131240071197978	-0.185219821245137
0.0194003904520068	-0.709125795344481	-0.0567652948401603
-0.441519817164164	0.101392526369438	-0.0650571352315382
0.149085052772913	0.674506595681698	-0.341795956231345
0.248958384985572	-0.620204875464545	0.654340221278699
0.269125157643944	-0.80293778398335	-0.0175411081915993
-0.463159485722878	0.408006818984931	-0.34099833034043
-0.204195251974235	-0.805932801308805	0.3042304293131
0.199044212305175	0.499952864439945	-1.05053028089504
-0.383551568326736	-0.475492818648367	0.283729617056678
0.359581229027857	-0.698170223259158	-0.469793422348522
-0.000104678765097513	0.551134276515373	0.423501111527539
-0.0409736154022886	-0.451965814749341	-0.499795283567532
-0.412651490233746	0.586296895824667	0.252000878885376
-0.1089283417169	-0.265790538797863	0.0308360174557648
0.751793856366753	1.3563798035364	0.783196181148133
0.203883841926646	0.972966432487172	0.293008561129103
0.518060251327369	-0.469179636448221	0.175055357877473
-0.527375697685086	-0.79057644808688	-0.662700624652715
-0.399226798360157	0.324692519409699	-0.542621047714242
0.0436538080163798	-0.0412524772247662	-1.16912706739305
0.0587229950405966	-1.52372771887489	-0.184246586310634
-0.116298815942685	-0.172220905843188	0.491302856924943
-0.215685939058499	0.455254357416828	0.410117326776996
-0.627962831115728	-0.316530490071247	-0.124437621816647
0.267160190496072	0.876550107170401	-0.50583834862528
0.339982132619613	0.188602452965216	0.120753776689961
0.937459448980593	0.597803442343615	0.384516313193241
-0.0403562687634913	-0.236562859942292	0.127638893581324
-0.140574319967982	-0.00140953812314869	-0.950428818459921
0.489037249607457	-0.0765894785752258	-0.0543182269152569
-0.221821288119767	-0.167682882118583	-0.18475710433335
-0.394809618123446	-0.826045883659752	-0.900983478214203
-0.165989914081446	-0.0519743712348163	0.982922303951723
-0.50770931610946	0.28570730824736	-0.470227066357651
-0.140527058722095	0.286048221651679	-0.0293482842187485
-0.207532235100807	0.690780908457403	0.656908228420178
-0.0372431102717118	-0.841654612943879	0.346159160572863
0.185547123664015	0.249726330953468	0.33739757468972
0.0554338051798113	0.0288345308518407	-0.0622888994381549
0.217090511119135	-0.262642754479336	0.453138312396527
0.360439715448193	-0.587828819140136	-0.0679527671497622
0.244145367038972	-0.191558784624085	0.0759734594822679
-0.240010717016249	0.935451533121457	-0.328228921919319
-0.422550716898694	0.435486679527183	-0.511412725283394
-0.0297211553017198	-0.124003250045742	0.743980372463832
0.312586754240975	-0.14147877228479	0.166490800022581
-0.107503671791363	0.660263939671802	0.103505077400853
0.490953465389332	0.663557134512654	0.728703888183372
-0.224984339577742	0.499755390276544	-0.526124647642839
-0.116148029566614	-0.224201439339948	0.747262298191061
0.5259043333587	-0.319678172227634	0.0182288343381008
0.0322089105726322	0.570357077318855	1.43473738179587
-0.39915828789858	0.311641856358385	0.271334574345931
0.205250106575206	-1.01135490534167	-0.540517331606281
0.266394646897022	0.407957310765325	0.383533289683643
0.717420381162765	0.102345645823119	0.374984171850184
-1.14610276969001	0.107381251976488	0.663388692512989
0.0593843290669751	-0.598712079894733	-1.09248025450607
0.281268355874847	0.0733883088499074	-1.16677106730165
0.0458434925621864	-0.0165140077137438	0.136871161705217
0.277950611965752	0.388716306003494	0.203348596523681
-0.272331732963481	-0.290063995928656	-0.405655216201409
-0.116416326292846	0.704535227660944	0.418137920558392
0.234686133196876	-0.344521023075208	0.488307913530843
0.10996141410596	-0.0657082238497979	-0.462607884670979
0.198442041507389	-0.101117661031448	-1.25272801022577
-0.705995314386994	0.0207698791536651	-0.324606115608541
0.390646353475044	-1.0725372580988	-0.968513503310629
0.190026955700941	-0.0304808187379824	0.88237003819073
-0.591313947567208	0.103922736754434	0.464633764682809
1.11618425694452	-1.07973698736115	-0.647595241026883
0.128356499556094	0.631689020578541	1.12550690132427
0.418465224292067	0.750757733747403	0.24439934594947
0.611685279742072	1.3685167881932	1.48346368208977
-0.190742568743468	-1.05154361365841	-1.12431084510229
-0.865516813509787	-1.40592367933716	-0.377666686498442
-1.20158926722459	-0.441560762480328	-1.44211608140802
-0.742403831233141	-0.985379577308939	-0.742232109094161
-1.20145210233293	-0.399811576969014	-1.33350784784177
-0.510223423981689	0.206559369152303	-0.126502139743376
-0.534712554157872	-0.629925305110209	-1.8578072830026
0.394150403391769	0.186641013445941	-0.83151973166779
-0.2622792676927	0.128236847102867	0.767099968686631
0.0354156057544966	-0.339648873440264	0.632549247197296
-0.822450717546174	-0.147372843269259	0.198424075045901
0.731234100812504	0.241208834726344	0.616584524047994
0.0915087733692203	1.00051568740538	0.15126766772804
-0.148697736475533	-0.205624959535673	0.0838892633274069
1.00028377346191	-0.139555943521489	0.926332496585866
-0.126425322806997	0.545436023226943	0.337589254135036
0.621182784333895	-0.0131545632793024	0.715272463423575
0.57916696041064	1.40762062342868	0.84187584231813
0.159706748024237	-0.018641870665753	0.0951887188421557
-0.0280868026859058	-0.535049185863301	-0.136602426614083
0.27741903589448	0.0943951349212575	-0.0626906190484748
-0.0549120568860618	-0.114201510876094	0.508593594779241
0.330697751761108	0.493846916905937	-0.59136851653137
0.325130007122584	-0.141253662172966	0.878927836907926
-0.304850294939518	0.00441724087639832	-0.133905648386775
0.452359230065537	0.411047629941866	0.148640725385047
0.222113481657826	-0.101485983798713	-0.207131501930583
-0.263751137416704	0.250341253998613	-0.0975504218834876
0.47130219017927	0.132605227066218	-0.258459919670455
-0.033278379409034	0.355255875474968	-0.224803107360815
-0.0683741795676623	0.073120113776689	0.556177058940382
0.647660596241681	-0.32846296146121	-0.203294397850636
-0.0806562694266684	-0.541577262687702	0.294414624555646
0.443342371558838	0.179349124841441	0.771960061493401
-0.352354836051477	-0.272044370817389	0.345838849617841
-0.131870141878006	0.806717390045762	-0.0504740355771021
-0.193632893542099	-1.11141405154004	-0.570642830028635
-0.370974006284058	0.334707789882852	-0.484372092842013
-0.150677762719891	0.406921152527048	-1.05401777587899
1.00687909237494	-0.332830854826793	-0.212308603107568
-0.249878944671034	-0.196230013486319	1.80598180876791
-0.297225448388362	0.251305915629295	-0.299707126047061
-0.322154602451163	0.579410736748327	0.233349679954373
-0.92264085032744	-0.0497459206693856	-0.299680216231727
-0.158340600389603	0.392875495570051	0.432652443083945
-0.15031623374084	-0.0806744534781928	-0.206823280450271
-1.00387854223363	-0.485578845642992	-0.367946268806178
-0.0363407968466943	0.113395457069298	0.0365426314427525
0.139429343689539	-0.277111173344514	-0.283418952385062
0.153396964260057	0.532337913810038	-0.534458026600518
0.169888137226178	0.154224739798979	-0.105869328012672
-0.441833672301757	-0.0618300515504761	0.202637550033891
0.358059034189437	-1.17367414073897	0.0876426583515006
0.574719199680979	-0.0993793218278506	-1.29363710407431
-0.372275377443116	-0.272841544905568	0.23982526057597
0.29805511584336	-0.029103422744653	-0.535403420494235
0.228017828138527	0.420846309830313	0.900252211951413
0.508075119547941	0.345392229098853	-0.501562809187532
-0.0680664132797281	-0.708485608190749	0.317883201880524
0.658419285323734	1.10877703502946	0.901693680428727
-0.275008367410229	-0.82533428743444	-1.03612853399897
-0.355281604180675	-0.231901717945443	0.0803316274132737
-0.338531194752375	-0.323693297940386	-0.80147678368459
-0.643329227141415	1.52847728564331	0.777426992401694
0.119580173580778	-1.05629288224662	0.0622314264450665
-0.426161728265004	-0.463595242834394	-0.186470018252885
0.659691955462146	0.37525889378822	0.26280245345086
-0.6201759114681	-0.483726780260452	0.599155507131059
0.134273509503956	0.0632540387092955	-0.653818974175629
-0.0712758453229161	-0.142742809649328	0.715201599679883
0.353987947029902	-0.504068532918114	-0.971264593476787
0.755354619021751	0.462524831014512	0.000465808983919313
0.254534362042182	-0.481962036087829	0.518900403368709
0.198859159745588	-0.1014602846059	-0.318262765559089
0.182519209556775	0.256388007695716	0.404665923115439
0.0341921956768928	-0.101003239174029	-1.0663105808186
-0.717253367891941	0.0470849214925195	-0.645661348534477
0.137622860865137	0.812777236659205	0.0995474183679414
-0.867196234279468	-0.206228426310476	0.48585761324775
0.354891748822945	0.289473809675558	0.59046460744288
0.170460264153358	-0.203410214432177	0.0418393693345669
0.143104268862869	-0.148065691494427	0.653252906551751
-0.0912453593990868	0.34877595062529	0.251474709826048
0.123695055092188	-0.211915693769636	0.400033615768378
-0.256570688781403	1.33205746428564	1.45681981449439
0.0878110427261772	-0.80109927902711	0.325602557475206
-0.118344993740051	-0.0280658889937694	-0.4934951348999
0.349611278877928	0.261665897233138	-0.905802980054981
-0.130794945223612	0.363170874112352	-0.859444326870355
-0.128550952220245	-0.355219932761397	-0.221097331440261
0.760586638701448	-0.0865809260858538	0.955996963474502
-0.917972202863665	-0.215285519938552	-0.768130852375143
0.680575990900997	-0.0139141936949075	0.546301726986808
0.202197809803196	0.220589167406226	-1.19348443912135
-0.115082247734705	0.178326812964336	-0.0466319209137193
0.189026468550493	-0.00261103757876109	0.097114321389503
-0.0337760849174777	0.278742742707647	0.659558423819716
-0.128705296869393	0.273818156106142	0.401070346228531
0.0646556367606896	0.391616247057815	0.470273545545922
-0.466962621833692	-0.269148713015646	0.126658785380415
-0.161915490773488	-0.176471949882305	-0.4647102297858
0.76711144682236	-0.707438408115559	0.783697943388163
0.0689820432810326	0.0358962305576792	-0.497389045369663
-0.314739529226776	0.344467942645716	-0.354542284230169
-0.0740049152657564	-0.106782333581987	0.568060576211224
-0.721135064797039	-0.0321657093246105	0.847648793723028
0.181871391561265	0.420258421405639	-0.542533789074083
-0.161667149808517	-0.19433352368177	-0.81890763511111
0.431263178221023	-0.635515689890618	-1.53146604972406
-1.19747412226403	0.485244174936477	0.414212008004332
-0.0128758243065651	-0.535332943840862	-0.377079116796665
0.367549189267947	-0.503542403416419	0.0221398370402047
-0.230654176102449	0.238703010988853	-0.76699669865904
0.539486903546097	0.234438360393399	-0.325699946019122
0.360748522369969	0.868533132027359	0.492337556568571
0.0323600330456382	0.102014053695975	-0.370471862700917
-0.146721203205626	0.0205856120294748	-0.0869500571211643
-0.318707847962659	-0.825710155883726	-0.166733359891
0.445901147213241	-0.536541297613313	1.96312904820378
-0.675034555192168	-1.08701969162299	0.0283097636936046
-0.321484020373993	0.671522236190967	0.193277320543836
0.125668157114922	-0.204118679904789	-0.970024666890139
0.00542954306619929	0.161122392596811	0.866370480073115
0.842680811707542	0.817063063106399	0.423188024777076
0.109934332265309	-0.228127058908006	0.984806427047107
0.0292840050346412	0.663318333159309	-0.304087135563281
0.577914669570592	0.335770722072948	0.110951207523687
0.266709610302929	0.106364882074176	-0.270120318012283
0.587767638795699	-0.185838661962226	0.530552670228044
-0.917983579075722	0.520400788572687	-0.536055831973468
-0.329555556930084	-0.876279505556988	-0.0559098164496382
-0.407449458279115	-0.1041091467799	-1.75086805480222
-0.0780658354213539	-0.0441725002878023	0.879107307484281
-0.135395557746032	-0.290967174842432	-0.369752579466173
0.402776068263892	-0.0368013962370502	0.596832611226826
0.108404051903199	-0.446687022595587	-0.677637291358673
0.105675399766609	-0.601581037855364	-0.225298525137395
0.348189496232125	0.731993721109887	-0.280394257472795
-0.202976638274502	-0.562997575118413	-0.0411686690029358
-0.0100077439132565	0.773700085561167	0.0267760862085709
0.324035454707497	1.00942346347347	-0.725955465257142
-0.14959037437437	-0.0132612317861312	0.91223256606327
-0.844819135488214	-0.136142720753269	-0.117918511734883
-0.181921519985704	-0.428931612218196	0.0421549639661366
0.200781176520219	-0.0946766709577893	-0.781701608262835
0.0921076433819093	-0.192548081782355	0.502223366681101
0.119643056969114	0.0982934919904888	0.808750489441974
0.0135237186657764	-0.457232132174811	0.0406829291890757
-0.343420280232713	0.326192371333008	-0.234857829881334
0.344821895297117	-0.264956321121041	1.00895264326124
-0.492583398488619	-0.747528120482867	-0.611754414525995
0.340090250202731	0.394594606742858	0.0032541546951221
-0.119870369224414	-0.510724960003317	0.18310954488834
-0.133850260710004	0.433818016420772	0.202912837558899
-0.106214772921446	0.301395041462893	-0.230024876891104
-0.256999178341644	-0.574392214359242	0.0886613033408649
0.103542320884191	0.213545277901181	0.515344510861044
0.124385419560739	0.405739788196858	0.591968023171971
0.408623165954995	0.0361687740862762	0.0153221061067413
0.580758724128721	0.24200306601984	0.317946983286513
-1.11515482226588	-0.195811908098798	1.14739458807399
-0.121472398312085	-0.590293476692038	-0.86372459755886
-0.139536485569834	1.330502626689	-0.451016158253733
0.367053027318536	-0.603432479053731	-2.12093823437493
0.942242123132097	1.2169597818651	1.27733285403836
-0.348415227473455	-0.104495976240317	-0.249689762574716
0.307609871014107	1.09249110364031	-1.00998484303051
0.17012105002274	-0.797817474319026	0.216143274951308
-0.81382174279352	-0.536650759957182	-0.0729451415967955
0.391889112454363	0.774256194282981	-0.460596232152873
0.178094439985102	-0.0455915485791814	0.772044819536452
-0.881846268936993	0.703473808502274	-0.009917338181065
-0.0248325359457757	-1.36740818424232	-0.873495322213877
0.532605051109486	1.56813339882515	0.780332257309841
0.277193813352499	-0.729322753548447	-0.34471387127055
0.506300492522239	-0.11373619922663	0.495839656191357
0.792605301694881	-1.07097997561406	-0.93631079989016
0.232299147866472	0.416918947559872	0.0293392474944399
-0.0342300478631478	-0.197860954141104	0.451729830309619
-0.114359438723626	-0.0785402667001546	0.341758938908458
0.214919813048534	-0.279649311522595	-0.792263574700338
-0.581732655980829	-0.483797317879706	-0.0272532609171386
-0.575368744474216	0.0119345446410898	-0.322829310077744
-0.224248133566654	0.580013173811527	1.38924350400337
-0.286020103705403	0.0367443056757057	-0.757298350118544
-0.600399654793623	-0.649757090896564	0.158828557697332
0.474540241588181	0.35762909972839	0.543867996573967
