MTG	Put	VS
-0.0388471039752407	-0.0355785136552298	-0.499987183560176
-0.437646172980801	-1.39996470128448	-1.10522809469795
-0.296909323774106	0.272375836521229	0.434612158802929
-0.209318443912538	-0.428314385548742	0.114348091346531
-0.358188221692311	-0.433569499555259	0.225917508806507
0.195423501835112	-0.147486109691031	0.388916131637389
0.00604654183174764	0.545280326847869	-0.595416350195723
0.0264625250110009	0.523070576660299	0.47597403325833
0.261191454449423	0.233874353436701	-0.335690392484086
0.40073633208221	-0.211823097462133	0.561759348802295
-0.377008815845042	0.0555088166149482	0.0159049499394688
0.765445369000414	0.0115334520781069	-0.844211084448612
-0.10103178940473	0.460935031095799	-0.071125929578226
0.222011399619303	0.122296528292743	-0.721496180405365
-0.0153757922012527	-0.164957640240588	0.550125129698284
0.204927234926747	0.270562817061374	-0.187805525720339
-0.0829022064692359	0.297838743725618	1.19346014251749
0.351455911651532	-0.074197553726851	0.496204246813119
-0.00715186072971735	0.0412168473503091	0.486697947728524
0.0860561550546263	-0.0662439805937028	1.3322952047423
0.158817166615035	0.196837540491115	-0.114960125115659
-0.289873596149532	0.515483788085714	-0.247587092521841
-0.132520573482656	-0.00315790201807474	0.623011696223635
-0.276764321626641	-0.0737712971408829	0.0811449342458658
0.338834668871645	-0.0873307373295438	-1.02955182766873
-0.340919312597439	0.163843068387531	-1.14656323309656
-0.612147816532247	-0.833255473749582	-0.70164146806025
0.105429588945932	0.54361518251332	-0.168007200605921
-0.118277842303519	-0.0409278009488604	-0.51763254712445
-0.0762770345942219	0.473192411665433	0.460079750751228
0.648210707859386	-0.331165527324531	-0.0995202511485131
-0.199343964542286	0.138279430956711	-0.285001555204554
-0.129288291570164	-0.294401227460484	-0.870963257385595
0.457658235687943	0.0322056986753491	-0.448511555811693
-0.547848401471501	-0.412294950412853	0.82643203198891
0.396354690717954	1.16645112070699	0.846179540808728
0.162368766535329	-0.312464134213073	0.769841086497744
0.315793220547358	-0.23940216450518	0.221855761212249
-0.222270869907761	-0.885819409337089	-0.661333212242409
-0.155686183363687	0.27617671900487	0.643816960821002
0.205666411529071	0.30027703518328	0.267224766395241
-0.145644475286192	-0.0616766341352229	0.329501113061571
0.0160169904311308	0.320498232499836	-0.397732724209935
0.208656810493823	0.115286951381555	0.471113963016559
0.150180574524708	0.652174749025678	0.407195593283748
-0.116990505682329	-0.17690505324873	-0.141667948262555
0.117783060111069	-0.729128840658471	-0.135834110077739
-0.45768723681434	0.685185846048072	-0.560196461536814
0.0239625347447015	-1.17485980557336	0.325834636103623
-0.456602651845104	0.575803958345974	-0.226286446309273
0.0399625349713535	-0.328679593237604	-0.250908335493703
-0.177399984801017	0.170606485834382	-0.0241029061098605
0.5351144477874	-0.921897727055364	1.09987959929072
-0.0465602030845846	0.515014580468607	0.152787031853815
0.654127018618892	-0.150666429440392	0.757928275467228
0.0388389675497345	0.291712345230022	-0.884430801809176
0.0250133450139917	0.0374605035712067	0.233018473211191
-0.232764890653756	-0.423943648137041	-0.180606151666554
0.168239638164594	-0.142259661190753	0.450954746593016
-0.175140837675086	0.831310792345644	-0.220766755223317
-0.554020213204138	-0.208112553127164	-0.518808881495948
-0.405711899861248	0.415014991277867	-1.21097873102724
-0.0890446733242946	-0.984265220187057	0.837184094021576
0.387646845395486	-0.705342436024404	0.488320792878017
-0.1474725055965	-0.314102146314781	-1.42096065399269
-0.156044401938036	0.131602900587439	-0.429419255880911
0.207930545406654	0.602842425007834	0.0850114096735169
0.0613603421158058	0.321520462424657	-0.149735845740249
0.0120012362148443	0.0861831500967277	0.0780574987773946
0.257548872418382	-0.171108788412584	-0.129838099675945
-0.0219384635536215	-0.197507552686235	0.230144948198022
-0.241838190212353	0.544054111265052	0.498455810508286
0.318814458199386	0.294255143194271	0.756597105105546
-0.47376958423305	-0.600400044146288	-0.516852443109761
-0.442606262732667	0.348718756450259	-0.860174007632281
0.0745761583397374	0.239115234141276	-0.210814413739583
-0.4325817866729	-0.995730935520693	-1.03958862959226
0.937609165534251	1.01987047241321	-0.799613231840118
0.0443323036712264	-0.0621405928176734	-1.40170113169696
-0.0430896599321326	0.0619337993509526	1.0450158301758
-0.390113722908765	0.0339869882872416	0.304330820506868
0.587290799817088	0.905658932068712	1.23853522044359
0.385911907756734	0.560293191180657	-0.503730126610536
0.191953524979736	0.584349399987391	1.01669330059909
0.0646348834698213	-0.354848073466265	1.0352469070963
0.133681657231978	-0.694478606760634	0.458067507340856
0.0800452294702734	0.368920149375891	0.161593504557034
-0.0540231064051056	-0.839648169437896	0.17526005863517
-0.537879837816978	0.456584346062579	-0.681356022165788
0.0639378175795793	-0.085100054961708	0.709962089692775
-0.309594356949784	-0.68415620725043	0.20038204666772
-0.307918991828083	0.284494796597321	-0.168157485800547
0.0953182948899368	-0.906579083948642	0.0235694642169225
-0.080089136818625	-0.626243484058965	0.0564226832499376
0.24779747061686	-0.244703165380691	-1.05858777228641
-0.341128797267778	0.734682214259693	0.0964093518730945
0.337452802051013	0.183317454739794	0.716961331079529
0.399856556529382	0.358258869345964	0.314887717504647
-0.298738447733014	-0.022268152740238	0.149060284941539
0.230198908895205	0.188954958032593	-0.70338381785067
-0.262083669059603	-0.365184012992229	-0.150179650727796
-0.110357160484803	-0.291042878776373	0.0652085328618907
0.249821139052436	-0.402942620861659	0.263368321103247
0.193340338384228	0.894308375556781	-0.215422971880483
0.230771751183881	-0.530400129052291	-0.190941584951832
-0.0559326033440552	0.321089958153674	-0.23819203991519
0.332315384312644	-0.41713169221803	0.310102615537757
-0.352498415686972	-0.300781275303405	0.391406262283549
0.296774622759117	0.487239234078699	1.23610550665822
-0.0709997475285655	0.622793545225447	-0.184023956551027
-0.550253803304221	-0.507742022851182	-0.698112276631002
-0.0274153256220347	0.416640352580199	-0.655522989010059
0.170057705448968	0.636784416258714	0.389329229986398
-0.0432412379641463	0.1141271194836	-0.14057140382103
-0.356803947141767	0.533261346797482	-0.0711121357091831
-0.121522660240772	0.0254601235584044	-0.190101234376536
0.106435408435568	-0.461739696136325	0.606681716394017
-0.0540054121989546	-0.617845910647827	0.0541191430901622
-0.161137558618798	-0.449325799653473	-0.0895486351623705
0.0658245888967522	-0.643657125885106	0.400708289510528
-0.40649291130122	0.511110080493687	-1.27361575898795
-0.185319537727459	-0.375415227387794	-0.192728935013522
0.00720174249984825	0.360707353810853	-0.723405372924733
0.25318840372293	-1.03361416610782	0.162053951321521
-0.0997018161633511	0.595891708859511	-0.111073131252781
0.107830570505639	-0.316405604021622	-0.474839326633085
-0.165142099006662	0.0293602596515991	-0.316531171889919
-0.296466015037759	-0.215073175236892	0.433830762704107
0.248909717168868	-0.0741130986056013	0.110270023811561
-0.195185395744303	0.391733366327281	0.430156824707568
0.573986984079368	0.744066164005179	0.648170200698384
0.438817101154411	-0.560284927451923	-0.253799454445856
0.190151269577721	1.00780515626145	-0.0105341190197592
0.40987766846676	0.209780474818171	0.72018962840673
-0.378919399634384	-0.321280143097649	-0.0814353268726491
0.43431076194211	-0.554890540932675	-0.036855737439466
-0.089692041538164	0.863294673329184	-0.0593211018170535
0.189546646661153	-0.181209712264072	-0.46479561689159
-0.332650388539755	-0.0603754400103275	-0.659983874564592
-0.0371203931697631	-0.986226999377783	0.921197251422599
-0.0609746420518015	0.883879154771741	-0.468572591587257
-0.0381169495849885	0.137011982595212	0.452498156699687
0.778679162845452	-0.622214928808516	0.301890580335792
-0.11252834054858	0.440507464164961	-0.820277349321986
-0.556986782479278	-0.180245922752494	0.156681740076968
0.13640817031579	0.242522636134307	-0.505932740938654
-0.214465563816101	0.859356513584437	-0.5247210355192
-0.247718434069241	-0.161643379203972	0.806771303644481
-0.464583195620397	-0.570349844958461	-0.255589107202999
-0.232388938097092	0.302522366413969	0.26133312009054
0.0525020529488651	-0.0166939402320077	0.390820455078466
0.0127126602230866	0.214803965111639	0.235303287833707
0.153919022673125	0.702806091462572	-0.0431342119657527
0.486126711381704	0.0189109664244336	-0.384023908875361
0.106960229880013	-0.356756695139467	-0.0960771281764866
0.0636405434001971	-0.352007844440182	-0.425638072113238
0.246053584113667	-0.0586317704033054	0.00875459519944144
-0.371950255255182	-0.56302022512124	-0.204688247458329
0.380340878867325	0.174339585094908	0.427734383536277
0.216196063314586	-0.558804411286623	-0.375681666018119
-0.388572869787815	0.289272139557948	0.919652920584906
-0.6349206197537	-0.715435716043559	-0.631748786053327
-0.0856179215940874	0.0928091875421231	0.544221932614904
0.0684643685625834	-0.439166739874783	0.800132989023208
-0.636548799667571	-0.149582891219029	0.0500051560480071
0.396780658030994	0.270202676541094	-0.66032098350311
-0.478405204591419	0.452681560976317	-0.409798075145386
0.639201234561351	0.728166060769162	1.08518566943272
0.200183393948433	0.414394541046197	1.34126690656906
-0.206201725588813	-1.54746291308026	-1.05719880053166
0.502001720087727	0.134187726042115	0.309912376169387
-0.0264055819912975	0.136364198720528	0.30838256814106
-0.332182556994648	0.032468553067679	-0.607978025198321
0.246717658200071	0.514760684214085	-0.0617413199032714
-0.380434135958878	-0.604073177558372	1.13981421261376
0.195958407889386	-0.219709767198328	0.123358839095866
0.581516491180225	0.225900363536704	-0.514249703947341
-0.409018973057535	-0.728423766206331	-0.831957684200367
0.036981993879143	0.630642852906118	-0.140984319807086
-0.272834407999833	0.772216670691384	0.726469455325794
0.529296802189255	0.173334823896033	-0.120956381745894
-0.041780447619682	0.25729200817568	0.144483841464171
0.269072146674932	-0.866175492919881	0.178576621637265
0.233515335989806	-0.374633387444973	-0.33778830360684
-0.107425112595711	-0.0195717981299481	0.465928555332398
-0.284226648303231	0.303396207307209	-0.233814809011193
-0.143850783438275	-0.273524601113872	0.527090642311134
0.226269907025221	-0.0104956704362179	-1.21111069644592
-0.460193609439323	-0.161886606083218	-0.786276362756332
-0.13733273632371	0.652308547174046	-0.0882628458375881
0.303504557572853	-0.220150465903	-0.721051692056457
-0.0381148432909036	-0.0114943451478285	-0.750359864415114
-0.00454552860044406	0.785628247986598	-0.179265140076249
-0.382270637993033	-0.248301103467419	-0.407573074317921
0.246196452742214	0.577726701577467	-0.541866002332314
-0.317391043115436	-0.371319553369484	-0.249812874041199
-0.175722461550391	0.194405256841259	-0.0658578101620147
0.0223803122968226	0.40754220399377	0.72152925983395
-0.0141151017297867	0.291731222661092	-0.926241120435442
0.0257033412358513	-0.104555621802063	0.501420304160659
0.399207137762503	-0.112450451241524	1.06904600205778
0.0608533720497	0.0266670917536877	-1.1256721161709
0.455925631354378	-0.731531574227838	0.80502934779623
-0.229220636729985	0.908315168887346	0.681651894185203
-0.00456427342019096	0.0918043669561916	-0.0696117287585464
0.00508377378763966	-0.0688168532706283	0.926838066023362
0.138670672232595	0.0503869490894868	0.969272651688713
-0.47660804453441	-0.339098985239399	0.60040067657255
0.152513292608977	-0.160401201218564	0.0389898537775121
0.193578751322791	-0.160141381251915	-0.159659032661622
-0.312794071329998	0.0835820487012505	-0.449712205050329
0.179206484004891	0.432673198673752	-0.695275863725314
0.337718485951906	0.389459048467212	-0.453513409869086
-0.546161571502225	-0.912566102298944	0.500032198283824
0.143391316345003	-0.554475929469632	0.0591803685920094
-0.107828408028607	0.348886619901403	0.600543140087484
-0.010535266023199	0.762156131948797	-0.562605004823684
0.133382693647963	0.306871329294133	0.571662858705313
0.31304651314173	0.823833360640849	0.872596892411183
0.0973004413185179	-0.661938009128046	1.17710012837714
-0.144911656939166	-0.137387125828954	1.16617830411882
0.44882364916159	-0.342614239665084	0.560645666055461
-0.496432600840636	0.161367682584087	-0.651792914675947
-0.133118221941787	-0.467775826173402	-0.642138831380597
-0.0276297545950086	-0.188585246806562	0.522259997943325
-0.369989933323622	-0.673251850661366	-0.432272578295286
0.315047516738073	0.665505374740811	-0.598198190559778
0.0826848564946285	-0.791295673804707	-0.679414953127619
0.166670386662292	-0.0150115981527577	-0.119934333992075
-0.0131508992765489	-0.00510400427374583	0.211658174106427
-0.0866417990884834	-0.0384774758445482	-0.688127567181863
-0.0273662831153293	0.293789818708828	-0.610532954585906
0.113006888292494	-0.056220088887166	-0.881476986319565
0.0404393542868682	-0.410884371490679	-0.742820774743093
0.00710708849874997	0.0312485690061257	-0.217156346247997
0.141799964320941	-0.819790740768135	-0.768664079663238
-0.360825201079701	0.400089539935351	-0.784666910296072
-0.370218968897842	-0.505378732538306	0.501415060390584
0.510024462347331	1.19538482172708	0.213182383348813
0.376037564998414	0.870032617370965	1.38239621368126
0.262291431038412	-0.367373780673015	-0.129288095481772
-0.085460318165609	-0.0403933737449456	0.754394249489244
0.600395392908004	0.508202395186733	0.381620639764656
-0.857290772924212	0.240529674615115	-0.627477116775483
-0.222969971128965	-1.32565392585652	-0.00592319375081428
-0.605899557165941	-0.0158174174020943	-0.221966110192587
-0.699264888733565	0.0988000020321065	-0.772248541096103
-0.0937604766924081	-0.879347818696434	0.479538719014427
0.471851750409957	-0.12072328080366	-0.333102000422194
-0.428228631087435	0.947706757738613	0.844794983176635
-0.0800750465085397	-0.163029167597488	0.167043752740145
0.231223741718289	0.692176280789153	-0.0282692549455501
-0.546825851188119	-0.725748264558538	-0.117358033135508
0.283092487557535	0.499090963627793	0.129006696491736
-0.0345272470445887	0.269667229566992	0.35293498401774
0.0790485659989664	0.695105385050881	-0.157186922129912
0.322391920689116	-0.465679248322554	-1.29701823678151
-0.125546849577004	0.380205159204252	0.240701151304865
0.569536337720534	-1.06426871571976	0.486482083297969
-0.272421425867668	-0.448307492430996	-0.22461408221279
0.861950634040535	0.302501416607881	0.780220008639
0.43870324121841	0.39210218056239	0.256861105119993
0.0605587495555504	-0.457464951232987	0.554731185589363
0.00507024825164339	0.0302389029834405	-0.239747039097136
0.0125321760645704	-0.312594553819668	-0.142469459056906
-0.495797868572059	-0.0345175675235537	-0.56458228386373
0.133670684883826	-0.859649616975452	0.266633433738757
-0.129621381991298	0.381205842557828	-1.01686319953313
0.401977265391733	-0.249684373333963	-1.17379463020958
-0.376999312760748	0.853918748489725	-0.0560900650308447
0.0901101557868571	-0.623545134772385	0.0784265476073668
0.0962604920531438	1.27395519570049	0.728164229835753
0.195173969213659	-0.405846156553273	0.182035898839867
-0.0985038399679073	0.55247243116566	0.602782727736815
-0.0136002097880499	0.201064252565585	-0.38955116267327
-0.13278489590745	0.258727628019201	-0.481998906323615
-0.193920514243632	-0.435935355710289	-0.0585976919244307
0.0676707229531484	0.616546570423595	0.374771595384726
-0.285531974041357	-0.311162134124018	1.59029682745786
-0.114372499538068	-0.0988016978572755	0.640356935413131
0.41566373947192	0.19631736585479	0.888152897757349
0.0757350919063247	0.428745985097144	0.540908414203524
-0.260530742827386	0.149209670221174	1.35939739970257
-0.291127897392071	-0.0450279753159686	-1.38497487412289
0.204425600245248	0.0956747546551713	-0.187550338807021
0.0818201195625128	-0.892890476396884	-1.43692664433048
-0.17543440064072	0.323077126735329	-0.682935883594727
0.0751303749161479	-0.617875452610774	-1.18361758572688
-0.0177607074898541	-0.54866327670627	0.102833068497975
-0.206389706486533	0.0266631470138216	0.205498985041029
-0.0729745253298182	0.520849686839804	-0.475918788435134
-0.254925308002306	-0.0392310066187734	0.533708037620717
0.179093622531203	-0.502811169397891	-0.397836088857648
0.316009279301474	-0.0695312051932788	0.182922343119268
-0.044312965941072	0.00986731272895703	-0.223829465114922
0.111370716541954	0.227508807398951	0.511231465985209
-0.430353668428441	-0.143150243054101	0.849188354651248
0.354481747803288	0.176757587987221	0.156471348949908
-0.502566317726744	-1.05862392117276	0.557669945320168
0.191548044717103	0.44601176287476	-0.486362386849672
-0.368463010609004	0.186662428181589	0.928570888926564
-0.310611753326044	0.0188499027890931	-0.522875764039486
-0.0369203095094101	0.176137341982376	0.449868351068138
-0.0146316978311558	-0.0863653477704027	-0.551673249031952
-0.109273061439008	-0.0633672767163642	-0.881978183574116
0.204209102797824	0.0753635533973357	0.111512870613857
-0.0356586892502113	0.067628088364478	-0.695191260411612
0.599831768327719	-0.0885209393712494	-0.054677630641351
0.0573492903643319	0.448191767307936	-0.461520149895864
0.484559567931977	0.0555126534679452	-0.0687893368121713
-0.157819063630443	-0.111896979743165	0.186240631820612
-0.109434732673035	-0.0699010173119669	0.53648612924049
0.006772634677768	-0.00316617363002533	0.285774253388818
0.109311312261937	-0.76656731075865	-0.528013007947898
-0.0015809677287418	0.917791331415855	-0.882627050356781
0.40406531233219	-0.281692724005568	0.946760653509563
0.0664214895601067	-0.251019349509823	-1.03341210549108
-0.305268112161343	-0.23501122814405	0.55597722574808
0.663714174186367	0.688687129461673	0.741508711023148
-0.152623203262603	0.099648348175194	-0.627538097280538
0.350357697232245	0.0389264175604262	0.686898358074148
-0.253288244272878	-0.295476523971655	-0.76204566886589
0.21819309052664	0.866329594418225	-0.337333570477709
0.0400532618593242	-0.282656853687168	0.420967083621774
-0.0683192537826912	0.417998893831073	0.243211043504874
-0.0896771264444456	0.25182580031104	-0.56855136715104
-0.372095745540297	0.139295391259376	0.0398495619662862
0.336981652730425	0.157124005652153	-0.467914169632754
-0.466907244742611	0.308469576964071	0.218855426378017
0.103892976062086	-0.527091983473215	-0.00302328395660866
-0.706231926509877	-0.870360147616856	0.0818179264628209
-0.142238555920493	-0.315573248574545	0.484041634174807
-0.343770870608387	0.741403204126011	0.873299028837268
-0.430597834700437	-0.0552828322671817	-0.0806014619376116
0.535609156677636	-0.715526231077659	-0.597165539393573
-0.0282656548519204	-0.504638919890428	1.11558673552737
0.242320137225554	-0.213356696496906	0.181985645591445
-0.217494588192623	0.0462344337081693	-0.537728132334244
0.066584583067401	0.733124250681134	0.838630877223329
0.130452930531146	0.123350734419356	-0.0832629778326481
0.383307686048719	0.64103466120097	0.822011439531513
0.224740847026096	0.0464893356086661	-0.193380219036557
0.0378343623824266	0.39429071928896	-0.38002764403695
-0.19599779704264	-0.626311248096372	0.539041228204361
0.219494867249632	-0.271417601636447	0.627788472249091
-0.307350178158045	0.0285020517415652	0.000929932134643941
-0.398956759910949	-1.34738083088422	-0.551442313435638
0.0813402035971214	-0.039310638678986	-0.0115005998786302
0.471080733424838	-0.594632579919191	0.379508917355083
-0.514297308446646	0.127484086508035	-0.966858001306585
-0.202816807756921	0.437190891732098	-0.290199110265369
0.150090709660648	0.403520783940828	-0.480059449919357
0.0121656006191731	-0.105128809981595	-0.156791097598291
0.113676861365401	0.704292741322327	-0.185847555356294
0.0844452167551331	0.104168824697451	-0.296176805205944
-0.468582103950818	0.87170553120936	-0.131000185498963
0.110186734976076	0.0523170417861204	-0.388398488773382
-0.129396463623601	-0.802248682880821	-0.120634865669971
-0.0291906051906793	0.00097965702814748	-0.340215368970908
-0.302572835784764	-0.400304811818905	0.060731056591053
0.578742889660954	0.107544824230137	0.0641564213674773
0.207508695350105	-0.150151610024463	-0.699513213858183
0.18629809764115	0.0403185836162194	-0.115886770057695
0.357858570049619	-0.0994882452658967	-0.741113044072214
0.195173997407506	0.51686435978776	0.454057963528114
0.236718796797048	-0.168329966809401	-0.0819360729571365
-0.238106761604654	0.394097379694394	-0.292845087540369
0.0260344614982984	-0.231656563433451	0.669588662261853
-0.284678336242593	0.229092091503435	0.483500913769971
-0.0637114963424208	0.115778611875771	1.31300313243166
-0.198864659383206	-0.248513249829577	-0.0689373353831735
0.321323633908425	-0.538776185451723	0.624663033020763
-0.309464188262033	0.462558722144362	-0.287699920212386
0.143994584123005	-0.380201064678114	-0.093291974075013
-0.123483494301873	0.164248736293406	0.558987024003552
0.168661153848232	-0.075314083937661	0.390140714661563
0.457365859578927	0.503703798284674	-0.0299831530765689
0.245967149783738	0.11349174637037	0.459028321053284
0.169483840310437	-0.396323838037046	-0.471980458265574
-0.389843961206852	-0.699680316358692	-0.700748592380036
-0.111562909183059	0.982973942523205	-0.121522242194117
0.0576585102653597	-0.127140358707169	0.593553236445493
-0.0937981929087333	-0.491189826994052	0.875007810577019
-0.345208554022886	0.313870295344882	-0.102353675082335
-0.12857044232842	-0.0284297093512459	-0.928649715782473
-0.0394243000905542	-0.677436457778178	0.528291249151227
0.242041107958232	0.844004182545351	-0.187000373372535
-0.443310023532002	-0.235030089481309	-0.127719206938341
-0.150672375257823	-0.0274329267544786	-1.20041737884932
0.339087608405737	0.179014419184128	-0.158741011575007
-0.456863693662384	0.3741547899192	-0.314317325078502
0.0492692744810755	-0.29937932738931	-0.952794507463248
0.0518085918659605	-0.338282551261141	0.651290612240187
-0.509966030939592	0.192350559762828	-0.787364000840237
-0.0467499954118844	-0.0198648857208258	0.830341599057062
-0.329370082521904	0.875769426936226	0.328594187809151
0.0401854704839135	-1.23504517513415	0.209031176814544
0.65713262422368	0.598758061931673	0.293550122153168
-0.642632652139338	0.095900421302057	-0.261801714640756
-0.159574853470357	0.239613676941177	-0.578813559768792
0.0615243035888573	-0.354518539621789	-0.171856664696576
0.0305787787478848	-0.272966041125763	0.0737949475338043
-0.0145552053870896	0.20591182065878	0.727338858993251
0.760907478317897	0.314975812742382	-0.313394388837439
0.21506156765579	0.269006219491193	-0.572518704585349
0.528338399330179	-0.0933013838762307	0.575845062356769
1.0447929935981	0.0488811116793816	0.796100084303384
-0.1487569634254	0.382369577464805	0.0985244130648818
0.183451613014992	-1.34523873842904	0.219955794732083
0.184719737310539	-0.542372905002418	-0.0383558930368366
-0.690383846286003	0.558115978818667	-0.0334797035708648
-0.0643877832697881	0.317438174574013	0.259091382306722
-0.0720317683022855	-0.106786600735917	-0.270617654829473
-0.127758133078449	-0.539836176419093	0.5715570245961
-0.0779665960603273	-0.507514091823407	0.409313369355347
-0.00427063518137327	0.345492448959968	-0.268966791587484
-0.154541534928807	-0.208823564622052	0.366167388254419
-0.179626718601548	-0.3982327201917	0.142291664032081
-0.12221022050362	0.433349247041319	-0.13637589572363
0.147787560321156	0.264208744104328	0.359616295860273
-0.0288381146731304	-0.286832738349224	-0.681496531497449
-0.668447469708493	0.736133657802488	-0.080498068873429
-0.0349032082980422	-0.616217202957636	-1.30321715979627
-0.143739526353826	0.215236618054516	-0.220610734698778
-0.464086969626325	0.430185157096765	-0.275372471165721
0.240275396932678	-0.284057880043989	0.0220018294931404
0.00730784250578383	0.385312555881691	-0.4135555173311
-0.353216590051649	-0.193934772990622	0.0351427169038602
0.149876400032685	0.292818132196303	0.613752448662842
1.05394151334411	-0.055105385110372	0.463112148451253
-0.0517256209681099	0.259838243845032	0.202651123246031
0.035484440495288	0.358184830923013	-0.355730616496981
0.604661304543026	-0.509332734308403	0.83146977201263
0.214172682488353	0.48505692257791	0.781934923129077
-0.149182053594751	0.848719139980332	0.910929351631023
0.227585589356501	0.135622910772393	0.122378742868545
-0.00418080258611935	-0.441010215533995	-0.526240137198309
0.574859935981561	-0.518136927760317	0.0429905613920071
-0.204265912601969	-0.842283734968641	-0.704899727506383
-0.307678990400558	-0.327917678529653	-0.306470073980264
-0.0165054129832838	-0.455570202934524	-0.414355240210296
-0.1770312018643	0.370083122377775	-0.94846521652511
-0.39927765522424	0.631333437870176	0.563502425690811
0.529231580196988	0.398653594821492	-0.355115335147189
-0.701260680918902	-0.242495721994726	-0.60627332238492
0.237018150578503	0.726098229198954	0.864100753928941
0.518021190345597	-0.297728300050658	-0.755919986387614
0.146620998654812	0.867762119671539	0.187184303074441
-0.285506237670297	-0.554101552396554	0.881446590787109
0.186982048129779	0.562514582993573	0.624360250107386
-0.241838033960358	0.317071850582152	0.130689058392281
-0.00615548466041233	-0.847829763862992	0.704773441955705
-0.165905695195005	0.213492282564919	0.346601752490282
-0.289499250294136	-0.212043973303673	0.34394957223071
-0.469913277070324	-0.0975927024224946	-0.462150915945664
-0.540313570965667	0.522748027278333	-0.724708005679678
0.136305464713017	0.000502811291681407	-0.946177109770205
-0.2648243770469	-0.00881102107124038	0.265309726899998
-0.086112633697229	-0.478754053030318	-0.194426934035688
0.0409914458826933	-0.919128925022914	-0.449635540562628
-0.239677830518963	-0.768086879443704	-0.325900651299795
-0.0472684913922562	-0.266177202881099	-1.26498944686979
0.403194281670989	0.95750085910214	-0.832375183374213
-0.103870080894024	-0.0828990487764431	-0.0881231035704311
-0.218087666403641	-0.245893751222045	-0.0175633440411466
-0.290463938937573	0.0428058792047505	-0.283102294304769
0.336227566733502	0.217233407653048	1.31093058901961
0.42016267021466	-0.20723970411007	-0.0404661026231899
0.203989167883712	-0.325669201253086	-0.470905774363903
0.162740212845221	0.185409333151956	0.348987617562292
-0.256268458620768	-0.367669888926955	0.629736639739049
0.333518828363685	0.645398669469719	-0.11997397067198
0.279406584174532	-0.0168413111809122	1.34409850581397
0.0534210489835147	-0.967080716187942	-0.47751611677101
0.279150383013296	0.452505900932182	0.140763694663165
0.106456736021152	-0.680089774637465	0.0691157096689908
0.138575299489621	0.602782599417808	-0.0666609999576824
0.469973451549325	0.247835731907627	1.3215467047966
-0.263002759677669	-0.079676828381492	0.880848458118763
-0.800100283535396	-0.730494099726666	0.201563136267768
0.162563052043262	0.0303395022407519	-0.194362398623574
0.159848991091198	0.0961798202098722	-0.748308163185388
0.315759846953928	0.590718626050631	-0.957828770253818
-0.219682597756854	-0.326853171055287	-1.03766242022939
-0.359892858888191	0.734956514091893	-0.398011302103846
-0.357577667990764	0.492882836041954	-0.281170500833749
0.283421418350496	-0.0242996721066939	-0.000737989706944077
-0.42600499878378	0.112434488365099	0.0989235898847435
0.275184739981978	-0.69955473281294	1.49492997553069
0.344650667437789	0.554650349916101	0.0158781344829914
-0.250032844804079	-0.762482872257832	-0.418567348752095
0.0146024994675452	0.149196666670678	-0.416472932135398
0.513881573427016	-0.103052891911127	0.196541311715017
-0.106005886850963	0.167359496735195	-0.694143571271419
-0.229160558209367	-0.294177681692988	-0.128539859317542
-0.302225319071764	0.630763169646611	0.527978463496619
-0.560778046856909	0.00331647098872857	0.434919656907821
0.0382278129341935	0.442494671026351	-0.0689133215130765
0.501381479653953	0.0503648173609174	0.723980389862648
-0.358088294646587	0.494942528098858	0.391998980610816
0.183787093983836	0.727036029208778	0.319438923878818
0.124128742021037	0.0542847713855883	-0.531765760704017
0.130665600220363	0.0101039568877808	-0.21830493617749
0.572076611659832	-0.415250438502426	0.355420491970434
0.522352336279954	0.0158235275585351	0.173192736875813
-0.647116415296941	-0.0839187272831468	-0.202357838665581
-0.366835266234149	0.265235839584067	-0.516347959204933
-0.304493140238594	0.280811203270137	-0.36687884461963
0.359527784858839	-0.145011353767473	0.438020294855686
0.0148662330813464	-0.421513506055192	-0.605178556953815
-0.255438203405875	0.490858721327186	0.825058193312789
0.276465950493683	-0.124571436380163	0.151792570977004
0.280416277860602	-0.448660845208199	0.501503413761069
-0.156945714800628	-0.655356871747961	-0.0477514840277715
0.377868433403272	-0.0244520913236201	-0.279062521859446
-0.150864993599609	-0.0312414612802394	0.842191254097157
0.314453264747888	-0.333377222360607	-0.103106598876369
-0.21415767147867	-0.269486789020389	-0.661979371102658
0.0722470894973125	0.0275182334992411	0.137422890844083
-0.49974646481898	0.680181028386938	-0.567721064182853
0.396379215521111	0.0751997486036703	-1.19629874139964
-0.269913493378239	-0.944930496949295	-0.172069566832244
-0.391001013163959	0.691621353816779	-0.221408132487915
-0.0659865660696697	-0.398938722824096	-0.306912102359091
0.332215380717914	0.116230410559084	0.547676324286391
-0.22136669896934	-0.0693966237549423	0.592281811485185
-0.0679640670093349	-0.295258443669565	1.0144985871555
0.601856771207289	0.671290550100528	0.219131080812526
-0.287552183432658	-0.254671606385684	0.0988238551211215
-0.0412190404992596	-0.739676862876186	-0.0823275027447926
-0.216779055125129	-0.241904814217068	-0.228955050208393
-0.890820278424347	0.251015466558186	-1.16967071376921
0.0455602671400887	-0.504911635643123	0.0926877493077418
-0.341172326054014	-0.146613239752941	-0.336196800987688
0.129828541605074	0.319067982430414	-0.665651807474669
0.0590040990183585	-0.0406020031320847	0.146992281483406
-0.0785593670509439	-0.205761595762043	-0.576316540508827
0.201918060340056	0.036146704808895	-0.116137414564438
0.651478916239312	-0.256312297635633	0.0278567100920123
-0.0989063703105967	-0.365403445124988	-0.0362868423128682
-0.018975947989271	0.167099431863786	0.218617532736157
-0.223471956093559	0.115946966544019	0.810647583504677
0.0935796396323556	0.101881427020377	-0.301338733980892
0.523383261160938	0.630075193601283	0.575373218534039
-0.236290633523375	1.03961684699155	0.405517915795242
0.0553110908649622	-1.11440430449617	-0.229198055693488
-0.0204703292649245	0.425343150256428	0.759740300534132
0.513154701389886	-0.378591573329928	0.506483593336361
0.327986104380417	0.690503991384997	-0.756194419786264
-0.564557690485555	-0.310189729353372	0.812235877592827
-0.106997607906169	0.458469135125622	-0.74594378898745
-0.0507988254536613	0.666945651953076	-0.121055226374204
-0.167239998413238	0.0564480272045529	0.284254595787666
0.655715728411602	-0.144832625879632	-0.479628213822228
0.0014910670505158	-0.221650910196757	-0.328135235602532
0.347432670770431	0.511685050164183	0.313782277680947
0.108696818001675	-0.0256263615498505	-0.294566570366466
0.667337227159196	0.273728930875298	-0.112848970476756
0.285463768484669	0.751271549788484	-0.503639475429331
0.539906421186793	-0.857064361104462	1.69972776908959
-0.602222352349343	0.713817056465264	0.409794683526129
0.497977065706553	0.0218891927693109	0.865832588842086
-0.253394058289762	0.955822248273642	-0.222114339400244
0.613030186293548	-0.4448637107589	1.08877808191974
-0.603188964415184	0.741099323748495	-0.768772681869714
-0.350804977881048	-1.8658800010107	-0.728892576831938
-0.612243498483953	-0.659425462709083	0.252180616337562
-0.813039461390425	-0.951549135122877	-0.688465493709985
-0.316608066879148	0.742378598184854	-0.57137547163093
-0.846102342651595	-0.687842460970107	-0.374784889379044
-0.818407671939751	-0.859322637722779	-0.0507490898233771
-0.0438201682741143	0.00451533475510545	-0.656305635298273
-0.563025180002457	0.514070411275761	-0.117135540040059
0.43646953789635	0.59060598048949	0.746234781772647
0.0181066549014046	0.0799825530801559	-0.989612831315937
0.225342749120978	-0.14135175012142	1.15968272947478
0.203469903079734	0.484697623815353	-0.0607137781549282
0.43821112211948	0.0165226051894374	0.635975776794319
-0.066933761169621	0.350445916502531	-0.582581335529311
0.293716810066745	-0.333723499020244	0.272012524294358
-0.531235835142489	0.363696464518247	1.38706376658222
0.243725810016733	-0.238246538578067	-0.25853392115744
0.253043625647657	0.651813871710881	-0.394455522915219
-0.0102718376081299	-0.442347393967528	0.0489644172520257
0.317037673767156	0.0753225008644014	-0.945072273464478
0.113392838818834	-0.292897600321146	0.4616733767077
0.147092899893763	-0.468914787645979	-0.769810169487769
0.396870153611657	-0.00660034791117339	-0.260510221734157
0.611781385546907	0.333775006654055	0.458175113731708
-0.321433969440292	0.8647468552878	-1.05933328091256
0.732142640453472	-0.505728279189659	0.0572363394974864
-0.167753149021372	-0.41864083880758	-0.264675571446286
-0.289249815168555	0.362778770860896	0.537570184249356
-0.0125169297149684	-0.869871427088698	0.517237235414522
0.507995265428616	0.207732518430796	-0.346206930773735
0.328530417404291	-0.393888766582341	-0.312829534957097
0.0749677884135547	0.0293460458855336	0.606284482168546
-0.175306124502711	0.699584482251191	-0.573474434930737
-0.196240676964935	-0.157593713724541	1.45564320612718
0.111273078647289	-0.618463892874702	-0.102767711844471
-0.761099306366727	-0.620134618132635	-0.420295828238128
0.0160128848756872	0.13908590865338	0.103300298152292
0.569341493334882	0.222364977327337	0.0695845191701501
-0.164116691838509	-0.566167659999522	-1.05295155527547
0.0031728814990981	0.294805092037404	0.262452040436211
-0.296015899426641	-0.589128060945001	-0.58732762375288
-0.24153183399823	0.359827673105928	1.37450912757777
-0.845047351987678	0.240340597527516	-0.569555777575673
0.0212004378575868	-0.726475827312502	0.0561328905044395
-0.880405513750524	0.29946737009745	-0.376723092544884
0.0323707315382973	0.22439956188611	-0.566862831230411
0.0737142040045227	-0.484698876002694	-0.530529180769803
0.258524676112646	0.816286426880804	-0.0508863990692216
-0.0528485621741469	0.804810536040463	0.423890589644928
0.0606605129972687	-0.28055641654774	-0.279805543802612
0.656292439099567	-0.173036429552188	0.938491669194614
-0.175158591962321	1.07846953737986	0.342962115879044
0.403992514193209	-0.925883031223717	0.12270619902433
-0.302219507895612	0.581556129283564	1.01678009836735
-0.165551352255516	0.372676072170419	0.0893556696366397
0.415705726503274	0.576336012388797	-0.21233817380459
-0.157235251762875	0.531284619878103	0.380159225551158
-0.0286376856990172	-0.365928475232091	0.632833379480214
-0.167841012211574	-0.180646371238938	0.737119588435477
0.230143034491517	-0.0216154982511507	-0.658520319215518
-0.126792899697437	0.268435639083036	-0.289514372876043
0.574404526359927	-0.0448552905628042	-0.861217220475692
0.302147437062719	0.01908068478379	-0.508424632832142
-0.271510134012599	0.319696892778806	0.434172650201409
-0.101864931558826	-1.01024587182999	-0.188100293603266
0.0878562625567814	0.916480026485713	1.33242256213463
-0.4655111733193	-0.606574265470468	-0.271959842416881
0.268159106855853	0.752444918391296	0.102222689023712
0.567040226244316	-0.450857969261149	-1.52769279282187
0.247438979806753	1.04000827870005	0.0363377485465562
0.574045343319038	0.353759983575786	0.226797107116633
-0.527814992065068	0.0703867737312345	0.279736202637546
-0.241259551198956	0.226100122851447	0.671775801687256
-0.225680143020327	-1.24561728188671	0.0533768697843416
-0.402442198914357	-0.14969266800119	0.205634206185814
0.0470973914320277	0.0311973467592456	-0.60546587580468
0.0604596748464682	0.199622754600151	0.331716124132709
-0.314581109865744	-0.286238971610992	-0.340651375023803
0.283766195779799	-0.322930991798307	-0.331704323645702
-0.0868192820479373	-0.995438857903183	-0.442409619750556
0.0784422918767377	-0.702270423670897	0.137310712750312
-0.940047324300793	0.421239948633727	-0.949120561288494
-0.485376152618875	-0.209640090609681	0.358329090866738
-0.541761539459889	-0.268534442059614	0.132003998836857
0.274551768211788	0.288977269594524	-0.953703030621694
-0.0451736410049868	-0.0726811996181981	0.691652071466896
0.317150908374739	-0.1264810552072	-0.0034208901010066
-0.467882893069487	0.611802873780276	-0.0444216568662565
0.724726642953833	0.0603019847569961	-0.454025953395986
0.146852080998194	-0.547636460350801	-0.99602406236437
-0.328242228372353	1.21287888511866	-0.286025576539456
-0.491004718876166	-0.180141043640366	-0.112437676244962
0.129264330378519	-0.0752459267777089	0.667592188380944
0.386306709654647	-0.151085542520574	0.0520935848695303
0.197606169481651	-0.239126648292955	0.584709511410968
-0.12797428637563	0.277804881460866	0.195494768098372
0.151479544411836	-0.105222009959232	0.833619201756786
0.366986452920212	0.093367880367424	0.199975495888983
-0.00628997461955811	0.492310083540776	-0.369191353773598
0.533146022523085	0.460294083433013	-0.0885657618041389
0.481663236120508	-0.504249757376525	0.0840582181959997
0.0570650266356874	0.452610898855381	0.300645455707178
0.433835833260232	-0.720009797617143	0.668732444265952
-0.557153137950662	-0.372463418980782	-0.00236410234718697
-0.203374797418993	0.647237396882539	0.654171191779007
-0.119518806724164	-0.653626330173667	0.477895090406112
-0.146211571312742	-0.058223534785352	-1.25851223025205
0.315426441700399	0.312281119610724	-0.493204968389001
0.0890761798096394	-0.237407833608942	0.351919857440484
-0.023574346326881	0.361675960157175	1.21633050208702
-0.21219926112222	0.121544769477672	-0.18577083188395
0.00994843397051715	-0.455697580057389	-0.721725929923153
0.0620360565823164	-0.541300612837137	-0.693328557715185
-0.0322672914497511	-0.32990513937298	-0.192548668121122
0.293219576661585	0.166638760547298	0.124476488504585
0.217144622783526	0.443406274139577	-0.737391085110586
0.114047806334511	-1.29188676914437	-0.567422950093362
0.193955672589127	0.093396136374762	-0.294808862316014
0.207872093066525	0.848984206327659	0.347152189888948
-0.107542854154297	-0.208826724171588	0.613250805749496
-0.0533760747800922	-0.338270188842391	-0.0331978481346278
-0.0374743684116033	0.839194856818619	0.643640516631786
0.124866594763238	0.0959219529537841	0.281188152297606
-0.242804341490849	-0.211476363109573	0.453891318786926
0.714237359894195	-0.483165779053203	0.621438421829572
-0.018340811255585	0.685006407555521	0.648052828425934
0.128793099947979	0.828187286410035	-1.55495584339149
-0.156977477789384	-1.0845717605516	0.842937299622411
-0.373461285728114	0.412260759482669	-0.689126030707743
-0.57644698490939	-0.551739408209144	0.458805159589235
-0.183552583002096	-0.0640454317008739	0.328889797332882
-0.252019502995862	-0.199889656073666	-0.581198429530184
-0.470782889228035	0.0593399816470096	1.13688411891169
0.349637679363366	-0.265572126085354	-0.922751035429894
-0.419429407245783	1.51907982638285	-0.321516570085983
0.209181048685293	0.0417932892971456	-0.145835099817462
-0.278046831262081	0.283600713997699	0.317415925138475
-0.0882688089493794	-0.972009257511601	-0.476776960893736
0.104118441805475	0.142459335850336	0.135511632621283
0.438530383900884	0.816024712602876	1.04209858740779
0.213969464036083	0.0833181212959298	0.313713572004714
-0.0132213671941975	0.291022682992437	-0.382664770280914
-0.157463023291068	-0.163713165728373	-1.71327576580187
-0.0679633933563156	0.689202958148727	-0.0960771182476725
-0.0489709542510361	-0.330992923917802	-0.984388441947555
-0.536398758725451	0.149541136726452	0.12480993933962
-0.322821650477344	-0.681761302110799	-0.501848625030246
-0.405579576502542	-0.568971053004284	-0.621812910008233
0.0950686192287567	-0.676688671087976	0.85275153355243
-0.292929665957857	-1.04166590944894	-0.308191222477876
0.0129467240747371	0.451760710404154	0.934292093747432
0.0699402799219556	-0.546526274906121	-0.234253677926308
0.409674591711773	0.039946135960526	-0.0229657428969131
0.306626740035204	0.344588233010042	0.335696280522727
0.415559428473535	-0.101608219548576	0.0729798105629039
0.268650132141195	0.499645946571678	-0.166791979385712
0.114059421987424	0.400955067477498	-0.265093799151632
-0.525433042239832	-0.00223417999182654	-0.477892407510035
0.0519737558441652	-0.0903334491862398	0.384112259718769
0.771735746975919	0.606739643134754	1.69689517366596
-0.0110359564593684	0.237007822156905	1.14267807660702
0.102215964050596	-0.0840624690658101	-0.0652630314471103
0.0487789774742005	0.102364248085274	0.292214858750104
0.0119080587905689	-0.398419112293647	-0.690750890879575
0.469856268244289	0.0187076850502327	-0.0702021988277657
0.720592152229456	0.318458984773796	-0.274082921339913
-0.151886509174968	0.124277886570198	0.215704669142845
-0.17823803444421	0.494625134108224	-0.93761601502873
-0.327125320971696	-0.658340734152748	-0.681928125041568
-0.0553594563092223	0.205937685718756	0.172998374209378
-0.42581393534561	-0.349708115033298	-0.336830136559751
-0.025382717934361	-0.140395693153702	0.930841078708188
0.117412833934046	0.945067990946727	-0.39188195382146
0.591551182384048	-0.335484298112811	-0.10682546722143
-0.431644380930612	0.154995731656181	-0.330110585668496
0.000109760365886348	-0.275895710421319	-0.56893551398466
-0.588850763378603	-0.327436745759529	0.0707768565370676
-0.310515845721003	0.127363240632651	-0.54017474872757
0.122535816498601	-0.920538679496045	1.15293742289844
0.0749281675083431	0.0228667079739361	0.536369385211731
-0.00492379078359508	0.377624348385841	-0.984125659539982
-0.664093867350056	0.2988361768401	1.07223215716377
-0.154678013013319	-0.226844587729815	0.437879791302211
0.0663003600678322	0.269116928791179	0.489372363604339
0.392920316946516	0.605538454146401	0.518106495178953
0.311922008391868	-0.442624508387391	0.132080881567866
0.191570916458618	-0.222041967625825	0.114815659250039
-0.0033489477264003	-0.2086333957653	-0.875721277972796
-0.35525197689409	-0.117104385989245	0.568035551034818
0.213861751597704	-1.27546685237816	0.161651045810857
0.0383535961923445	0.71147765714954	0.901383240700053
-0.385195538931172	-0.274369435722432	-1.39815844260864
0.420715635820658	-0.362338051080006	0.106413129656266
-0.240408195245598	0.828784906802903	-0.442682492544822
-0.103753967710623	-0.123905043382272	-0.0916105646440521
0.0525160521620289	0.120080058314367	-0.41329297288481
0.458158449075841	-0.0160011020589695	-0.905206157994138
0.377778806382802	-0.807052631388065	0.164562212746978
-0.207183215232159	0.794831844577538	-0.299888689608699
-0.10995347675682	-0.378065275491706	0.397077683898044
0.850276764036552	-0.573955490037891	0.522072800758291
0.102502252290578	0.119056651682562	0.348136133562826
-0.0568326944614632	1.36826416493499	-0.101711313565282
-0.385553791469901	0.197922642805768	-0.563880342789649
-0.461187324646083	-0.0501530555119644	-0.317553828352196
-0.228779802701574	0.0426153193513873	0.0111370592149742
-0.517387852528901	1.06239277107278	-0.249041674819361
-0.385493503870349	-0.10809331863229	-0.243942715613579
0.157389539138949	-0.276404227372878	-0.669957529630464
0.158848698775752	0.902970668157532	0.660919083654544
0.608504529180593	-0.00282221584860697	1.06477276418351
-0.142786397787736	0.310459174128752	0.887509964303684
-0.18969717971336	-0.886531446359461	-0.167102700207149
0.442792188377894	-0.282094147316618	0.00992996000917013
-0.793277161594293	0.101607836588317	0.116222055847918
0.352253739398498	0.13078640549048	0.168356766952554
-0.454618685875874	-0.39487120297112	-0.23146754128058
-0.396068317064415	-0.174191931664478	-0.398656541940783
0.0620292976085108	0.647026958651991	-0.239019824547025
-0.157786164276577	-0.316009435653164	-0.446408434145784
-0.0251416188475914	-1.09684752788593	-0.536648702863802
0.565498305293467	-0.435368965619486	-0.928049537541151
-0.167548992902172	0.167890087504994	0.42310719418688
0.509964826486194	-0.0839970544152392	-0.250323725339691
0.599997851479971	0.265015070720475	0.366786638487497
-0.0180819462868153	0.310348221560507	-0.600476443933067
0.230341667245529	-0.404104862874765	-0.141132939992497
-0.0306474395882	0.326155190540147	0.265947254566605
-0.569157870221023	0.581407921860525	0.490582716174838
0.140099153080934	-0.608094354843267	0.651242876665464
0.0683143963674397	-0.249943381544787	0.812884958504716
-0.135103908431483	0.152893426955118	-0.397317485686228
0.188620868625071	-0.505494880734529	-0.588191049849691
0.143855045701361	0.10431114842985	-0.0929946818604461
-0.00791986034990465	-0.101024572361568	-0.460882245574662
-0.100502846176466	1.22399550782191	1.15495676128031
0.0992309113915184	-0.0408100362350178	-0.120436478336759
-0.0539482697447921	0.0263744122768202	-0.272222492930134
-0.0755614381260365	-1.02854207185299	0.84769082014031
0.441621855013457	0.0722983138033435	0.205867009063412
-0.425073533283233	-0.196466993130919	0.701900555516717
0.0550234122991133	0.372626548989104	-0.10120550555571
0.628348176288929	0.298689950363942	0.310573453821291
-0.0410257639197365	-0.690201083848414	0.651876437931198
-0.223419675309272	0.0281167866062658	-0.348089552360558
-0.647537979533132	0.193751851685072	-0.810302222951142
0.67240419482997	0.196694513984776	-0.208227726515395
-0.510223576999236	-0.30006177784599	-0.332373595426524
-0.367120703023748	0.855413907484126	-0.0618853076011284
-0.441046786251473	0.0906707934837034	-0.0444517712752372
0.643730301353835	-0.257184014967001	-0.371940579144105
-0.190283401753735	0.532374023897798	0.157794240740149
0.49677110794825	-0.247380085930078	-0.439762565647263
0.335991959462342	0.172137848623793	0.85759777704503
-0.251380942121224	-0.488810125274015	0.67002991108431
0.431465922336801	0.47788442979875	0.300497337094279
-0.0477106344908121	0.134328287467735	0.439954408736912
-0.156899789358073	-0.658218428011187	-0.267985849610203
-0.749195643096031	0.0436425067749776	-0.395324805530952
-0.0204280260157324	-0.253616842864225	-0.774406280471722
-0.893681909019674	0.111369178693376	-0.0680638020005836
0.149868836951637	-0.739779820318103	-0.373275973894185
0.0878739276513913	0.610207117168617	-0.116319572727468
0.318385911605948	-0.599447930599408	0.115540913036784
-0.349498847484252	0.646018689996187	-0.736414443687742
0.338175334092982	-0.227548161601257	-0.00363541940907865
0.576565940426617	-0.00817323417030563	0.148681465863715
-0.191447281007618	0.720956736822419	0.598169424859981
0.481634853068599	0.436280648991657	0.582427034975027
-0.22394219302716	0.323763469658262	-0.913963545814502
0.252969689321214	-0.160110879994166	0.528954379624846
-0.0161577784093448	0.112601466344309	-0.56744295563613
0.012331457543755	-0.54692327239116	-0.341399714845843
0.259738859942015	-0.113325826713889	-0.860577752685813
-0.220196363178607	0.244796838427438	0.608372449601904
-0.20386804999284	0.0603228675889175	-0.0399162345332223
-0.351733321089465	-0.612242812828098	-0.283390079807771
0.285779225420432	-0.0300701194218578	-0.0920149980039279
0.149997621320853	-0.277474884498594	1.55572079237222
-0.161177909879408	0.562781760506857	0.23540298880987
-0.359392372445642	-0.370731345648266	-0.832117257651444
0.10572914632918	0.224430605104958	-1.03716329918501
-0.318074418391491	-0.245627239043813	-0.388298692742327
-0.394655847155343	-0.0596373137430911	-0.540206411667204
0.290291678342924	-0.453949478587909	0.588184747636563
-0.0497018213192839	0.137757336078883	0.590276525592834
0.109582471908895	0.272608982757912	-0.380328777681215
-0.230258178551037	0.15415537918021	0.251362842635359
-0.210807571668443	-0.814180423085356	0.392676686767573
0.520774219364295	0.490650458733537	0.822070903623109
-0.109647725086828	-0.728856267776941	0.645438689759908
0.202657639212064	0.658840487108051	-0.29138896546292
0.363370222321437	0.282310930507724	0.614566408416018
0.18955563521565	-0.21877726995951	-0.750969004072676
-0.213861110884754	0.392302994757981	-0.160776295493706
