MTG	Put	VS
0.382560190476942	-0.504087822668342	-0.022529491127652
-0.263713407716546	0.0148030741661576	0.52745805472241
0.139859273566157	0.160099612419371	0.85112913052953
-0.520629918668653	0.382834964041355	1.11046515734912
-0.190185996145192	0.310000300413745	-0.737733672019674
0.672531807106985	-0.371474326414631	0.191500842736655
-0.158478386046275	1.03774959883366	0.118621475244336
-0.0964391899392469	0.209278594026198	-0.646446235374018
0.360056157768948	-0.503296396655024	-0.0710117188479484
-0.244950660013274	0.454905244842231	0.958777340880969
-0.337652751906119	-0.377475027513181	-0.92212260397122
-0.0929600140605606	0.689929734643915	-0.0950527671053524
0.0708382647363767	0.0265059295464131	0.0823357028680647
0.709653506392263	-0.751478198021141	0.15844827096575
-0.431705723600119	-0.101159063957672	0.0497734040861996
-0.0299911895664084	-1.21255771500274	-0.506563170147004
-0.201609962260362	-0.199036814541313	-0.0818971860989077
-0.0688502828062642	-0.502380413407421	-1.95833947846709
0.0153415080897653	0.371448064127878	-1.57448378741802
0.0090282464784463	0.0778381808186816	0.647813011021293
0.263828845025034	0.606834564261211	0.365311508952809
-0.0264547825906195	-0.109577380825446	-0.127750090546146
0.217572264146732	0.00729957606425235	0.628008937261104
-0.2174291231577	-0.379068740114095	-0.148003820631097
-0.359753484193815	0.183261384832743	-0.534014280355142
0.0285544567605205	0.157310996669103	1.24942317098976
0.260801238641127	0.289624233527534	-1.00121231876949
-0.326840673914506	0.30300037386199	0.648266553167038
0.00956583622757458	0.405102736275014	-0.337574331671968
-0.238145516096684	-0.195123798207895	0.624772600352136
-0.151941030945439	-1.29139471865347	-0.963360611657531
-0.0343379838321348	-0.384504886276396	-0.854955189417411
0.369962256635183	0.423352272347746	0.360701965241088
-0.355986982302227	0.538589572721939	-0.247972386706629
0.405200866884074	0.123049147765502	-1.16961757603265
0.482344478040196	0.211615696594043	2.43227022554921
0.137884824794877	-0.317488825671849	0.12294030650333
0.241557329391775	0.547210614731552	1.36289815119702
-0.250918581807393	0.142654864449309	0.00250069964416632
0.4114593302941	-0.470968057112092	0.446395850040112
0.442888305108829	0.0794970635361542	-0.389084528855619
-0.054859278461971	0.598302739653584	1.3499277695791
-0.096373353809073	0.0843581975076589	-0.657749788213347
-0.576017715375546	-0.654633713909818	0.226871676453334
0.00157442020831356	0.00357060615860254	0.211159075476934
0.257720495527065	0.11466861001067	-0.546420472123292
-0.410462720906114	0.114908047635064	0.84600749663352
0.279292339982569	-0.534414953158398	-0.902656431062653
-0.0787218556890889	-0.289540661035769	-0.320228525718455
0.279758355711866	0.97610960148642	-0.907596686015754
-0.226594031496234	-0.593501842257089	0.91380901231669
-0.815662485384243	-1.2613515923651	-0.46987511900313
0.116758827705266	-0.0884348925696574	-0.295712330647742
-0.20479644465251	0.398943211176425	0.297370986135936
-0.089571666662743	-0.364468241319791	-0.0757101476338756
-0.300295360139522	0.316262069715076	0.761943435014831
0.468335248980392	0.71075746019226	0.277081646638355
0.290802584581187	1.02588075572159	-0.232806880320394
0.100542290981398	-1.11068119155053	0.772504992868117
0.496122647982822	0.640635174206099	0.414301909531036
0.080064758186725	1.02014268006755	-0.684163068386733
-0.0641312888895928	0.254495359891155	0.867045054983175
-0.0559412548357937	-0.450019938417741	-0.0113464171086402
0.275110356738194	0.211698565667569	0.980340957547
-0.173332332482823	0.176330034422366	-0.859702451425187
0.18229508349362	-0.481607809268515	-0.880837636032579
-0.662109302580759	-0.514047126268358	-1.1794537188561
0.188191763757137	0.18349498649351	-1.29627439650526
-0.33485106864743	-0.767144022668724	0.270344835184999
-0.0626303020853964	-0.0509418945260911	0.296433593909652
-0.113960582561708	0.169018342825817	-1.78802772304633
0.730757264919289	-0.0755507509279788	0.0856803469830982
-0.609991140247896	-0.266496159910017	0.163928575061542
-0.446192589409496	-0.444622053094461	0.513538183394489
-0.044377841469362	0.136687552094844	-0.0841208821680105
0.834751007507606	0.291903785640425	-0.177966982426776
-0.335490560535885	0.205631452895241	0.521187820148647
0.0895277618033615	-0.469582950617402	-1.10806039993614
-0.453466616076568	-3.08306232609952e-05	0.0519249270716117
0.511337821063174	-0.207690644405956	-1.24768436341531
-0.278633872153146	0.734098153452343	0.589838027652511
0.0995505630994498	-0.0973914021254818	0.152880912428176
-0.314254762478568	0.488655440914845	0.665139908642616
-0.16678795866534	-0.205927242797355	-0.273674190425944
-0.302466140870973	-0.16211530466483	1.01386036794189
-0.113642697722139	0.332832767125057	-0.141923222424002
-0.21004196182124	0.0764110927897539	0.79002617243215
0.639759196951474	0.851441609966349	-0.403695770415103
-0.0920178937454131	-0.371486114732634	0.937221980565032
-0.0886158895414429	-0.0681797469497353	-0.585081143526763
0.0477106008467871	-0.607335330465048	-0.331620386394284
0.145029893501506	-1.05887487796823	-0.674189181368117
-0.216122544162368	-0.0875186181011186	-0.537130605929886
0.0777102019209455	0.549238582857081	-0.137422447424373
0.63169590374497	-0.010944822085984	0.0724621872242625
-0.141493796659574	-0.465507241917124	2.20902321625951
0.308936626957758	0.0603553752026092	0.564121949058692
-0.133498813018715	0.442186060604744	0.436889265658994
-0.0853492561501105	0.282732549295629	1.03618233658558
0.270016998396825	0.446472208068552	1.04022539700764
0.420012215564358	-0.161980345663862	0.149333422533523
0.288508439380203	0.306577831803705	0.164266586216043
0.177416472291675	-0.139040760602029	-1.18910233179063
-0.347777906812975	0.338919239137156	0.0963456632572468
-0.097123363702578	-0.93767314273451	-0.252851866771074
0.170541493374642	-0.0235386038905873	-0.388911466496479
-0.379327692436561	0.488233400397529	-1.45894672188979
-0.0754698691398147	-0.900306502353199	0.506215448568249
-0.287670291087251	0.966826884399624	0.599007620511547
0.0538580394064957	-0.00426253223112684	-0.402010982026965
0.422625891923383	-0.0843372679894827	0.596813636689448
0.751201319061069	0.293919561672395	0.703120555633084
-0.21268476192882	1.00440997577649	0.573080919490376
0.278675039636335	-0.528260255838184	0.0394481491632649
-0.340610520404485	0.0898482809923741	-1.2328245456395
0.164006060743453	-0.649391749216701	0.489579533663811
-0.118218633705071	-0.87585302043584	0.565766426898857
-0.480105080752674	0.401186495756629	-0.583700198563961
-0.144048484972864	-0.716635580036722	-1.30408646370534
-0.121860691081049	-0.27553124221261	-0.681202582567903
-0.128712685201161	0.472021070595135	-1.43608434765308
-0.646844004080454	0.210330350239559	1.52810664688301
0.044290775259257	0.373354899834583	-1.51779914362241
-0.154951472606895	-0.510569296547662	-0.486469949780825
0.323328215902651	0.863191580633786	-0.354896282298657
-0.0770643466089949	-0.276818948320129	0.44394369124394
0.447101774543441	0.626151258492005	-0.355381920329619
-0.436415839966184	0.107603436715697	0.196067733246794
0.0547636656090297	-0.797866777174414	-0.656467622561283
0.284115006694612	-0.037351128529243	0.0595343062640791
-0.0632240125321149	0.689740261370867	-0.737952989253339
-0.589131152182918	-0.106489326577446	0.692378110892472
0.386470510007315	0.109475615477142	0.683165217913175
-0.181971453162716	-0.184451358992804	0.572634537896568
0.0443169146037791	-0.481728233559686	0.75920475627114
0.65815249460367	0.792765957821908	0.467013228443085
-0.298394034454097	-1.56592645164005	0.0699255818087659
-0.0247666144158589	0.0786606220657484	-0.0490889117370831
-0.345545866795798	-0.432770551588289	1.18958883796523
-0.110805468829823	-0.110291135462408	-0.33730917883638
-0.0524709279299276	0.68286345351934	-0.19807355450769
-0.502629682812795	0.459571294946154	0.0439981248271206
0.312336605039075	0.493580786003472	-0.961161478850289
-0.0447612890750596	-0.356843387193917	0.376223663979508
0.388525631137458	-0.55578406563447	-0.785341737736634
-0.188965059561235	-0.0407914497317027	0.204197535361677
-0.078830708133594	0.226981788604604	-0.806608013895169
0.0689178817343135	0.965980385874972	1.32456791110872
-0.030588014876088	-0.168615883870697	-0.248574704511373
0.196649867163609	0.144807624368529	-0.0783233777137448
0.00044044133414194	-0.496108470830232	-0.730785850763652
0.550803137211875	-0.226426949951259	-0.0214136881092251
-0.295267837797275	0.591782926536862	0.393913308283328
0.261748363780254	-0.119682983797126	-0.163230553636142
0.169039645395325	-1.48072539651478	0.589298117960602
0.0451615712015582	0.494086117669746	-0.419934369627768
-0.352155135757828	0.338320390608328	-0.2901436960839
0.0870963350031879	-0.103904018944438	0.160231585963842
-0.200752997817812	0.497498804372762	0.936061378464646
0.331470409415376	-0.327652099175582	0.387580977473698
0.128527983022993	0.48388482575559	-0.418866785734816
-0.118131672012043	0.324975176499192	0.146205495707334
0.299295330788981	0.0770260943585047	0.187442184118399
-0.0822904539941032	-0.0136907883300547	-0.163166664998911
0.0854897920263836	-0.508862764420235	1.10888973983094
-0.041505310834361	-0.348179900547861	0.217492566399035
0.0793355119968016	1.1152196606595	0.733599132814419
0.40800046465448	-1.17599268935473	-0.214085465791272
-0.621507611849636	-0.0974271198009279	-0.593361497898568
-0.0279060275118227	0.862602015516087	0.00422001547650918
-0.170696668160494	-0.492895942664142	-0.721126580043771
0.485768378934858	-0.359737550595995	-0.713597914108419
-0.320655038490458	0.418848047381986	-0.48426305781622
0.259686877975135	-0.792325428498148	0.917781208361396
0.0187207684378255	0.402996282596238	-0.821883590392539
0.0265004121916366	0.0225432725555618	0.816907732945742
-0.0495988110169644	0.131058909976092	0.016763945762093
0.527379577577693	-0.200389736845308	1.31286856406454
-0.49379862036322	0.434850893490436	-0.653808323865302
-0.284037976060755	0.569452519285917	0.263097961904655
0.172285576872023	-0.845079131014906	0.206434717232174
0.220172414881486	0.410531243659656	0.208616031273251
-0.346508591578323	0.261704621286795	-0.61560627477036
0.0591307312339517	-1.15214625973553	-0.030467116146026
-0.469731100586857	-0.277461753803175	-1.29001778078771
-0.0997382944868365	-0.0919338728515846	-0.629654881454658
0.19002750405266	0.0848891124682588	0.129077346065875
0.181896402552573	-0.182217541668869	0.273986406027103
-0.0770962816250685	0.694100707569728	-0.170376956733445
0.204260606683103	1.02814735072734	0.168708001306806
-0.00129837501992659	0.893004889917416	1.4096321043282
0.31311624079139	0.481584115983402	0.529146378382962
0.454924239504218	2.38890010579313	0.778474327464195
0.492005718061851	-0.673176854337726	0.181542386046366
-0.154269421994594	-1.01719768955312	-2.14538281030068
-1.4420464633714	-1.58150990499834	-2.19178369620893
-1.0390376871738	-1.87007694930824	-1.35754947479195
-0.357291424801641	-0.457633576049783	-0.706372835234183
-0.540670721118887	-0.0261844179553529	-0.380413822425944
-0.502059965992637	0.138400554220339	0.603565023333667
0.563247544544462	1.09190580371891	0.208322751369931
-0.00970463114419605	-1.28408157786072	0.876205069035079
0.208133778116601	0.568067601271775	-0.306646657398757
0.233750602629552	-0.719566662028645	-0.310192955834247
0.00587603547537354	-0.198863968223431	0.549170222100723
0.013999555561652	0.428909866515642	0.140272948612188
0.0413248197670349	0.0100025668087427	0.109616066989445
0.0957872977188989	0.299346481654812	0.642430961851132
-0.0836021477968473	-0.658923205313723	0.172566328289548
0.505906680556736	0.232212278770207	1.16489780389274
0.314144696012391	-0.568606504906799	0.202179487243846
0.107886608616025	0.0823233941965646	-1.34929604823874
-0.172080215003105	-0.500778628708739	0.58943617554517
0.248099269885704	0.837306706519335	0.499921876475885
0.376014914597709	1.49268899979491	0.335597492098352
0.0738504993096538	0.711844903606502	-0.378305023887327
-0.130825847794176	0.280625817450206	0.325828982550512
0.505867742086625	0.692626477830089	0.469932088529227
0.741770658861325	0.155868097567361	1.29218935905579
0.188895417711476	0.018084314290106	0.0844765657666805
-0.290811749047049	0.00386877077991871	-1.11540995904176
0.107671941262203	-0.231800406022236	-0.356756815378443
0.449886864661674	-0.0330060271200997	-0.489422746228553
-0.341460114738654	-0.301798446243277	-0.80663908897966
-0.16231672683588	-0.26859498863401	-0.271039499797483
-0.557879367642746	-0.323517134180742	-0.280918661893344
-0.234580095661119	-0.890686831731878	-0.308578333644307
-0.578097805315102	0.792543861656626	0.428591175367179
-0.485536490923361	0.0125221581744195	0.549769657780412
-0.0226956081921077	-0.486847295405556	1.06092637821967
0.0229870030610912	0.737840853672971	-0.223229342218088
0.0628314798002965	-0.306340379942235	0.0735585243060103
0.0345391981893661	-0.271964831237854	0.219597117609831
-0.323757892967621	0.584754257829406	0.996213766321411
0.169835770578706	0.0214090103493008	-0.687254747078757
0.347672229379902	-1.35342082521956	-0.265188438601989
-0.292981450421351	0.855068017284804	-0.0206756215857262
-0.193081774736981	0.647028174405979	-0.31672115170311
-0.0788242566593355	-0.423507906462239	1.41655521480366
0.569203977501433	-0.254955781207945	0.51341000480764
0.1076032344099	-1.00749580971147	-0.0604736428638068
-0.522404763498078	0.629886689949712	-0.482018319533646
0.0290264302967553	-0.022312754628547	0.254567423599585
0.0314180528030796	-0.885809845444161	-0.996550418184074
0.166323248133117	-0.719714513583074	-1.64395025419476
0.749143404018144	0.382168337763979	0.213240635406899
-0.108638482243455	-0.457262601382201	-0.673282315872752
-0.295485527267882	0.80940951881482	-0.0901625361432679
0.403805934432553	0.425361228900685	1.13414239870006
0.478046204556358	-0.289651874606009	0.613214292906104
0.204350518579123	-0.40189299520666	0.0184631596912764
0.0783139928820642	-0.206865948909728	-0.219967616821803
-0.360966373052298	0.600321498896419	-0.170287098508964
-0.445430198613472	0.202633033585883	0.355660505407965
0.704056724238125	0.0733066932309216	-0.784405674195271
-0.41835760126583	-0.552956550218279	-0.657905216072513
-0.559628699222645	-0.00883845180479472	-0.45303631269313
0.276094810927	0.00624527605400992	0.73949394082727
0.274964613396814	0.435923159637311	0.60626980116445
0.317460147690546	-0.277327193778859	-0.0777484802966923
0.104993169008389	0.938665471700825	-0.452845648130423
-0.351873725316215	-0.0694893449077658	-0.047222859531021
-0.534991143093998	0.919016611324878	0.292465611429054
-0.248164239414411	-0.648120255153267	-0.0850598944446774
0.289282420708117	0.792364954330573	0.628300959448511
0.0439917858304995	0.227768119926803	0.337096261385432
0.2387391223485	-0.405758416961601	0.901854790876295
-0.315931769219574	0.173476952186061	-0.36738867001614
0.0109107128067747	0.0848910784067414	0.331884407202466
0.53718067733047	-0.347232100000461	-0.556202825462297
0.354398016346511	0.0662078459496579	0.210041194108407
-0.367448794724178	0.604785379224627	-0.0416312023169681
0.102451551472824	-0.429089595285155	-0.19232673959658
0.24218914292966	-0.452864371334325	0.123671705236204
-0.279696613919278	-0.0420169324772711	-0.254810440832
-0.258809792775176	0.555838658456253	1.08521726422964
-0.0246701253567196	-0.526323739422729	0.957528584523074
0.227208112277997	0.110316458216309	-0.931517458147987
-0.520816636514906	-0.348908269835814	-0.216087282262385
-0.0329364946142885	0.0809026646882615	0.133290199833428
-0.182072140000295	-0.644278048403671	0.490920944314398
0.216544286836953	0.30508513292807	-0.692995510566707
-0.266966670565743	0.302620880883683	-1.03345292298446
0.210420171763259	-0.557753085462948	-1.16436943840937
-0.235092233531599	0.287751134654292	0.633052530514876
0.209535487252819	0.117692770278486	0.321024402702787
-0.289034178861735	-1.20900002232574	-0.850134375149425
0.261909083703914	-0.448008576008894	-0.267306661907233
-0.590579410399825	-0.320159992046757	-0.0245971242512366
0.101697258832902	0.961750315712376	-0.745100342172234
-0.107969893361481	-0.498370580639063	0.806570626949105
-0.113553012158987	0.139627282919183	-0.267320628268384
-0.64961561015613	0.169215021604951	-1.08995610231434
0.530618400653757	0.522435829428128	-0.036865675785844
-0.0334283868428377	-0.2881975866187	1.55333258004925
0.366440590298258	0.696376434370766	0.130824701745204
0.790887710309527	0.524824902107662	-0.568146324454748
0.695297548605564	0.0142354764913097	0.757176788259987
-0.329765508500397	0.675336772278785	0.364284432306869
-0.108974596535741	-0.986819233831847	0.86115015465581
0.362641288265118	0.57076641678085	0.121262730050693
-0.614358119785666	-0.583009378527396	0.505020357967683
-0.192445780174265	0.0595843143006091	-0.609364167263786
0.190329625601364	-0.251012782137554	-0.128034082258527
0.374577969620481	-0.0981427487586606	-0.237209844867368
-0.197696674822631	-0.313583405726596	0.254237717787293
-0.0988662334526572	0.119018328608022	-0.615547976666621
-0.472568602635941	0.704556324989592	-0.686164818557727
0.0898390705911986	-0.167413498347426	0.627447591259431
0.0134232420860871	0.115019834222306	-0.766711445742397
0.249439735573268	-0.139389634361813	1.49685365345597
-0.530980565923959	0.124870213160932	0.501567675009813
-0.307380036697542	-0.0545477459107987	0.0650877578666827
0.424140701698815	-0.288233645615176	-0.439838357430861
0.0693859293842323	0.342065171782984	0.633713740681279
-0.374477024599296	-0.0343497483817731	0.148943409410394
0.0255281503043397	0.265652584773663	0.482880116472395
0.296819845745037	-0.321408154435639	-0.269188727494751
0.537816721504779	-0.0942544604323099	0.362551721832683
-0.0412370744536763	0.230339129037134	-0.941006503385642
-0.209562316098456	-0.269364064353566	0.679146649003822
0.566021500349582	0.567293391596836	-0.403036499145355
-0.628251561935735	-0.166983840164809	-1.3672545879072
0.0624810106662732	0.191688158342231	0.538026612930152
0.401701324114534	0.623386337894932	0.128223997315579
0.301048025355512	-1.09756546910208	-0.897972981119364
0.571579621355682	-1.2220972041672	1.19763088813615
-0.0891449411176635	0.509813102179098	-0.816960391700442
-0.479283314374877	0.0905400661298498	0.167212107621181
-0.130649429565998	-0.0619140984332282	-0.536351276050222
0.0624735420245094	-0.407260402253821	-0.789854139508307
0.143734051882793	1.00339860192916	-0.619369803354779
-0.125498190077919	-0.828798085885591	-0.299697035705045
-0.0768369296090236	1.01540457097938	-0.862267747121271
0.0874876974592562	-0.183277983001614	1.16712096034297
0.15953999886182	-0.688058172062541	0.305085527768656
-0.260168102656037	0.758393962257997	-0.337213723481667
0.18347206125444	0.0412946177257659	0.574068486689836
0.170863554483056	-0.626409491488702	0.190348761384791
-0.674594340046035	0.713969046011776	0.666374602332551
-0.480294283885228	0.0637512972376713	-0.27345383974452
0.39719642446238	-0.401541446812543	0.438669954395191
-0.62619791666384	-0.0457559082057077	1.0065346198763
-0.350106081698651	-0.274773473848165	-0.796437767152934
0.205636928887981	-0.929200423105638	0.0149951871944817
-0.00157944133653627	0.000753403057215661	-0.43689560970133
0.360693609321338	0.723931343366611	0.464961800629569
-0.377682741109216	0.22516113212354	0.49048513482747
0.260048406196456	-0.278946794559289	-1.08607050300972
-0.138614121129847	-0.512939329942966	0.0607245256400675
0.690087577471237	0.878190403654559	0.49661409073625
-0.275589451669968	-0.198173938149957	-0.36923963246636
-0.394518585540858	0.77014926695557	0.382230400958409
0.000119793642888743	0.720984637556982	0.0921493098574925
-0.18898666376926	-0.319625211075613	-1.14137488291157
-0.137529434491206	0.0741997278552093	0.412633486392094
-0.527290760894436	0.0910933204730269	0.0692995718952703
-0.177771420135261	-0.288586042889356	0.114849824920969
-0.285802814969147	-0.334818705969531	-0.919770921732175
0.44509021382598	-0.412860698501654	-0.229281834111828
0.60964708112206	0.70697405727449	-0.039540099548428
0.901356079323497	0.345651419546545	1.43173188860526
0.247892947664073	-0.0386101602300676	1.40203365134472
-0.103089216640794	0.636285187730219	-0.791988657902745
-0.103870761721462	-0.52438756893155	1.6596533791776
-0.21554155067135	-0.0427097968878593	0.777154694221073
0.00739753654641953	0.00723346281371691	-0.05376200165537
0.266323772433158	-0.3471447253054	-0.351941718642799
0.124496551828514	-0.375245868644656	-0.0307442261533164
-0.740359605945987	-0.053433714903098	-1.06641900264105
0.0440957218445502	-0.76109485316739	0.365078385401494
0.77185450007153	0.632971888168705	0.256293563178605
0.233687712062601	0.148307743690636	0.412405219867673
0.0742430881868455	-0.570135434166705	-0.238647236306087
-0.26483431745692	-0.307092865762387	-1.48900849364921
-0.0928295398502733	-0.0990336487126355	-0.55380037421286
-0.340167582151484	0.559569065098344	-0.795051771929178
-0.173724110116936	-0.232057007204149	-0.959773977617325
0.852982216845524	-0.479191046903307	-0.143492289765013
-0.0437203444978953	-0.268126330765825	0.702885790506259
0.11071682951431	0.200014977311903	0.921094921414029
0.16693635326876	0.372692605360243	0.663616819987403
-0.0999096864284528	0.368361007162041	-0.461709044318542
-0.654224149729779	-0.205234840499573	-0.897945310128019
-0.246256994311318	0.427244081676247	0.00863744022323856
0.432785889538376	-0.0427759698678484	-0.371023445407485
0.31997624737263	-0.179587274256039	1.42578139231255
-0.128953019967902	0.165531706192398	-2.16006342072454
-0.347294214013796	0.503381964323532	-0.461971053789122
0.248036200120088	0.0716675264180021	0.291049809693879
0.0910429752375748	0.470566526576966	0.348000069903679
-0.308768943429006	-0.346493897162601	-0.384253292898115
-0.119967964211376	0.0322935333944454	0.497828730959437
0.28696478682342	-0.946199067833029	0.0104029733347501
-0.477220836326137	-0.470279642803456	-0.146017308203634
-0.20428264443352	0.972501337523576	0.355841193602337
0.574104898110118	-0.20305012431637	0.668991702392782
0.0887476922474658	-0.175376734700883	0.0181845754023825
-0.683635469438792	-0.281638292190596	0.487639713660259
0.549263434013739	0.05285677486443	-0.987067434260953
0.0463079326982335	0.344416106786492	0.158584884065429
-0.458490884534525	0.275977720086422	0.422436341548877
-0.137918712168719	0.0308921111829346	-0.483334447798576
-0.142122649578215	-1.0296560325757	-0.0474284467569029
0.283271184515136	0.538487665366416	0.830618956184095
-0.731726028156576	-0.441110934111842	0.47187132286299
0.0437775462043889	-0.3632949133749	0.244060028428869
0.771148162953109	0.694861059466281	0.421716886276861
-0.378938032754355	0.463291848533491	0.677988372545846
0.15579241096811	1.01493316611097	0.662174598329273
-0.0446216371213322	0.167861332039115	0.769095680302662
-0.133817298421282	-0.641967478316781	0.297493672589227
-0.19111562953844	-0.141524626632886	-0.627116088351846
0.276370113327537	-0.431804666254049	1.34271701396991
0.178093011111551	-0.0245968101893872	-1.53715012059698
0.198754714752374	0.272745258791453	0.0967044222383761
-0.523899427944643	0.468559967714686	-1.11736290202288
-0.193024179032272	-1.01262774926797	-0.864626462200526
0.446212790182543	0.327312814957419	-0.0706019188615083
-0.23118740416552	1.18413909909928	-1.14023112419484
-0.17412887813807	-0.258643102011674	0.547218626682195
0.46049742220039	-0.284269699111404	0.0280533360091101
-0.356636375507851	0.00305095366495323	-0.326532399490652
-0.0330791275118139	-1.3337035470511	-0.230429918366087
0.0368649416281522	0.978137241990024	0.118158192804674
0.205992899246427	0.344276387510028	0.176301345168275
0.0277111629128039	-0.224452576992685	0.241764820319841
0.541262550760618	0.0826049381213576	-1.16519527178343
-0.0894609077532811	0.393506427885809	1.6466659682307
-0.120435459032398	-0.95028235710128	-0.338427725095835
-0.185082244091995	0.499346961617639	0.0895563619778585
-0.583754456469669	-0.227280766442091	-0.345664237557753
0.204694617430129	-0.607667242535502	0.479457458966003
0.210996350908675	-0.682753264104715	-0.49183378566602
0.0228258238960208	0.373577772064339	-0.0261077583450738
-0.102584741524581	-0.124111483224574	-0.201315496375931
0.0610447394531558	0.0320440662014645	-0.65431873948273
0.104076269271449	-1.0415816135335	1.99378330398311
0.536570988890805	0.972718703490318	-0.576539929129888
0.12689996172623	0.444125318056612	0.969454050921692
0.0877765187942627	0.35879069873092	0.244927987218889
0.0238778834058801	0.16558393164543	-0.137453325390313
-0.26171353123707	-0.208873379123449	-0.677893104175838
0.327303747392184	0.080244798375834	-0.219068341767045
-0.397197960564226	-0.147423031420046	-0.473338561261478
-0.0833598428213316	-0.565424878963304	-0.722039421153524
0.340533462027363	0.360099985734137	-0.282251878706643
-0.254445449519893	0.13098840959315	0.655270926926638
0.0856479776100404	0.222559968710448	0.146718756681061
-0.337731828206942	-2.20896593342938e-05	-0.751857082438707
0.120396100936151	-0.572973372556363	0.513084377755702
0.111533571018394	0.736459821287037	-0.654994570662891
0.0537995713440864	-0.91551396071293	-0.044647082084983
0.0175181674375252	0.356904338037434	0.305562656981114
0.301282549122101	0.901607074370321	0.712278541281675
0.629436771966909	-0.32423886772013	-0.815080017427487
-0.601907585755299	0.712257317173566	0.559713913139382
-0.135781607224434	-0.0972391452043465	0.186226234592956
-0.0244790162586266	-0.717724395976409	0.38951517695395
-0.190492331648661	-0.0101266820262779	-0.222868632876362
-0.0568557090525925	-0.154412690572643	0.816274214337717
-0.248512233202518	-0.187014123541127	0.17871227171136
-0.217467886138077	0.695265644103425	-0.224310374373443
-0.134631011490668	-0.0301434312558509	0.335496676557757
0.107075939819792	0.0703234337031591	-0.738049453681889
-0.220076168326468	-0.880390685814489	-0.186089970308437
0.268513424875735	0.214926202304331	-0.424069611979687
-0.0436559089281775	-0.127488793389492	0.0502920922715527
0.396693794604712	-0.468434989508523	0.886909397553084
0.0825038743264102	0.6912125653806	0.294642623658438
-0.299437926051497	-0.228368922570929	-0.0843405857695501
0.435533262614711	0.910322240960182	-0.162282138781126
-0.201632111458692	-0.105997819139876	-0.180166680607866
-0.24531712211813	-1.39942239733678	0.0174773730854048
-0.502255255773779	0.124957557080444	-0.442728309484191
0.302625789496351	0.780985098753492	-0.499498572128134
-0.398265755554435	0.910488825735195	0.513192827933785
0.237668655930331	-0.542005454778611	-0.462080321064187
0.115294170856504	0.105844011132241	0.173113850390434
0.207668045755223	0.15408945246025	0.207317622166986
-0.159511709245565	-0.558841740330142	-0.302685610170274
0.0766712727225104	0.417909417803376	-0.187683223266883
-0.0666428577920513	-0.00650457959572446	0.483942337671239
0.0685780963495524	-0.105722367722525	-0.375932810402195
-0.12530516943891	-0.624089521294437	-0.93915727717347
-0.0317669877367747	0.252012010098069	-0.463947490890484
0.00875245036537095	0.0588205366545787	-0.223857875402122
-0.112282916315413	-0.236431541030482	0.358460847271371
0.718579358860695	0.689583357561465	0.46387943614858
0.113292639359233	0.238832004084324	0.927533978290058
-0.208525699837042	-0.5914423614524	-0.00952247875058298
0.0673540528288493	-0.778214186096349	0.223829253642246
0.174872068926242	-0.542863359269328	-0.822501085269338
-0.000360591421138309	1.58275624871101	-0.352384287981818
0.283719575036996	-0.446779559331191	1.37892514261782
-0.263881197625288	0.147582919230278	0.597817021920563
-0.237484063732447	-0.370917451933738	0.00791162170311673
0.036753766989685	0.475026352846893	0.0541119287414357
-0.462306297409686	-0.64652237786153	0.712182593971981
-0.0371966228751997	-0.482254836362658	0.201152839881706
-0.237249989511602	0.134595371454943	-0.156415419157392
-0.412036027264454	0.475411024621761	0.352628156335919
-0.138706556033074	0.526959045943904	0.453367078195886
1.67471439963357	-0.117521199126624	-0.122907152879259
0.569939809399085	1.03805808351632	-0.232832083867771
0.420955640023103	-0.0299893968538662	0.833135145831738
0.281346610716496	-0.425228014494887	-1.83840257297618
-0.600801496103423	-1.20608290678267	-0.381871486079309
-0.0318327734927177	-0.642557577049463	-0.874531684691569
-0.550214674463809	-0.619682948775307	-0.947892204332308
-0.117331228702187	-0.00089860580296178	-0.84066559199607
-0.0962411383348787	0.538863864396721	-0.47960278526124
-0.381867516729047	0.720041954354756	0.373325796150804
0.278186451357757	0.0416827828034929	-0.40621899700547
-0.529218910605291	0.350265671541636	0.36185593768403
0.154267246428849	-0.920514117405979	0.286677835039554
0.366876018784706	0.227808973742461	0.64765598761248
-0.606461497350522	0.234982206838329	-0.0429713074973444
0.359633315549467	0.562679109061742	-0.239804944305063
0.102982934552797	0.529636773923325	0.120596333704902
0.0246259679322533	-0.789075627931455	-0.185281645565447
0.105376879297072	0.951898178792885	1.18756728064163
0.00674921777259431	0.30083836825845	0.815687262557137
0.279653910113812	-0.0434536298571204	0.690199275602774
-0.418432797946422	0.0121833820114432	-0.375842579976057
0.119575337066532	-0.00912469751914921	0.376963983769248
-0.0531888138987439	-0.634282973128949	-0.41453966411621
-0.0788814203499336	0.888527152975575	1.05102828551112
-0.152581531902149	-0.149400254433457	-1.09893440880715
-1.04099084966003	-0.329905725372822	-0.769738182484531
0.396404344015752	-0.286540994130912	-0.326319977680457
-0.319624510473184	-1.20718597395526	0.130001114642368
0.294225131649042	0.462987097347374	0.160699404440008
-0.175702144401322	0.562090789859283	0.383190022432886
0.00149099309715314	-0.207311578851989	0.22010185694039
0.0457584719634161	-0.388618939764663	-0.64861699117043
0.304818986181278	0.162467392546995	-0.319655503836355
0.18638125225442	0.245178417384052	1.5083280301739
0.0282084510473099	-0.49753298688931	-1.20497184144666
-0.0678947083217904	-0.230162552322019	-0.327927780009053
0.0830124555676613	0.582832550630888	-0.051709317931304
-0.426719453369533	-0.354388589969892	-0.459020280138298
-0.0314938484696983	0.506537943686261	0.414911909276391
0.115284063400183	-0.619271395327538	0.158680089877715
0.248692366032558	0.500145026572828	0.274581601678274
0.0884098567411779	-0.358302562316289	0.127143816497143
-0.140409428257196	-0.0288853762796035	0.429507836378573
0.488474512830167	0.188895642351615	0.0500533220113736
0.229609035687887	-0.0628103751175149	0.189801099395112
0.491730173074335	0.579534823343608	-0.356608294887171
0.333067788449562	-0.0183972028433334	-0.567551787059112
0.752828388471184	-0.0568992949262104	0.00704889378716617
-2.01601742349595	-0.746547779304159	0.856011457032567
0.397373113040354	0.962869188860357	0.710009465819092
0.476133861276247	0.616860175772076	-0.104103704969356
-0.297975443681469	-0.308603914803515	0.138531552897932
0.0824663311053484	0.0216618000089576	0.227605647369858
-0.0287856820247212	-0.225858776793177	0.214908031731331
-0.286357957727404	-0.680350423334672	-1.11901904446756
-0.36177276343944	0.0938320843586307	-0.217340552035452
-0.0997255640691539	-0.684466902465608	-1.41387620973905
0.189425315305072	0.278703172518348	1.21361508825994
-0.063641663568931	0.185719583986079	-0.707714578565608
-0.45825053453112	0.157698290985001	0.10021991528217
0.412654110370727	-0.352489148984916	-0.0591148033418423
-0.25063084368669	0.240305918583495	0.620276228083553
-0.0302429910094743	-0.948902907583212	-0.531428011592244
0.221589477502422	0.45620492887157	-0.697380724979265
0.655078271668179	0.0343074709926596	1.1804610164882
0.152704273382618	0.00302001408149761	-0.118737649086527
-0.0374088207587969	0.290645914734513	-0.0103049947787986
0.157408566946381	-0.708628111215834	-0.962694899381531
0.522762182527688	0.603835142585193	0.100949177304056
-0.0525386422647067	0.461653772240933	-0.833417065321988
0.446019736886705	1.29590033063371	0.35866114193941
-0.253308581245599	-0.233583859585906	0.346459061486857
-0.0604466398795163	-0.341367274147749	-0.826288933336809
0.266269918207758	-0.315874491186113	0.768590498401156
-3.11449663113915	0.551305878490974	0.522625243901564
1.54934816431801	0.876143970983519	1.33204781823989
0.723480098704263	0.11963179952065	1.9649352026475
0.325475264635507	0.14445799577879	0.669095159070584
-0.30541598548246	-1.61211351287127	-2.69968668900894
-0.735285483663943	-1.21545358939731	-1.97082716318076
-0.67494042296094	-0.302953438032792	-0.0565939632922324
-0.499294910176146	-0.404821736680373	-1.80299469308262
-0.302073503531522	0.0549651125519772	0.469939510540135
0.459465413753984	0.256563583345094	0.684401580481292
0.0894838502857646	0.538262109952199	1.34126670933463
0.618775947219926	0.00496471363201689	0.658500947544356
-0.164323022459193	0.169249523075277	-1.00766794267491
0.057659224468772	-0.214816379086342	0.0550072510271396
-0.197832018980235	-1.11481899976161	0.192042572915715
0.155590906268645	0.806079254988891	0.547493895685166
-0.0344138965410504	0.135025622226862	-0.936598973854966
-0.483456510693741	0.510713766207394	1.34983233758756
-0.171298231184489	0.431977207974581	0.967663825086214
0.464367499213565	-0.801682086658632	0.172471615788785
-0.0873273184269706	-0.169612767900121	-0.605557591453929
-0.105546444832321	0.660781180380977	0.272584053933065
0.502665835536083	0.242833118701656	0.188860572578779
-0.271093716380701	0.720605015634703	-0.572942525155859
0.45649590502178	0.109361874245241	0.0474742461866165
0.330522422464903	0.0569307087391356	-1.22606925177928
-0.314386814360228	-0.534514462382983	0.216425218050147
-0.437148677010105	-0.817131708867879	0.404589167783628
-0.0277290710114491	0.485974861263662	-0.0834714665326592
0.479411879668828	0.279120066007037	0.707288209933969
0.274048204850925	0.275041183010485	0.907906481613543
0.073191517310079	0.0977105450560402	-0.637575413524547
0.789066847703648	0.693072223569717	0.52545522447066
0.753928604790679	0.0891878337733299	0.547153994695271
-0.439582968128723	-0.509033887101108	-0.864773541905449
0.0531668835050764	-0.331150137517657	-1.03828486763209
-0.15228150562159	0.102345026198639	0.13979354848293
0.310759899508635	-0.541027631850611	-0.0621010331422508
0.0566150946828499	0.423282642404797	0.0716225832502879
-0.267513724893818	0.191903722803974	-0.176552674150845
0.241055193665903	0.273901002836881	0.418849336971452
-0.0845808653865661	0.403516367347411	0.127408076291935
-0.494664874216121	-0.529069971373544	0.47190027264294
-0.852812938116892	0.335939813512187	0.180926723915879
0.315374346930096	-0.462962832451391	-0.897331483446601
-0.422443136736072	-0.278030059829881	-0.470342254922168
-0.100758384195364	-0.900168950078536	-0.671024762537036
0.139247244035611	-0.684416967188833	-0.241493578500784
-0.273376773565102	0.196701046537024	-0.016704793641469
-0.0208044886371757	-0.302392169102762	-0.21933358730557
-0.111163063949016	-0.596374587620738	0.397223165263446
-0.616903188333479	0.1971758062142	-0.210438572367011
0.336169817432032	0.158869940911201	-0.953370858186166
-0.0383055901993071	-0.583154333448084	-0.0811990691720613
-0.136060635527679	-0.0211219554717893	0.825188465956039
-0.0244846124950466	0.653286385532311	-0.830456166178791
-0.0394649616161524	-0.297126185279375	-0.672414262159964
-0.178063800670129	-0.239956075924361	-0.324354692132467
0.0641984089821537	-0.386653683254912	-0.415164574891416
-0.170689999634426	0.156175955303416	0.380137114042093
0.300277402520432	0.229655706591067	-0.0476726328622036
0.41051778240853	0.738156804392825	0.808450397817171
-0.267152336426692	0.589394701238553	0.590621571225135
0.529430855088667	-0.431245709388952	-0.688843589297381
0.0452363330481995	0.327451145727871	2.2226655776659
0.193126555295982	0.732393971721531	-0.559006618812909
0.0111341559365253	-0.165777183331096	0.609030277068827
-0.793977675500864	-1.15128667759092	-0.755457611457642
-0.0186249478412022	-0.442903606942815	0.137880992526769
0.146967407138813	0.989684582581466	0.750180333909437
-0.0459971621425155	-0.322278994007325	0.0397170511579464
0.0840176602260049	0.708147282428151	0.269005617627802
-0.00199548996407208	-0.892567961377209	-0.178862744220503
0.104021766831544	-0.140696168801287	-0.214962458829094
-0.790431819648874	0.390524437998117	-0.689510698980469
-0.0871350826822964	-0.335806248348905	0.0770217323103187
0.328692308839921	1.00830319990015	0.139809531509231
0.644791263637604	0.332675101831485	0.921670814592014
0.700564780140504	0.574846312367212	-0.0908086445685963
0.00400586193464832	-0.713414130364439	0.283764527069028
-0.0671441796945054	0.386500685863184	-0.0385236154866462
-0.169046878960963	0.20803661389257	0.20613650259517
-0.240288193861997	-0.860938648621794	-1.04738599908192
-0.149297826242243	-0.216735309014216	0.5601273102276
0.313844484197091	-0.216523912815202	-1.07863624240721
0.172503645086774	-0.0553638937561729	0.352040523998347
0.0552265875776385	0.659706553859723	0.333755785256319
-0.179039564336968	0.331673522510662	0.194275119613099
-0.199547272032115	-0.206457028543965	-0.068051408306262
-0.0950528915091291	-0.296467588993415	-0.0962646989263696
-0.319693646653265	-0.136177679370852	-0.639634630260321
0.357632139703159	-0.174617834033678	-0.485052997029108
0.164099890994338	0.17204601498243	0.649344448201333
-0.461938960103084	-1.01729453092679	-0.381275335334093
0.162409180462994	0.51097171963554	0.23559487298828
0.00418981956528241	0.392759695239762	0.29140263117203
0.217452206882832	0.033839327977701	-0.533707148362054
0.0261567920194775	-0.19880417861763	-0.683268494642859
0.55170259090633	0.822495542116865	0.200479358200577
-0.222138395113383	0.399063013946981	0.5628104650874
0.148128633417894	-0.253490327703674	0.733827691288824
-0.00335180643457713	-0.370251897563452	-0.767479172577372
0.00863594843850889	0.326983108951051	0.144425967314236
-0.11676168293951	-0.145576859814122	0.490681695342781
0.225468793914957	-0.136066483312625	-0.219334518838774
-0.00583769859987287	0.172686435945239	0.929638030784732
0.269631791965501	0.0279005149754096	-0.231326852196516
0.125660827109543	0.233617004356229	-0.648903330630264
-0.283164933564411	0.0158283206816875	0.903671748093258
-0.125712457879422	0.0743410491229426	0.402603198555079
0.258297493957449	0.381694071417246	0.0603197725263745
-0.232481720709336	-0.326364108648381	0.422245973090718
-0.278906439238465	0.998362847753098	-0.319373295424351
0.334287982623136	0.990222493274542	1.04010337016132
0.431381107996819	-0.0393345884653778	-0.497425376034261
0.267077072841443	-0.910240409455477	-0.607936370006455
-0.479223260958606	0.263266210040153	-0.193367120720396
-0.505689907818003	0.129385442993742	0.371785682672115
0.0419465604267404	-0.200627090107082	-0.294170965564704
-0.0807350862785126	-0.90275257317872	-0.970806880173829
-0.485190502702786	0.436168282669652	0.324614448725031
-0.313263945678524	-0.00591676525143707	0.81385963687535
0.46802778761251	-0.467932101402144	-0.485959779462824
-0.11271821656019	-0.103569237170493	0.166728852097081
-0.531731953762043	-0.943845475943499	-0.760440922840142
-0.114072231065893	-0.721144790956836	0.693443366965348
0.0828642068800517	-0.623292267124438	-0.759821616798853
-0.0611281023030173	0.103712659591209	-0.348382090396169
-0.125065508593174	-0.0475607418510797	-0.205063925476662
0.0121277785613788	-0.761532816160505	-0.431854555324301
0.389407077002097	0.139355843624108	0.372904354675394
-0.470923841730413	0.124928864319495	-0.427099104985395
0.66849811452345	0.708966541311466	0.148933581707946
0.265039662048965	0.472226720503762	-0.193954385649219
-0.221471138261711	0.0762082026434421	0.334536980862715
0.164995410721665	0.191556380385225	1.20258345528284
0.596292469708801	0.156442092145443	0.695941600452115
-0.356360854408984	-0.660108986967556	-0.308045242420438
-0.247341558885137	0.158789388589308	0.0117983759860002
-0.0341061867919563	0.0453419763223197	-0.950967949113065
-0.0434550364954864	-0.413296906199761	-0.249510882981524
0.167608529647897	0.688186473834016	-0.708815712763666
0.469955924815122	-0.0506859830406684	-1.09939694751598
-0.562554800789852	0.149671659354028	0.421662728803643
-0.0374259661437996	-0.325218519739966	-0.622351790778668
0.434810040030531	-0.312826160404537	0.313036730168687
0.0350661471357804	-0.0285432959819015	0.0897178786096021
-0.174500623498779	0.00140545107171874	1.12300749597798
0.543756611833086	0.301347253557856	-0.238939575336144
-1.27328377507614	0.512748397656383	0.759217259292304
0.428770934824772	0.330565776641469	0.306218005994584
0.00461465522883926	0.387828740386019	-0.824882798091354
0.263361389733651	0.273752943458415	0.0488931419458383
-0.109719611385473	0.765891506026617	0.877993411299108
0.381146365346179	0.0022418666166241	0.177058126019109
0.12197237428465	0.310511883957017	0.436743318793365
0.515907327370341	0.89153651751098	1.38329706759437
0.299780870564249	0.476685694901041	0.94261611103299
0.183461224493147	0.452411216445455	-0.338162376054367
0.0518254531570947	-0.309221989467881	0.761402765333837
0.208958572564921	0.863834478852236	-0.934056304565205
0.0184221907956333	-0.840122534429485	0.173899330958646
-1.84551484292087	-1.21659383901431	-2.29148283957433
0.776019445302452	-0.128125170050418	1.25289176112007
-1.68267376660781	-3.56562464173074	-2.67596360109442
0.865727889875459	2.95703996046706	1.99644950902327
0.904700736469455	0.27606320835927	1.04637178571535
0.536267313340504	0.850378399756868	0.754220198131818
-0.356406584432451	-1.6347296376724	-1.31786991241306
-1.19653908351629	-1.51581974458777	-1.55275669866731
-0.080556802244393	-1.05109320091663	-2.1203523698226
-0.762447054915536	-0.500738870381923	-0.742699705478944
-0.877828728360242	-0.506831887153566	0.0336653194654325
-0.0164788232770787	-0.636447247448444	-0.837845595359873
0.0526856684554183	0.715999489568985	0.303889097090405
0.0212080482448793	0.311829395000557	-0.0421899433698504
0.462222709871941	0.602477066524474	0.826151926425868
0.493261040048784	-0.280694770085191	0.660767820601671
0.644876196666933	0.736202755411671	0.833709550449196
0.346070985609256	0.308978323633992	0.0281033213975155
0.0246574579161404	0.495190492171794	1.34483599213587
0.202746766270947	-0.172447000703622	0.861645039225816
0.128182344413065	-0.532163096183976	0.233024760846602
0.571779288938942	0.655307704560917	0.374098827223608
-0.506728045290436	1.19243765606272	-0.532025044560261
0.0189909904807489	0.3754318863123	0.649227330642591
0.326443629430255	0.387450943808329	0.238825724702823
-0.172667809081032	0.0748218840227046	-0.413550095371584
-0.143047068770963	0.439509164448158	0.627599606243624
0.00444993591219438	-2.1369975345595	-0.102184639703671
-0.431747532658969	0.502359129131623	-0.231707873408173
0.0917891811857637	0.870564145761164	0.786173763984372
0.11260816546211	0.266453705618613	-0.0619648057780873
0.186924058877001	-0.696937327972827	-1.29792646878985
-0.0938315333279477	-1.3311249911747	-1.63388356380743
-0.499317399499038	-0.14684117021477	-0.326747275144989
-0.448779335717803	0.131836500111032	-0.211678710612501
0.799266464288133	0.0086149087924747	0.243320779182877
0.236837580206561	0.280123950658664	-0.0481339450646791
-0.37746100318113	0.104976711987764	-0.252172195582703
0.286896280976281	0.0860246859104887	0.510755413621785
-0.303131355781831	0.759541874740826	0.322949670717083
0.235440625975577	0.328972505051612	0.38785025924736
0.138568164943	-0.181249279394107	0.213339019492063
-0.304672962712347	0.154376489596226	-0.0127268016215967
0.111369189658432	-0.0452134199748556	-0.0989420436850785
-0.00606468411071002	-0.359391174695482	-0.388930917882982
0.0842032560837997	-0.331933074101536	0.399278103604639
0.213278860926008	0.582225849746241	0.570954551996895
0.258875114414984	0.17150898861309	-1.47155051013295
-0.246086968873604	0.0648840485642272	-0.135760128422454
0.0290576259265401	0.658410699339886	0.337271637685158
-0.46687019923121	0.0278823253997468	-1.38228526319699
0.195707103349161	-0.620008903038988	0.363425961603107
-0.304341448799994	-0.345353093367448	0.565376546322055
-0.162070093287375	-0.0714513135966201	-0.209197702902977
-0.401089972242775	0.670087991837744	-0.0701877877968669
-0.213354403561079	-0.59702776156504	0.422164313337145
-0.0409638231861359	-0.0026832005138026	-0.826762889212659
-0.378422840001777	-0.779289097325811	-0.276447092689958
0.20052734516169	-0.6735342551714	-0.00915077623460827
0.558195931429449	-0.414488212351644	-0.13337543615652
0.382958356562588	0.394409769560603	0.956655726096206
-0.44295368295137	-0.123764174175965	-0.346227664641579
0.0377576211848122	0.245775190735281	0.336841854640284
0.0819858927101923	-0.711489262719554	-0.250875908501726
0.250840087906571	0.0254060787218315	-0.0520082561755822
0.188042990442421	0.249002650364509	0.60076267343873
0.0270418339868222	-0.247066638392856	0.0521854627775078
0.329589935869726	-0.139266337733961	-0.304497911640989
-0.178566067133162	0.741660524568953	1.64687548815352
0.0981861901337641	0.503350975043288	0.467567303589009
-0.169583303141473	-0.868554104212238	-0.182649805345749
0.0557801457993206	0.606072446417556	0.649618039322122
0.0329006614138012	-0.06541928762934	-0.576191645565499
0.0213412362939507	0.324476846647553	-0.053487592403317
0.0973132092295256	0.74272193765624	0.30262874929017
0.0979679783666811	0.349633557458076	0.300068318868234
-0.136529014125367	0.417798963316587	0.235406416663672
-0.115377915775891	0.0571258016015426	-0.0906369560241448
-0.138050123213865	0.108205046265853	-0.315473371762769
-0.10773536529727	-0.764008260911575	0.201925019134131
-0.112559018232983	-0.0472109202826135	-1.07586626811327
-0.0272975226101714	0.347142751220055	0.531621372472959
0.168794381449843	0.0542365460031936	0.0761922888775482
0.183063274367831	-0.276585381917324	0.36227809475605
0.230074369431366	0.133082790649776	-0.0553653865657845
0.015936651551701	-0.149043478528012	-0.579148724896582
0.601824785029552	-0.841981928413086	0.164740233055163
-0.0795783077405168	0.569899265388334	0.516008319911657
-0.19385155841587	0.405943178107401	-0.566365440066997
0.0574230457444879	0.37351323781894	-0.0206943833365196
-0.152832867582726	-0.390855816498564	-0.41865542019371
0.106050795791803	0.047896066926686	0.451733205037881
-0.281706994320149	-0.303348576269516	-0.793201283996182
0.100755852579604	0.504989060081243	0.130955055640245
-0.579354522702747	-0.361981768095913	-0.191185808826583
-0.141855557283015	-0.146484114447708	-0.737932357512948
-0.0918756573266758	-0.524443861487016	-0.895642955561743
0.0130423318655617	-0.319572057270693	0.479180765046862
-0.474779048168307	0.0525606946025832	-0.114114636272833
0.0343103614279155	-0.296921005753567	0.120564676412812
0.268684153103428	-0.0935539517710883	-0.210859637836018
0.132993302462899	-0.634919923211024	0.353878590323759
0.0221998377658224	0.946175073190431	-0.447676283218166
0.00096983726925892	-0.0837757694360149	-0.332703007919347
-0.197928883529128	0.204744810967668	-0.734230703588088
0.0704487360714256	0.455233901302675	0.047720431558465
-0.236945785742343	0.0488614457531848	0.03232630677372
0.239193491444206	-0.739372597319356	0.0737617790707146
0.086995608035426	0.123897653067111	0.640271861299327
0.525647796584728	0.156282768317409	-0.151768714721986
-0.210575677607766	-0.138939399073869	0.170231576107167
-0.0402991802928814	-0.146764925303113	-0.129096367114519
-0.222648206766811	0.0479012773040828	0.156805494893965
-0.387069553256464	-0.808125568399011	-0.495553933343641
0.0164616562747597	0.191407305666029	-0.0264974507366024
-0.521746567588738	-0.235635986194367	0.660263662964492
0.245759110493269	1.0879157079253	-0.0119428398646018
0.125738781321715	-0.203375735265466	0.486732081702457
0.0637887375714664	1.1250558202223	0.54916902462107
0.738300622815909	-0.595779018106294	0.315220702199857
