IFG	Ins	Put	VS
0.461460084723262	0.210737871700947	-0.523674273328891	0.239117285445683
0.049481128310491	0.135183177105811	-0.0563406730013111	0.00884239445553383
0.0564735034462268	0.253153215817847	0.93851253902421	0.453901524719594
0.696330935654625	0.522329970982005	0.156316073621232	0.478399704906254
-0.0440680520684544	0.0640458498149376	-0.369797527066235	-0.318195970209656
0.0694482618737341	-0.356690274471009	-0.654338975596365	-0.407223294948794
-0.508326780680467	-0.408419138713379	1.19899166747778	0.959493436352714
-0.135305313228293	0.267296253903618	0.220439591314726	1.30433912746231
0.328588208846172	-0.766522056193617	-0.202017926877354	0.588456316245145
0.854245837214075	0.0255652291326489	-0.151387533244073	-1.43923155387597
-0.503910961169837	0.183566769234332	-0.53528573962074	-1.37088069383991
-0.703417643069194	-0.309338035854667	-0.809781039116236	0.367773683027701
0.129208640773847	0.296405225427055	0.541095293158733	-0.433061795059213
-0.0140342512540524	0.0800480725406374	-0.0720319292902579	0.803205962850989
0.08513442767036	-0.258773588067338	0.863548899870352	-0.904064461782179
-0.332685718350948	0.135734903023973	0.757025356607811	-0.519413285519874
-0.214831112343098	-0.141603038729998	0.0470536326023143	0.306087069694192
0.273359694377706	0.221577317779896	-0.687860506800603	-0.459881860888173
-0.232206469441245	0.0875058592318191	-0.109801810160113	-1.03378384930296
0.270145385973988	0.014427682648241	0.452975071507431	0.146299635657613
-0.411691673992023	-0.112942550641089	-0.0320632950164023	0.197958382440216
-0.139027295604854	-0.520083463619087	-0.68617846581283	-0.285138941903493
-0.41526326538541	-1.05628394554082	-0.200571085021874	-0.539126500085727
-0.827287002588815	0.478526384059034	-0.795114841885764	-0.199350406134252
0.148307195983613	-0.138082474332958	-0.000900263711539718	1.17124633293855
-0.0130691716314553	-0.345827982470848	0.633911976433922	0.890263524971041
0.059947284964191	0.204621151127597	-1.21113779258833	-0.960453934702594
0.042281058852896	0.831432207291993	0.248906813325569	-0.753778863942643
-0.0251692179658745	-1.07878996645967	-0.858904794882745	0.0322516527040688
0.247362585978189	1.57737831303944	0.770113206233069	-0.166073784510656
-1.00910660466695	-0.94459986448914	-0.773221808192415	0.9729296306029
-0.0473490150735102	-0.579045270980406	-0.286818015393704	-0.901959956092561
0.325721868929545	1.28166237183204	0.699350024527585	0.70252667243383
0.153182206649499	0.0676301480674641	0.517501479820227	-1.1771403491575
-0.113776320625235	-0.470753384646763	-0.592298212719094	0.518796837002529
0.190402203602209	0.0471178360453827	0.594989520903275	1.27258434264609
0.824332238119157	-0.193974930730794	0.363732049492763	0.0941718037239598
0.234470232768649	0.549782472288208	0.413713242709757	-0.312071427189489
-0.0216953925925644	-0.022747394315994	0.0950217889560769	0.652379208911108
0.325792686754128	0.172716525531497	0.16704570731716	0.324542234415649
0.304769002844618	0.176448487094584	0.444691454231494	0.625170341387071
0.64308590508833	0.585071454458509	0.846487970217758	0.226702569199233
0.220500654732021	0.359221951283209	-0.635320103403522	-0.592408658056451
-0.244556111117758	0.1367713461512	0.430506705510935	0.947977916582238
0.738687728935578	0.160983256720617	0.343459382670972	-0.368031774747113
-0.247315346787128	-0.259549674003172	0.085886101702314	0.39589206053337
0.630215043387797	0.0786191407394531	-0.283483139639202	0.61010815005205
-1.26123421920089	0.101214715383016	0.511619065896017	0.100993499977168
-0.349524001388266	0.169851990926354	0.395296416776771	-0.176300576785178
-0.365319425819934	-0.139652976467098	-1.43707658868621	1.13039236851242
0.242032867226194	0.101142591929435	0.744341801955272	0.844815135199724
0.395697118640605	0.425354794649737	-0.824075371947136	-0.636347875360241
-0.341869792809553	-0.21077703676951	0.229749454337689	-0.355136122765421
-0.180265582814009	-0.931445025439424	-0.119348702693252	-0.138561608595242
-0.103670340406156	-0.271806360689198	0.470286696087955	-0.49077181163873
-0.37116312933755	-0.198040706583527	-0.601250324225226	0.375993914990149
-0.237684756261519	0.0583078906963129	0.0900425876440909	-2.15541133346192
-0.336652853364359	-0.358124927392704	-0.404238708290082	-0.173314672680424
0.0345727962575686	-0.968418397176663	-0.448202176297899	-0.614616781792303
-0.148736118641005	-0.373421200869786	-1.37060930537427	0.529757478866982
0.0659956409816509	0.31533678742631	-0.633342305271849	-0.951212446446736
0.0147175024910708	0.239769030375348	0.315465876620298	-1.92379537548826
0.470268652800456	0.114799237680796	1.63647442811227	0.351558832759934
0.317450430342065	-0.0951554001191395	-0.918920634847357	-0.725026984473201
0.505983698364961	0.170948910337891	-0.360208609120587	-1.33776450179534
0.0107780374658175	-0.198768960521564	0.847862104168216	0.972195634024389
-0.301126846476253	-0.430467420048363	0.317732165224349	0.839482198897567
0.388909829078837	0.0288581895113767	-0.153375865346265	0.694065588447193
-0.302427011353661	0.430526590586896	-0.232504055280617	0.180445119185127
-0.0287437799861571	0.838425817140346	0.745635789112317	-0.263764336359237
0.429516515820913	-0.190164517587987	-0.129810712399131	-0.242024375691102
0.141951217790597	-0.176210265303951	-0.523302654197264	0.468781975398825
-0.171594744773938	0.854174587962712	0.599719730716544	1.01494322822892
0.04973309934327	0.086815421315254	0.0527080339134997	0.836165603264237
-0.48933165089404	-0.499262333998346	-0.662507136076455	-0.866459756049083
-0.466546826603343	0.355676353409375	0.323032246287678	-0.0142748943011108
-0.436834683222709	-0.0160814904446212	-0.130471695559002	-0.216129292368253
0.186339992245419	0.0335313739010084	0.724350054922028	0.838459237662652
-0.0883585924342114	-0.363445419014529	0.208998967922133	-0.44215211505375
-0.0267410286837999	-0.621515920979258	-0.11174878745656	-0.347947673175619
-0.38299749839844	0.410235687961039	0.124375224131031	0.29410835444211
0.294164747628032	0.318577564225536	0.424963193511828	1.15137302588308
-0.00053523460375102	-0.478956378175148	-0.054368527565161	-0.45122341809346
0.127222689188473	-0.564001289503469	-1.04533671178723	0.875086415970542
-0.0362030169245613	0.202157292801597	-0.338363981538512	0.175317372186015
0.270306624996043	-0.0110393180867732	0.309677463537432	-0.186931724404895
0.140707843412662	-0.459517974722563	0.269276716019828	-0.692370014012569
0.274679665683969	0.201114550347074	-0.335196891665748	-1.62118600315753
-0.119848143249219	-0.664506566109122	-0.209151307282785	0.58727847227838
0.247644662501947	0.175495017934774	-0.0870258145791752	0.118310524278143
-0.351959157721228	0.259024038248398	0.477637910041679	-0.715048479895883
-0.378907773774308	0.532074526508105	-0.560905194444832	0.827924519657324
-0.126369766766745	-0.284328425530368	0.337732359700764	1.23364162287043
-0.364118687654428	0.123283198171265	-0.876928858476778	-0.258008361498484
0.144135176191202	0.446123548616977	0.0416886299605481	0.321226550447312
0.325943189454657	0.0342806664907805	0.526667219510222	-0.0410419370217532
-0.173848682461713	0.12124778524654	0.0723478009412401	0.288834827496114
0.79589650915372	0.652688083890459	-0.271349104561535	0.422934345193524
-0.303516342312547	-0.199132844815167	-0.236914532234742	0.521170708238289
0.405285113499829	0.227303883034282	-0.0107413272235669	-0.199888556824513
0.0222146818562919	0.219634685241944	0.343016054910647	-0.547734138409652
0.405122335946372	-0.112696266429525	0.665532211077497	-1.17657650132567
-0.409781694291148	-0.187591522216002	-0.35405503382501	0.00584059310891405
-0.00818770846251324	-0.536239516939529	0.267696346225264	0.928023411167702
0.200851434985218	1.17929854494995	0.811738961004691	-0.237442418343723
-0.635069116418108	-0.190928234891441	0.640316532071803	-1.45778404016157
-0.603567031738465	0.023220018096066	-0.737886319188591	0.170477406098455
0.379369501078477	0.141996779923122	0.437117961047444	0.296603929470105
1.0701380181524	-0.0153859161856809	0.229218535583899	0.110027998178248
-0.13647514304837	-0.0837368122245229	0.133259745569294	0.215106895561373
-0.0758015882821359	0.500008896487418	-0.440686089369977	-0.377063655279567
-0.29063782207966	-0.440300089201029	0.339118888797227	-0.338854719603158
0.49275643202808	0.0365064293561657	0.0774547414307089	0.0788618471362883
0.0850446151639846	-0.124960133149896	-0.038602801914222	-0.907891533427592
0.323744089167169	-0.233247235292173	-0.631020848713471	0.272867780385961
0.596991658792399	-0.462223598340164	0.0850693969216637	0.600934264547579
0.0746802751565146	0.623352547648255	0.539301737334244	1.62643361834179
0.00693835293148995	-0.278839463957919	-0.202425495317369	-0.987425392122336
-0.311895953722069	-0.653644576344995	-1.24567591044077	-1.41823506978311
-0.745107987040226	-0.0830721633854569	-0.253402820888963	0.51851256132348
-0.101093612414193	-0.344646856078226	-0.301837785377859	1.28366604084029
0.0778260769500901	0.119198729662993	0.295072142410093	1.14822804047786
-0.0875366321456264	-0.288715824336901	0.290690074182541	-0.870543083586301
0.21204670474619	-0.18607863881915	-0.0740223739155328	0.142136360521775
-0.357083170764147	0.312793587612221	-0.056459328947564	-1.03377433717246
-0.786552759418346	-0.926203761500188	-0.582669564091377	0.0361547580684487
0.359159520638836	0.532402114175477	0.293089749957827	0.224330873194932
-0.39497970901326	-0.40517941147138	-0.460936802213874	0.0368067162861279
-0.121299934174315	0.833413629260902	0.502792948437414	-0.316375550109964
-0.30422572372783	0.328170175265822	0.164629623523196	0.297786889868774
-0.259207548363898	0.479078573814288	0.398654011374077	-0.993256873358249
0.227145448440228	-0.052281688708715	0.318361579537227	-0.677722631962167
-0.256520108459442	-0.257707972299874	0.0913521079956455	1.05281028229383
-0.188693438348523	0.348883481228505	-0.661143497602046	0.396906249201297
-0.0202014232698065	-0.21795027820841	-0.404043840685949	0.529383333020871
0.292780099478939	0.268092485003041	-0.160989179784116	-1.06371473013094
0.362397922958568	-0.175267731572987	0.175550099487444	-0.873552054343478
-0.139972897379554	-0.208164384547953	0.0937508364042748	1.28825055723644
0.541283827762878	0.150963557385552	1.09844242260373	0.312139830078667
0.322935992060848	-1.13636210247797	-1.24406853373109	1.08934332944951
-0.356761134590357	0.212245272650687	-0.257179837462748	-1.06414682235189
0.156777070848111	0.0137965592608591	-0.168694305482406	0.00659949332366626
0.0166365975271402	0.345648051065659	0.0815871125901086	-0.97744802237514
-0.425734777761416	-0.579098411399431	-0.506682301181142	-0.386332059595395
0.265269301172477	-0.285911398451115	0.275946565783057	0.729243919812988
-0.0807062266134005	-0.492591817621554	-0.573637719562237	-0.554645178546719
0.171987665681164	0.533982716380574	1.10028287923268	0.411794025800143
-0.599094550592954	-0.322263860755397	-0.424780542726369	-0.976446096429752
-0.114801789537187	0.0641018721880134	0.0094523089182238	-0.187408889208201
-0.0632806015851924	0.0330255579226258	0.153918578673979	0.268370081953411
0.661330036335818	0.522925613162504	-0.775610948617986	0.0010254457754744
-0.212834444803652	-0.570355897701218	1.30763383372984	-0.491899559660827
0.270517177255072	0.58083698693488	-0.760817795737323	1.39003214811472
0.558079457778977	-0.359270440733871	0.0196041449284538	0.522595273619713
0.105292984030109	0.560742287526307	0.804696158042147	0.291038534751541
0.465795012398877	0.977332499147805	1.53369415212848	1.10091384393565
-0.464046809304812	-0.155458855168923	0.618641378663316	0.0938724978825386
0.174977616195351	0.852548009090821	0.345615878967025	-0.884171599040452
-0.122548361984536	-0.617835701421693	-0.498712693666395	-0.30929549302926
-0.0255123162068328	1.17420583057388	0.0595319251834365	0.925737492874233
0.154985222349647	0.394440555282676	-0.327065560646461	0.53122076700108
0.444834986380046	-0.412503260520345	0.0460713988158976	-1.01492015878029
0.55592733960015	0.776678646663703	0.758469200722917	-0.410927440752555
-0.546009344951194	-0.692654125521127	-0.687572574138272	0.162351135772081
0.602707240621563	0.507551154414268	0.0544634588949795	0.909120868569027
-0.167411275765487	-0.153527186547387	-0.222693258736688	-0.21685467426813
0.0562250737714582	-0.488928030328599	-0.232553859020856	-0.0718749949535215
-0.664703071022118	0.192033314582645	-0.554368443246269	-0.164495562239478
0.199344764529318	-0.709282093304364	0.252714399242125	-1.31393240995884
-0.371698076755417	-0.245985937141906	-0.680429329918192	0.923354214561635
-0.169601296431236	0.459787474186204	-0.330026442000168	-0.200938044446233
0.0694862055492409	-0.819719813528105	-0.276936656923206	0.249735238348716
-0.380062586308067	0.87233347548742	0.299393320499548	0.0703432089338039
-0.86197910357511	-0.61251227124313	0.110414803345042	0.21549467411456
-0.279496408155444	-0.347764107479103	0.796383071299989	0.427561896902488
-0.442954551776483	-0.760864460614974	-0.393577502625354	0.248118120271048
-0.273440217014734	-0.813689029441942	-2.1337478040707	-1.39540029054648
-0.32388597870198	0.393127184094841	1.2990637048553	-0.539894590063704
0.253367776282978	-0.450327526685307	1.00188859013035	-0.239275444670984
0.314126516984872	0.149456608509772	-1.21847173605121	0.158853327728842
0.467076426783665	0.702064535051981	0.00389493421191518	-0.975977698165451
-0.212919792068051	-0.317657589822718	-0.465560667571146	-0.161944010997413
0.0914648282144485	-0.281437312205547	0.201661137806961	0.779652571147481
0.918243962746616	0.869197302109942	-0.0934921607529055	0.471432581957218
1.07361558114336	-0.0177526879525999	0.0289664299757326	0.475998680949661
-0.305323822119627	0.136129861810479	-1.08988958361002	-0.113925234016926
0.755589084100838	0.0270856355007787	0.432608901316642	0.224531517093108
-0.422351599402239	-0.518280248302034	0.513057708818484	-0.384569724445007
0.631108470805092	-0.0461661369947189	-0.0220060599072743	0.521780095655479
0.0928269525641413	0.117182799611543	-0.0170144693843368	0.573800404127287
-0.191903994184259	0.19585424501138	1.15561764624484	-0.772245321355574
-0.263107805916875	-0.355066724292742	-0.0652054039296901	0.925314878619541
-0.904997052540641	-0.121585665347962	0.0858689794787597	-0.546161879665401
-0.294869959164783	0.460863964346191	-0.159036338591592	-0.494360584140028
-0.00521320370590198	0.397245677043318	1.02134414259911	0.325413995588632
-0.569868147622003	-0.289202925019038	-0.386335809921011	0.136353016933643
0.60283731042794	0.373042563264152	0.359912908031154	-1.52583727743412
-0.249501542781671	0.447303401821992	0.138532831705704	0.0102239171468894
-0.220005959794432	-0.239205916245299	0.193550626766885	0.413224701431761
-0.528089167577725	-0.21917238143575	0.182666582555396	0.489637673799396
-0.67678469229202	-0.804405719945788	-1.00420653642895	-0.743348845584334
-0.0824063775238426	0.335457180275064	-0.0830007801103299	-0.0897924608894005
0.36407454898838	0.396052521590875	0.913752351837485	0.417800477097551
0.345849253943171	0.142608025476516	-1.25861746493713	-0.757096593452294
0.351695542872932	-0.522835637019753	0.250790905921294	-0.517643412393585
0.176744544018671	0.161992006614388	-0.324430122734589	-0.172713193289311
-0.199658385354982	-0.375783226071527	0.294438836013882	0.507571184799645
0.43703439276713	0.191686707831452	-0.130565003328887	0.0578179156066913
-0.0496882095807983	0.0124550805505401	-0.412246304627749	0.707592617690141
0.285357979409093	-0.496872753864342	0.515092449318793	0.512284725863678
0.264296662022973	0.585704519866805	-0.303842994044794	0.907162323930357
-0.200494760701601	-0.419687522031902	-0.9686624099604	0.405629910334422
-0.46602616687592	0.60387398331908	0.2558807373624	-0.592791803997144
0.698944593817248	0.0905898207097474	0.642027626375037	-0.125643197668495
-0.309486182796046	-0.041181551758135	0.273032484932107	-0.390639329972279
0.0535431182867714	0.0171134868341769	-0.147088139481784	0.435278762081574
-0.0255297174088861	0.913911957435635	-0.355759059415823	0.0479525274164037
0.775837590321441	0.234997873386332	0.255460075071248	0.414384269962844
-0.0223229168893414	0.504702440569873	0.823441300170916	-0.0941941372864596
0.499063003518198	0.221353499528202	-0.514357510355717	0.725822299113193
-0.697640165424607	-0.251969510894176	-0.230025326329637	-0.377211268710005
0.176232331439135	0.137117513816727	0.226961481823444	-0.125777662696651
0.240076185631241	-0.0558552752652276	1.14644673315142	-0.106568595973013
0.324627689337254	-0.3452863794772	-0.136881321454599	1.09369791893179
0.0265138381625633	0.996758079394776	-0.124495253042813	-0.228589183682348
-0.379095718491151	-0.36070422617235	-0.0166908650226747	-1.22465098803828
-0.716542345701793	-1.16429697387817	-0.0479214204689132	0.188423621002635
-0.0902521808975819	-0.274052355238374	-0.698156503091891	-0.217104241230452
-0.448896414801738	-0.195066477417176	0.406338049658757	-1.60273649849652
-0.368223091738939	-0.2316874547433	-0.00121617155194844	-0.191738168111564
0.356092546020502	-0.532666544579307	-1.34491625140073	0.72089066565979
0.297414975763525	-0.154607050082362	0.6205774134442	-0.491903589194866
0.150101903701734	0.31688756823969	0.241416530924464	-1.11217658048567
0.0238925668589304	-0.122520038214845	0.0723753266863005	0.669576918803158
-0.0454680736756446	0.327753921897657	0.143714013778137	1.19347172004086
0.155419523041279	-0.167016234643652	-0.713610174866125	0.0332342140617115
-0.208801634404518	0.18363797898207	-0.229220304432556	0.109580586166856
-0.178278069801519	-0.265002774483448	0.828700577148777	-0.432055874261441
-0.0843727346226719	-0.0589522422731045	-0.753231327456667	-0.114413109951824
0.438893613966024	0.71407500574618	0.853757827779935	1.65068376954717
0.117842084264911	-0.459807019962868	0.74325765387892	0.558183940524506
0.0269499858528667	-0.3682259763139	-0.767300136226552	0.594807168375283
0.382265929207133	-0.204335565272847	0.598414983848823	-0.566301940707421
0.235431109864145	0.400721535980658	-0.575381718808612	-0.716872382682749
-0.714471193301771	0.201682620910471	0.208519191717612	0.143873408895791
0.0589230578462785	-0.640521503800972	0.833345060699101	0.425139566430348
-0.251811683425613	0.0294505258663777	-1.21911626314675	-0.540883499908168
-0.223826321547274	0.221094013332823	-0.136049503375037	-1.1904582830939
-0.421518478265387	0.296635982999043	0.350706019671873	0.289978332538807
0.629376722013368	0.524228440962292	-0.340787347694608	-0.324196361133356
-0.49061277646099	-0.702007430739333	-0.408928889315905	-0.160596469837449
0.0093233647377446	0.747648142312723	0.284926675444442	0.0233145349878452
-0.382892683213986	-0.749105759325728	-0.37429367297488	-0.132082501223445
-0.0389220796261317	0.17710743629994	1.25457226616055	0.34923778384751
0.290472811087787	-0.071424924647971	-1.6037138255177	0.260255265475394
0.0467847421145069	0.596916469513959	-0.125619745262501	-0.786954515342452
-0.237442078277387	-1.27232228412102	-0.853204714377921	0.796472827987016
-0.242304467385684	0.382661223234204	-0.00942263183488777	-0.94999000675233
0.456254164855013	-0.0358640528361771	0.200556588802021	0.593937316186545
0.206673470000287	-0.589575031832484	-0.151996219033376	-0.643555627604692
-0.2917968210296	-0.0966043400883901	0.250014854587967	-0.724672863578855
-0.176759500172078	-0.0706226991927477	0.335851860617518	0.754324254993877
0.0921206865403208	0.895062758514039	0.0782199643617414	0.357333403241273
0.527222696795728	0.87213332211835	0.497500158135358	0.351592752838873
-0.00517233420586314	-0.557410610123129	0.111318137700214	0.785872645693914
-0.317032845058464	0.0990289487869011	-0.358930420165477	-0.265156635404451
0.716660303248434	0.492833102527842	0.872501917398282	-0.347295001261994
0.268174189894471	1.13957910314936	0.35216944238882	-0.529555468947447
-0.365396447556043	-1.10904030359781	0.278270291379308	-1.04945604438143
0.407316167462818	-0.0481224725954938	0.479524817745555	0.525167941780865
-0.394047265597134	0.00378287569540617	-0.177938596378711	-0.201904380721556
0.021799023623742	-0.494361953057373	0.0678152320695568	0.810640685487468
-0.556032120125954	0.227277990650198	-0.422415662995721	-0.242788423548023
0.00968572322824694	-0.0533801027710988	1.02778777583418	0.902144037585918
-0.396878324071311	-0.422293269969104	-0.981290957812268	0.0603011875604956
0.266800183711856	-0.260633904354506	0.466063769637964	1.18890145601317
0.068223350939797	0.282006789973024	0.415016070496955	-0.0533491864412181
-0.245981890876915	-0.263450586200833	-0.691071013478058	0.098033607303681
-0.177474028559483	0.469327798590097	0.746499598194308	0.64993572686833
0.873414241443412	0.188393486313895	-1.51604492773227	-0.197555480600543
0.0209327690957354	-0.290499237793567	0.963098583836245	-0.113911622060089
0.254944086920506	0.323654047837796	0.152786408041911	-0.966737313115971
0.0508269713592505	0.631324877543975	-0.469264519531694	0.792505068948465
0.156857756537004	-0.655158711108907	-0.433302711139077	0.123138391479105
0.595591040765986	0.237717690417732	-1.04831374826669	-0.942974364055578
-0.0783594746720383	0.232325349840193	0.378844219081781	-0.648901470287883
0.287429343100482	0.512359440007313	-0.176978150717007	-0.0842651025897745
-0.182960786185219	-0.714036952210317	0.299365428232114	-1.31305792348823
-0.0334608629639989	-0.0894420247453319	-0.278726832138944	0.0877645177967699
-0.0568486757052333	-0.20627554588873	-0.231793141657285	0.686962672092082
0.017169363922584	-0.434671909246888	0.297561770226945	0.265780917796806
-0.229555341859555	0.142010387300227	-1.26296044264328	-0.076577843347388
0.142911169679082	-0.38879065499085	0.524969199594625	-0.0524258359416595
-0.010636241116732	0.492338317243044	0.156924648293598	-1.22111696100784
-0.573183785333948	-0.367071189837683	-0.466631043529429	0.387302471458584
0.120134328478467	0.37210983049932	0.915750710706407	0.68930316552875
0.319694957335343	0.333433068549522	-0.142379296941564	0.395917291779674
-0.742183910741267	0.0703089426621014	1.14625842660445	0.322779779940373
-0.315552326292976	0.367307582590927	0.00942753046879291	-0.550206903456763
-0.166877907857514	0.260827981847186	0.536421672937146	0.232321414441953
-0.227270519345502	-0.585105119820456	0.488103052084265	-0.102634658112057
-0.124683625626239	0.349618407605925	-0.588921843117145	0.769641876300219
-0.0300981880240002	0.126306116585006	0.412919943836139	-0.158203293171275
-0.458348379353178	-0.755261433478954	-0.58841435397996	-1.59353475789983
0.278517233864389	-1.04340613067297	-0.0828484567419673	0.253199535414493
0.22916836603043	0.547981580813322	-0.467708159904807	1.01931662656152
0.100351320756513	0.0228246289010211	0.0627958071806168	0.363022412986802
0.0169465444338823	-0.636934577076676	0.339691066190945	0.0725814908504924
0.667682715610578	0.355460429125035	0.0115752359451709	0.628492674843061
-0.390057963341858	0.432787348585959	0.558925608348897	-1.12732509860955
-0.0476540550695841	-0.103607967542069	-0.912546556513799	0.0543790794882073
0.115480434081856	-0.551081532309812	-0.464868774432675	0.264222223043795
-0.301227728123845	0.358314888050953	-0.398235888860296	-1.20736154158579
0.174819303344238	-0.214677671725113	0.0839665807598398	0.459801072744725
0.253197139130097	-0.172617907710481	0.0429951933264547	0.801411548803704
-0.109276750826933	0.357047350011355	0.189123378889547	-0.185541216871363
-0.245299268194925	0.282762694284032	-0.495967164647569	0.0520708006910613
-0.368994607748898	-0.202879817970415	-0.118755119678575	-1.44094033484219
-0.309521715010076	0.0915233805929598	-0.27849385343671	1.19117381883582
0.0169585750151473	-0.227275559231118	0.310054208879901	0.311798136444205
0.178049297461603	0.314494730578183	0.639120977566646	0.208025986731494
0.0681967458672974	-0.210914902237147	-0.296685775508937	-0.364279597275147
0.121402131361863	0.611108974558476	-0.472975241112934	-0.29431946810674
0.767809418501879	0.299406228689135	0.658215353912132	0.805062448062587
0.578042155121984	0.113457319817079	0.547545708616998	0.462155258726023
0.464021180212189	0.262027993052862	0.617949303810767	-0.192256160508298
0.208278095432313	0.363191394700213	-0.177302270817214	-0.34326828951159
-0.247348978492119	-0.305866978902379	1.00430470686643	-0.898621957149975
0.295546944899954	0.288260734786654	-0.14546672306396	0.597888785661857
-0.35755043510953	0.508378158028364	-0.162273812319851	0.951348151828584
-0.0250654039922815	-0.828373139263509	-0.390467272405801	0.452676539746731
-0.100634985982169	0.13413076925519	-0.50840429659392	-0.0274268522187285
0.475328693523467	-0.779519802019376	-0.877102701282341	-0.945902596968144
-0.12232140570762	0.82245050346788	1.09952964196859	-0.294327936750443
-0.298088742801331	0.00143050632883286	0.131197938796681	-0.527819400160682
-0.456025571108608	-0.559295195935513	0.479218212570566	-0.127116955941759
0.222065782626528	-0.256421611651411	-0.966738583217079	-0.266589751776387
-1.07744988145572	-0.552158959476852	-0.445488161197801	-1.13275857842852
-0.247106069115214	-0.155571386245434	-0.830070995765225	-0.721566068392972
0.27137836236738	-0.612075962086456	0.0289433546445989	0.669711809442427
-0.025606231968957	0.386078129966273	0.777670882899918	0.967886294846851
0.462413332082974	-0.557085838986058	-0.203404500784376	-0.62034760808347
0.5438525466362	0.667728213608908	0.0139535586426898	-0.248278917154353
-0.630524372147021	-0.232042627412567	0.612404239191118	0.271942969990101
0.206409567243257	0.157352609225469	0.135563729561023	0.468731029765463
-0.174417049241357	-0.444494764032026	-0.0868023674886871	0.374690167147473
0.191710532784522	0.601475150428537	-0.149862640475945	-0.459280495213547
-0.74764045689879	-0.384226802589272	-1.30683239927706	-0.416579934735219
0.499273875445848	-0.130495381910555	0.417506331753789	0.813773592836811
-0.218732472173668	0.184700578840292	-0.216906745192816	-0.383264300508776
0.14459732536752	0.967925477914533	-0.580035962791559	0.0252999970323107
-0.0622304671178999	-0.757392713648544	-0.0934177201011353	-0.0173497873618188
-0.0423183612518403	0.453708759931654	0.706675067132948	0.444456449776684
-0.421951340081699	-0.177375119380462	-0.344966415216622	-0.149008459109819
-0.36366851004906	-0.454920150892356	1.12456386512829	0.491272347952232
-0.456423769625397	-0.0747311546569807	0.629313699473912	-0.633413266617207
0.118639607232445	0.198482603500393	0.0155119824802884	0.403522826647757
-0.0684433171895657	0.086536700381496	-0.339841281453961	0.110631308254391
0.258775244190096	0.387613817678937	0.0262713440926948	0.869134576744342
0.315270713524733	0.715582123821651	0.559172355393401	-0.443944702099358
0.42211549220282	0.192398403251156	0.533000790101753	1.50356173903716
-0.0614241386128034	0.967895431623062	-0.00164219438545215	0.576206300023922
1.0069019695382	-0.193596393329347	-0.58045308571298	0.381205983090856
0.323078418339441	0.224090664404204	-0.619952281940981	0.302478249333164
0.695437925730147	1.23222995238397	1.05930765631655	-0.218287609186743
-0.154918929479302	-0.387515991842092	-0.418692010670755	-0.519810038488924
-0.219894276272353	-0.367044721845165	0.947503434450358	-0.0353492626468461
-0.0871764457887472	-0.179700034049675	-0.612043684965288	-0.827598552033823
-0.101161593424478	-0.331754738140884	-0.201264502460335	-0.833325406690462
0.359087931596196	-0.28198539988716	-0.21780139202871	1.27152758011542
0.11220417364648	-0.140742156834714	1.14720314673881	0.299165965549645
0.119325777935624	-0.0685915454576167	0.597138293476484	-1.23375217007484
-0.251358011789489	-0.499944921517138	-0.916975958263543	0.47720351556249
-0.10207288399389	0.46097090086046	0.327631252885825	0.436492191766364
-0.173622709743843	-0.960417071844101	-0.788064098012426	-1.51457697089089
-0.410816860622705	-0.469111835099406	-0.814257458878128	-0.491350285375792
0.0159298442386891	-0.0343579195795427	0.130974844886731	0.60746304183426
0.0432755413189118	-0.386877811486549	-0.127418418492367	-1.21900615044081
-0.91551540140526	-0.166089728525928	-1.08938573531975	-0.820743211228502
0.000604532107199931	-0.353923082541426	0.406770477079353	0.656819555723281
0.198282276920397	-0.0523466225278632	-0.271632566838028	-0.865035658819293
-0.38392393767981	0.102867487277438	0.0150698479028515	0.912982895718679
0.0807132926009066	-0.0515338942494057	-0.768741962781321	-0.77988825017208
-0.30144847336669	0.174831224144388	0.351207444166223	1.0367405136549
-0.293084192112838	0.128962188294594	-0.0635742458858123	0.203997039080568
0.431064633737136	-0.386711366944597	-0.440815366845565	-1.05527547085528
-0.28136211181713	0.1584185635557	-0.203582300413109	0.521198389523651
-0.553379959196576	-0.78663323683704	-0.375612592811835	-0.849322222631093
0.100050718980552	0.374036052635345	0.71415272786586	0.192764795307273
-0.0502876097435513	0.142500728298702	-0.338824527545791	1.75592936015237
-0.225493265117146	-0.236424561186663	-0.183493829859455	-1.32921351749628
0.217187525733788	0.871097804449577	0.943624649772824	-1.0175831892252
-0.0193402405845402	-0.117177961039887	0.656159477550717	1.22062360991128
0.401251609375914	0.0179607509034759	-0.15341080632031	-0.214357250172039
0.119387492976883	-0.188120468530956	0.0241541803852196	-0.545493821338634
0.709894438079186	0.109029632621666	-0.0332524170480193	0.434118063262087
0.213245420457541	0.696317622546144	0.81979752325561	0.691351946961546
-0.0403629293242529	0.90119208475482	1.28539985116178	-0.26278670531778
-0.116158215786891	-0.634245957366652	-0.380443851726381	-1.21440315439586
0.0554691400076182	0.455275923306931	0.040015340162936	-0.0279744857524352
0.0862356264772056	0.890980148225239	0.340239942827385	1.15655527031401
0.0570475943648384	0.55541401996693	0.0624883961477582	0.878927014563054
0.0276862591835252	-0.263515815711492	-0.544542608755398	1.06764521582091
0.116887180291344	-0.304036557248318	0.160719525634482	-0.450539108302962
-0.633319601605392	-0.192377122149171	0.0620528042099635	0.218560803516141
0.321826955457789	0.474656632807293	-1.0255475546423	0.296565677383408
0.432750283899923	-0.444327907403983	0.461325164206748	-0.550639706994098
-0.0576785124344447	0.0662634219583435	0.24648095551928	0.33266996553048
0.361387058103829	-0.0861736328397933	-0.883140810150243	0.517248464719332
0.298607097116568	0.46468391118268	0.767637654019111	0.482619457932852
0.0558554837852016	0.259628236252661	-0.141786838348092	0.439717185403029
0.19200251539181	-0.338844017585612	-0.159716884930177	-0.190199301380532
0.670881895644902	0.184325721979914	-0.0787645589538191	-0.494476083791294
-0.549581871817349	-1.09669294514122	-0.194455484634736	0.392658123996201
-0.0524325340951331	-0.283745656911248	-0.0718266848055289	-0.0809954451589537
-0.332708147427942	-0.213299225256816	0.412809766837643	-0.310231967188888
-0.505001276373099	-0.554528990136381	0.316345840330158	-1.25885010685629
-0.0130105294994929	-0.427482188798876	-0.60383557498261	0.931145403703834
0.470833780877163	0.294339219933902	-0.310180630784185	0.135370642043063
-0.523337735724544	-0.104983505363397	-0.203710338094428	-0.311302468187926
-0.799955352506541	-0.49318882628258	-0.0606417992851989	-0.601935135865127
-0.220867300595302	-0.170003085072739	0.334868908266786	0.647753039902321
-0.59157413449973	-0.0745381444572769	0.321651894913477	-0.597677510366535
0.111607854264266	0.423655282572689	-1.14926016601904	0.362679616316823
0.496253145491102	0.194802898430996	0.167517332974116	0.479041474450344
-0.130181996574617	1.03878633194146	0.453758688639636	0.170728794296211
0.155671208093891	-0.236418198174344	0.34592135980726	0.635414252059138
0.49309037942791	0.00769745811930869	-0.676288899324535	-1.4092924715536
0.170866153384899	0.448159642788124	0.204876574640507	-0.444610496475718
-0.0865740530931404	-0.384285635343633	0.362897535185904	-0.257076827524634
-0.214462701970351	-0.517390782888017	-0.248038261818579	-0.281288523610611
0.157363103789275	0.210233332693564	0.233058763700617	0.550226034405458
0.568704516790935	0.561901587683296	1.10703627066303	0.428981256550642
0.29343500622765	0.42193368540632	0.426204551001725	-0.555696828822412
-0.466224079359291	-0.12548925727368	-0.723524277742536	0.770527930006268
0.78221975534326	-0.159914704427851	1.16963416241507	0.695353837895043
0.0231037716773995	0.00446746087433455	-0.572087005468418	-0.448815878303758
0.221765988813813	-0.387494087569707	0.445623123362432	0.308618297415921
0.186576165923768	-0.00241040369659159	0.0269015184726962	-0.139449075316847
0.109369967950403	0.539125814777639	-0.539190112482483	1.11513492288689
-0.183803078910679	-0.108403269218771	-0.321525291064132	-0.154844045499394
0.245366233350452	0.58004117357117	1.22567503553657	1.06875294727354
0.0385722345492356	-0.0967698144757618	-0.777745242617806	-0.158919405239226
-0.276659005331789	0.0714062457135628	0.31904346561327	-1.7603328307418
0.24366580090529	-0.239749972809221	-1.15113841037001	0.938387932937971
-0.0510720199974016	-0.0626970571151556	0.980157992320329	0.284682210690517
-0.388088872305852	-0.167802316664799	-1.11761500691395	-0.465900112423546
-0.0579929466009076	0.221449220410468	-0.293305048531606	-1.12885761143239
-0.464485463069083	-0.615542533506011	0.257917595440752	0.275407454432359
0.23674991686649	0.296702581764404	-0.115481007238797	-0.680351694410144
-1.09646414337526	0.351864615161436	-0.848060647486754	-0.462352501870043
0.155442769655058	-0.595398125508291	0.442864028103974	-0.604289681751964
-0.554878819630993	-0.300717693100678	-0.387663194501568	-0.0227418680645366
0.102492380502113	-0.340562903298557	-0.485161912368021	0.376179304377998
-0.179825991014412	-0.106421747743349	0.418690035162061	-0.0321593117841561
-0.103985427518348	-0.82526250094164	-0.376654476603509	-0.398133403061017
0.0270759284118321	0.551513800974512	0.0555512892181044	-0.0794678030891337
0.282195431696611	0.0114400465791222	0.0434850131700764	0.607729439543069
-0.195819647565921	-0.119399674285174	0.0496670654693436	-1.70464199372378
-0.278703154182656	-0.528754180915295	-0.42660431264574	0.717871023699572
0.285317263442056	0.268848807614336	0.523822525247633	-0.94277008694288
-0.3703979860877	0.216991732569618	-0.278282679297783	0.892609922408009
0.000104726304947375	0.35606461082759	0.0450146311064102	-0.617737926137083
-0.251168614700145	0.120606000068637	0.180315314445204	-1.00747588313451
-0.223416894166339	-0.240509773665752	-0.330180523451639	0.829349008260562
0.140059502710223	0.299793667399444	-0.00749034404517949	-1.00216643393495
-0.0965325582871039	0.257423708794239	0.863994072427179	0.736883253198969
0.00254684566222569	0.725384430863326	-1.06753853752111	0.344685427680108
0.142108259018361	0.882843507939612	0.322407270389186	0.759444654198828
-0.00472427517718208	-0.820441321172898	0.286072676719711	-0.293319034614771
0.54533164725028	-0.151930882433791	-0.0536653950754052	0.567332689676206
0.101099985621843	-0.405800296527399	0.474382969179608	0.558573439065821
-0.268012363398775	0.154314054260614	0.116962165281675	-0.548306844072598
0.137316164458433	-0.213928658360662	0.237178184475474	0.20931657427326
0.0428030626068553	0.530797749646996	0.216452638831666	-0.0668295716984208
0.375757526557415	0.486552866691913	0.601919388196371	0.932568286000366
0.1717387724732	-0.262271352436312	-0.256836967568328	-0.490383380435556
-0.312785169857628	0.2613886868284	-0.689218415688735	0.448125142600307
0.193637930987912	-0.284490168287106	0.83215367144806	-0.0640336633386842
0.0735894155361788	0.00505667159633937	-0.723877641280127	0.371913782178652
0.090245059727008	-0.520514763526007	0.355342495494043	-0.388389543103671
-0.00312163592624554	-0.407293792947557	0.3089749288275	0.444880099740507
-0.167467549175124	0.106315386641214	0.161798364518814	-0.407892102361828
0.245146313122783	-1.08173063616834	-0.00263170081460696	-0.088664680760541
-0.195386139656939	0.197841710699347	-0.714815254107988	-0.10392308536436
0.0105382859191207	0.858471226657	-0.229141306601716	-0.208685825043535
0.26691718407871	-0.605992821403107	0.385422677123859	-0.51343292679378
0.315935628567682	0.202542176977844	0.0928677284334344	-0.283478359303295
0.0478419196748826	-0.596521473116733	-0.13893920370009	0.991846909058264
0.718688153244818	0.338869414688143	-0.76512579939571	0.0222326015271051
0.520963620838927	0.610083532022675	0.492493186967158	0.0800857728556674
-0.539340760093042	0.280294715067462	0.597693337350313	0.876226907380252
0.0395315155943879	0.81497002369148	-0.514593606868725	0.939934088227441
-0.0344560083792472	-0.316167398832733	0.0409478481033899	-0.439456472929295
-0.228939186025713	0.0196465947502187	-0.504400707693973	-0.355911351480358
0.28904864131301	0.148778566975735	0.0832455547879561	0.699459489747048
0.20998740832966	0.366164210049679	-0.0112870796811604	-0.631364363670757
0.301669795217657	-0.00281259861787143	0.0815660116638868	-0.000703428997060528
-0.373328019038382	-1.12118835737324	-0.204148133528557	-0.828242200708795
0.263176975150559	0.523749724360759	-0.597239449285987	0.0838835045144679
-0.702774733267161	-0.152181236056316	1.11481255134645	0.462930926557823
-0.000556596786389739	-0.371409988760812	-0.22958886207488	-0.854711339590123
0.12445469056221	0.681452975920409	0.0606009710369585	-0.142412547386552
-0.477204268403364	-0.0466215832985085	-0.0982110549932364	-0.0398053911979995
-0.621249556119629	-1.00369665824581	0.313980005565203	-0.718773673321892
0.253200846497025	0.018666793362291	0.717215342742763	0.421041288036955
-0.135190843434316	0.565773402820713	-0.450616157848065	0.246141375219142
-0.266577543054361	-0.826334831920095	-0.201509503782391	-0.548749499650415
0.00780806912173857	0.352143453707745	0.494000509904311	0.0252444443470837
-0.556280669096481	-0.090010297816907	-0.178431395385481	-0.576208827009227
-0.336135832477217	0.122208101353454	-0.160633067970497	0.316312191429998
-0.396701238704286	-0.27073892934088	0.250421263089921	-0.258528273927143
0.562178596084557	0.14513407972848	-1.14605451073042	-0.0205539134513474
-0.0399674679322077	0.430985460799422	0.97017042037017	-0.525319677697921
0.0236964714954723	-0.131248479872121	-0.0101900938209124	1.05098656431854
-0.320366117218095	-0.461169005792919	-0.497823928015119	0.439241199400637
0.253001468644929	0.550002578083193	0.257722271521792	0.53932324715162
-0.141528775025377	0.167954839630406	-0.760618657875638	-1.0754307927685
-0.164170177759559	-0.25441885402088	-0.416772942001307	1.03073287035936
0.392784236951128	-0.176483218749438	-0.323139865487456	-0.0336555986858979
-0.75529490493033	0.145122203601525	0.926029283635541	0.280349517465029
-0.121275322845992	-0.275144480769133	-1.4297856092159	-0.608914365653941
-0.0872448648869748	0.547892966872885	1.92521769163851	0.418295313967961
0.412203116620815	-0.582253505336823	-0.642165045922019	-0.522512239204326
0.432128150708292	0.550824348241647	0.272376703234233	0.00597616392919689
-0.207519774668995	-0.441787833605472	-0.414362586584744	-0.397316966456841
-0.0048035414779406	-0.433206651837907	0.520818295281259	0.340956937110468
0.0385612302411115	0.154380727423932	-0.313408611222839	-0.114701288337415
0.414412221537053	-0.458622577756926	0.15030280079702	0.494593962566347
-0.0688515299647505	0.453350937685837	0.390590620126256	-0.221134698795121
-0.082333312849245	-0.0301223422364872	-0.380430046359238	-0.130933698879029
0.319586112894918	0.151725095852672	-0.878065442245339	0.174886339914661
-0.168209945788263	0.0937238837210309	0.611227194000136	0.128633036368873
0.296259639646136	-0.0252388819146204	0.845230820808517	-0.439593094832558
1.09579856564422	0.47086888595847	0.667183498754433	-0.187786613677662
0.124643284797512	-0.648037509236031	-0.729810367510123	0.0565331214022486
0.579727310580106	-0.0530743148649577	-0.891548498946042	-0.0957399951676722
0.0738972688449589	0.228357613041592	0.248422174268868	-0.0956139905084888
0.161116237288634	0.646141980936623	-0.0601879530085176	-0.0643896175528829
0.129417607408541	0.53319993046564	0.433523971436496	0.884597890799365
-0.0498848969779585	-0.112986164412544	-0.575973179004598	-0.539168252594085
0.754654877022844	-0.154791309111801	0.670831195519707	1.10344178847105
-0.265710886506321	0.662980151371552	0.552280349172105	-0.411507361734742
-0.0173342925829269	0.147725274249113	0.0442256317118257	-1.30141315138452
-0.195404684960235	0.31055375425162	0.978280103295314	0.119684569292992
-0.350624095504202	-0.109823925232428	-0.746519446682375	0.151371787312815
0.0768459671930266	-0.054545230865238	0.353898048050565	0.879646878718051
-0.240240414277885	0.321134031055944	0.0683080382893392	0.36112427687536
-0.813282998813651	-0.741637503547248	-0.236503515749449	-0.581777912711849
0.14828648396835	0.0948260174236566	-0.319143778136055	0.113049107164429
-0.172087096843208	-0.511979336004658	-0.287915499542114	0.643856238111798
-0.0116346197722831	-0.630587306970512	0.0507979785900065	0.249877027593876
-0.25118293324888	-0.27964820751548	-0.279624253821495	0.194706280515897
-0.240990350495009	-0.0300344987812536	0.307855316912522	-0.0762642131999084
-0.313540945902578	0.757814276865416	-0.000951704977639038	-0.573151257350676
-0.0887665105202474	-0.202869618365302	-0.810396738655296	-0.166053133967075
-0.743144876102703	-0.441145370228987	-0.23816713784796	0.16976606316917
-0.225803287295089	-0.43614545539069	-0.373740720378045	-0.717098234136273
-0.0446740510391582	0.170093337139142	0.111573212351959	0.086893437623415
-0.0694964049606707	0.191378531097816	0.116849903872095	-0.473452248752198
0.257852280153016	-0.568490624916624	0.279341190660084	0.145892794370647
-0.267589657609239	-0.565284912629019	0.147722260607792	-0.119119137030928
0.0131505303815656	-0.134689856097297	-0.472975820129398	-0.323097445990582
0.228701030753592	0.38487549063561	-0.281810749565379	0.419305570684139
-0.182002930472637	-0.152566433011903	0.23862737447764	-0.596986417836719
0.18739053326153	0.186708617308407	0.0716505689941339	0.365774685542108
0.153242955501005	-0.52193243091588	0.099604260708736	0.82294126378911
0.116164285022646	0.0634804410846715	-0.419539840082051	-0.668743332724969
0.116000095724454	0.758205915331819	0.85250208938194	-0.83714626200248
0.183268072270761	0.250489770517921	-0.839601629134957	-0.0391520642053101
-0.0457099111373797	-0.217160222081886	0.347146600040909	-0.226706228628297
0.033014183045276	-0.227197947430318	1.06885423667952	0.605517093117854
0.135111154589268	0.925337372014581	-0.50576996172826	-0.0829186433111544
0.67876047520302	0.605810822835149	-0.735476064804808	-0.268766482724822
-0.114502581160359	0.184115611850114	0.601269450311952	0.556695442809716
0.108665561888814	0.884540740783779	-0.67085146820855	1.13485643954299
0.105588334846791	-0.379585428987813	0.707314637889463	1.14505232407517
0.00169290271542286	0.0897748086833615	0.204348551117987	-0.395041284572098
-0.299165639713198	-0.553937704772682	-0.881399862771808	-0.775077135448693
0.0722306573833311	0.111949701697156	1.38808087044221	0.388830785613395
-0.473290907162615	-0.958665399186764	-0.041081897590591	0.0949120246170447
0.209867092114141	-0.04703142716715	-0.322480252884554	0.592199505134293
0.438412909881865	-0.0881796637990334	0.269185598977115	0.490215355592924
0.217497140439316	-0.125872652784276	-0.155157568954824	-0.838489675212575
-0.204397468225681	0.151555073428296	0.678753305091408	0.55598961307201
-0.0238748632287555	-0.0289156383084206	-0.841224623509065	-0.937201640298224
0.176557838971214	0.458558910039214	0.757539727838236	0.525123908879787
-0.652197583706776	-0.500139529514073	-0.265211789201509	-0.437851948420154
0.141551108818341	0.667991977214167	0.253944940228048	0.239721441653242
0.399625622153317	0.704954702952255	0.394240759811289	1.22120906001108
-0.303323087648402	-0.0326276355381298	0.256740215058611	-0.724612378531727
0.338207801239988	0.396396137391896	-0.382653735317485	-0.443899072005674
0.256234913147106	-0.32590047360056	-0.742483745541216	-0.526993305456443
-0.573600386630996	-1.16235947819337	0.297978598157577	-0.203798932309072
0.160404406078056	0.312224273419573	0.342007362543752	-0.423692233070356
-0.340645617618022	0.201023469123703	-0.859734899877059	-0.366124544216605
-0.418414473331174	-0.381367077695451	-0.613035175262746	-0.479877822553894
-0.0284518688220032	0.00737438982661476	1.32696688541353	0.056411818455552
-0.28877570875018	-1.11095463053387	-1.64957109732727	-0.604270864185364
0.265817634870609	0.577600848517086	0.750267440243855	-0.403335320209916
0.550299969279222	0.000421308905282079	0.755740766634972	-0.115603714084719
0.0293136609277634	0.675988400484747	-0.252069027221877	0.0073566834621264
-0.251886871906182	0.110225408425284	-1.40358772668488	-0.442191506167363
0.352730305486462	-0.741044511856212	0.162189716318205	0.206712312994299
-0.224687206675699	0.213335232959787	-1.38017986497579	-0.872941501501709
0.264733213955137	-0.718350426040761	-0.217689691349493	0.281076378230285
-0.130761106582032	-0.443592261593542	0.687143196580705	0.379087248750064
0.423735171130146	0.537857452460338	0.215905848387986	0.607407841257531
0.048873348925141	0.0220847674148583	-0.417863842808629	0.388002679614347
-0.00556845585862694	-0.121015924172566	0.105309821597752	0.251417554544451
0.0248213696973101	-0.0646959781325123	0.305301805196069	0.115290422784808
0.091760319947856	0.26003413555863	0.19533400835554	0.158794214766126
0.306982944149075	0.200889453360001	1.12043902273119	0.916072844670686
0.142390253816729	0.924121064544331	-0.255756667575427	0.870598605952962
0.0127559456943567	0.0324201552820007	0.233659926788551	0.123770745219078
-0.320018011676792	0.0828680033464103	-0.222224076414554	0.304038723823724
0.0200066348473423	0.188495582966023	0.75107829102713	0.615318428986618
-0.206938056863629	-0.0727356743531395	-0.406767385176455	0.172597000994222
-0.0431273471806974	-0.309065913365496	-0.200276741255691	-0.132775120820236
0.738888030310236	0.680454578375327	1.85349398438855	1.03019893189163
-0.508451706581602	0.508682314480571	-0.679413987406674	-0.993625791652865
-0.496793090730382	-1.09531225347282	0.729416738948165	-0.906146330566334
-0.465490930816872	0.406979116821849	-0.395684888344294	0.171590266715114
-0.485504654389762	-0.434039895870424	0.0277787575259283	-0.603163244855277
-0.257948783460453	-0.0330265774358297	-0.0329883683832812	-1.08297583560574
0.118441302201498	0.0522966380630019	-0.141358955316454	0.0548381273464117
-0.120140390931506	-0.405798660530322	-0.617460611545293	0.277810066427765
0.435074348324877	0.191334642381533	-0.325613703152821	0.351183623866827
-0.225258287836673	-0.754400727070758	0.0611045928128643	-0.0353301845928046
-0.182475246646513	0.192584845206916	0.18117379222004	0.110498225704148
-0.00370405946343391	-0.528464941775021	-0.254709879951701	-0.336693080321893
0.231211562437897	0.420351889849365	-0.247920986964567	0.739203077325287
-1.10715716750919	-0.734394820831729	-0.391547150711372	-0.974431921951152
0.447834183103889	0.287291557178736	-0.0915009467952346	0.0289262473711688
0.111038608849413	0.939817862486013	0.80825309804419	-0.0462444508314009
-0.210567572079504	-0.673826082037213	-0.750318309536341	-0.528083053930762
-0.131894266789198	-0.0757561745487912	0.228686916867092	0.291255783739969
0.3474487694585	0.476201593904981	-0.0726381925854681	0.877530929463809
-0.484650641721517	-0.251261407438164	-0.0682401670175402	-0.495032949152051
0.776426734096333	0.190999978813656	0.5905066075854	0.010296114241362
0.282101122064347	0.0889362355341786	-0.555711263483635	0.478399128110215
-0.513064289505288	-0.495323075088009	-0.576676727476632	-0.697016384565674
-0.0597809483047806	0.291907341405182	0.0458121660216419	-0.18351777415782
0.17531472693806	-0.0252010884494879	0.573801797953525	-0.408166240475895
0.993675962472369	0.4285332114025	0.290268757398757	0.827142894433296
-0.160868642693116	-0.0855518331849064	0.477569079563028	-1.23644157536567
-1.66277746565419	-2.04250395257654	-2.16453525101028	-1.04551702783815
-0.456471768215645	0.0723973154146084	-0.257748906121336	-2.08054772411959
-0.472177517773314	-0.554864976372409	0.120435749219723	-0.00165650334569709
0.0503433173241231	-0.410815767589661	0.112782518935433	-0.472158941873897
0.179095088588474	0.0419416990796836	-0.00696589947660937	-0.389700221027115
-0.337512064516855	-0.0445907212439413	-0.400451410364485	0.370577729656249
0.22740316563827	-0.476289692099364	-0.240272484446683	0.626707034141758
0.366706134028238	0.468404823167038	-0.240800760522218	1.0218455244106
1.52031160049799	0.782702204137194	0.905950585614649	0.166580021408684
-0.303060061223017	-0.753353054994909	1.05206586376342	0.486740013643964
-0.0399290440526254	0.564021232428748	0.205116699560985	0.0240885644965568
0.196570088397339	0.889528251105121	-0.170214832424322	0.395484303671578
0.115199180986729	0.888389323284259	-0.252845953745132	-1.06835333494532
-0.0116905327999264	0.251009415228299	1.70065807677867	0.917078488045714
0.715328963412406	0.434137210446333	0.405729947084501	0.683183856469694
-0.263872484946942	0.31109955040726	-0.472464669749077	0.330262957919683
0.116331494762755	0.244170785961281	0.844200786204549	-0.805061275623852
0.402476168651773	0.324390135024929	-0.00528411325365723	1.43924505089729
-0.305413551745091	-0.346220861879257	-1.11574135203234	-0.223743684674811
0.53383886581781	0.378045194857574	-0.00562816340358078	1.17774394355361
0.635295842213361	0.223608310797608	0.338119974049391	-0.71382610023266
-0.065305979012357	-0.461462651123764	-0.439874726261779	1.31016499385252
0.153700273698418	0.144450669848772	0.40588166514133	0.756846052358217
-0.193052288940321	0.064979999850274	-0.695128143672545	0.588142297401306
-0.538752841186537	-0.466957273384273	-0.445743294878995	0.423910529522364
0.542382464258412	0.22911496651567	1.55139535342914	0.780573362085165
-0.601409026690545	-0.572547625122446	-1.23341068082522	-1.06150495349704
0.0557681775128071	-0.0840043273123789	-0.1978880657785	-0.70084038788386
0.183874281254627	0.415604970958269	-0.0924770880493577	0.491417132829788
-0.507730322656812	-0.533999837166334	-0.416172430480079	-0.575654450067621
-0.229929426783556	-0.565690676326318	-0.0193420066145524	0.0320584377048248
-0.216207552296487	0.366641932319133	0.124804112356943	0.323948844670146
0.424048338196563	0.457333444860097	0.707895530683077	-0.595048739932722
-0.234869979546772	0.16548765614998	0.067828405999326	-0.649743877753038
0.307942797060016	-0.152206589878465	0.791969840373012	0.73465865828828
-0.258155417986346	0.0516775849555725	-0.517291350127525	-0.344479664927225
0.516144623029398	0.297309837666802	0.16290089575467	0.0196546222720015
0.700431737571302	0.874819707152429	-1.10035695190268	0.585799326588594
-0.148742373714654	0.00569110434574395	1.52459195847063	-0.398972788557735
-0.206463136359965	0.105570054411264	-0.556757765859635	0.649247024165052
0.0765681316518434	-0.328680518089654	-0.0518325650171686	0.372844912039645
-0.111192335563811	-0.408841886432768	-0.30874551336746	-0.312665931196498
-0.512921331693417	-0.494964476501614	1.08426427105141	-0.798144213317746
0.328115397377981	0.246313586751019	-0.422861638262957	-0.0275795624415219
-0.657960524591474	-0.0645502346400184	-0.718657457934276	-0.251432996088791
0.058624012055611	0.360102289955851	-0.60623888808421	-0.576465478492139
-0.0318613246682878	-0.0551892708026294	0.328196184186553	-0.880220730555844
0.0418803326311268	-0.334747860393672	-0.0757235345959136	-0.50373033793087
-0.220403153548836	-0.347451487992831	-0.795627166556704	-0.34322737106284
-0.121893904140536	0.0294210716429173	-0.78129935649204	-0.297079198288694
0.0197787614778208	-0.25541882249643	0.568950673733262	0.246683599438929
-0.359874213855838	-0.808935161087268	-0.0635303146517753	-0.999403255824145
0.292762007434668	-0.225325993656066	0.513131670177452	-0.755455802881225
0.17532059704532	0.329409344308383	0.288870253090618	0.537730776805288
0.462038098947377	0.504452633255239	0.276134953252314	1.28801921447823
-0.229432411342117	-0.455268287230376	-0.628129673272899	-0.948278585351023
-0.120768529413242	-0.253274191766256	0.317196649141335	1.2090757820366
0.575396830043072	0.477932012501808	0.231487748551163	-0.225972934978534
0.180703472558808	0.249500679320336	0.444616714532238	0.513418297911962
-0.321294981067824	-0.387270894975245	1.29556935914508	-0.385443052157084
0.0757513701507274	0.458797170305628	0.503500808789254	0.447134423536314
0.154396727123121	0.167731006987933	0.288002384211033	0.337057236185608
-0.297343704072242	0.349754135256785	-0.986515713605169	-0.0465377585944529
0.0481321135852847	0.0797893666011539	-0.0930528926455454	-0.541671096567976
-0.0420112138096517	-0.793725534794198	-0.339399717186544	0.744702173833797
0.538731459661706	0.911490699793363	0.52941283433932	0.199020774775103
-0.0926578120578362	-0.189592346125548	-0.427315914854185	0.520821990622587
-0.530581315812319	0.100451727835285	0.866828932641447	0.762716549279704
-0.0800572945801201	0.383295627298374	-0.758719946328906	-0.522304591355392
-0.112866396250494	-0.279045101497022	-0.0415446183846637	0.240941050161288
-0.199828843990665	-0.4080620327954	-1.07921716012883	-0.259272944109766
0.117538151560804	0.196026502453565	0.274211477364132	0.732317407220583
-0.1481178197867	0.342394607888152	-0.987846425334662	-0.736345608191426
0.211349617674044	-0.612759901776095	0.552010439483694	0.120088334516919
0.228795283116784	-0.127613946580759	-0.826833716041269	-0.617922608781523
0.0175374066037685	0.17707448681978	1.1321885330246	0.0670558241310184
-0.00146673210728387	0.092505816502496	-0.0190916041885267	0.584611889246412
-0.0711982456032359	-0.356364215118848	-0.184501405820926	-0.207365222111191
-0.176119370785132	-0.375263780623643	1.27876311110947	0.132671165046806
-0.367705444708959	0.414526155710937	-1.95231892176761	0.340942787394905
-0.57507709324927	-0.371501570177694	0.28416744139574	-0.779584424237494
0.0401751846677612	-0.166830412338879	-0.531330428732332	-0.586626456772008
-0.186462503250271	0.475231976696574	0.49156698728413	0.851074211364739
0.0868332655225957	-0.421061776195444	-1.04479212606729	-0.417786913526706
0.172590488921107	0.154252319313911	0.0842840391465602	0.398004089736992
-0.243311616671328	-0.628991133721542	0.0158675933135385	-0.65242139560882
0.261402091462244	0.838985687011923	1.21615108009155	0.485883767516862
0.322715631478066	-0.823982066804773	-0.0925174390213826	-0.399109197788699
-0.310819588982598	-0.175160859514431	0.419736483566101	-0.444753490164181
0.00216707333544066	0.313522423308294	0.0233689820080413	1.05688289920564
0.525698116041	-0.0333618314269504	0.470434342148677	0.225188857879998
-0.158472769350098	0.705002261692862	0.289753304884675	0.24975175835294
0.52423919155081	0.154893407988376	-0.713834084901397	-0.311548689470136
-0.0656141904795407	-0.212326838125104	0.502670412334537	-0.596399417337769
0.745343750077384	0.493685666316898	-0.419480321296292	-0.0913368384092186
0.44941859201084	0.842635792319577	0.296779235922354	-0.58259400500184
0.215312574497801	0.121145461837755	0.19634592999283	0.381663105376685
-0.287104061628702	0.0926662004888735	-0.640879501809158	-0.00757713398225106
0.0778254507287342	-0.508153571648062	0.60727489674928	0.122576032670021
0.122710210741118	0.463689254101286	-0.260166914682127	-0.280083164428461
0.184206371739992	-0.441247012319132	0.213362969445616	0.0711977732649239
-0.334524981165663	0.302624443682914	-0.184451010582577	-0.231526332802319
0.422523518873023	0.646411046949278	-0.129659800987403	0.510516912130028
-0.62589789604074	-0.539895785507749	0.0178044397926353	1.03989289266036
-0.255566667180234	0.0700330050790217	-0.272617262064925	0.489294661941547
-0.35962708335169	-0.601126441978522	0.439164413619048	-0.245565001220411
-0.0737080203589411	0.439438990973645	0.386612473323341	0.0298613386349466
0.604721800127921	-0.0860236807753252	0.468994698372497	-0.87184607429418
-0.167788819384566	-0.533514979998863	0.451447219844346	-0.209032901486317
-0.362924014275263	-0.24411714654292	-1.22663825692937	-0.286227495552263
-0.250421666487756	-0.0952181280009108	0.0171191101428376	0.0255883545869765
-0.00485822053199018	0.0271113371392422	-0.637145996166612	-0.595475690930388
0.0182951575005013	0.443112882238628	0.314579465443025	-0.101440042407985
-0.138950324021974	-0.00992373095412014	-0.711079790044975	-1.38367409865363
-0.431790644209723	0.0368229543315799	-0.195146063037817	0.505593112895091
-0.0349950065612425	-0.216536355555454	0.922008877232558	0.433759467734736
0.269530677400419	-0.287025255004333	0.485407916318389	0.654081521827384
0.192974724812107	-0.0529737589921329	-0.273373366456006	0.463655888551473
0.323464626989154	0.489797750763734	-0.17117723986687	0.0791249997638346
0.192371515185348	0.136981859366076	0.159334129651371	0.265756895809231
-0.176781885261101	-0.979945029667991	-0.24424589656261	-0.757586474593651
0.046290468319239	0.404770956835001	-0.689715082488731	0.34241953448312
0.21447834756408	-0.0266115763339067	0.0570277998751701	0.786245594926204
0.0538726861355825	0.0233806033727097	0.640758775578391	0.89384653125596
-0.340906659363044	-0.591313161978574	-0.371157053484142	-1.32312533496708
0.208777748496825	-0.531035061982526	0.0372832426129308	-0.660444790818926
-0.131120716281988	0.249224775961889	0.199567255819251	0.0774453295755199
-0.66975242255494	0.176450506969118	-0.066541400443843	0.24349642615576
0.202245580494488	0.0471349021975583	0.5025664975811	-0.145182164275279
-0.146745795542249	0.0332214012013139	0.0517654828165458	0.101000184344932
-0.15990464300618	-0.110542874123294	-0.222493051260906	-0.239053582187278
0.452688945147193	-0.116145296838937	0.127104374193076	1.0383075172349
-0.697259988423167	-0.317462850566005	-0.475358077791589	0.201267789945509
0.0108112274804544	0.284883619959891	0.0660987727021052	0.535127428424455
-0.0699986378028501	0.239601727993932	0.888278655201903	-0.54697605181824
0.0994691064093974	-0.484332637525313	-0.36268179896877	-0.57905625388092
0.0513208560025651	0.0231975547503168	-0.494116305672573	0.107469671830888
0.0937208433343822	0.539738300210727	0.00387568343776934	0.405815654038219
-0.311052639501277	-0.438075408168498	-0.24887549189596	-0.809949236560011
0.0727398770721843	0.339255391897347	0.135441604510724	0.223561926393843
-0.157205165644532	-0.521381207128547	0.503045511297663	0.186543206230593
-0.438636446021689	-0.211082108406392	-0.622968507350867	-0.257660047069905
0.402780398596387	0.853092944603218	-0.45996588193297	-0.872084984726729
0.257454201516285	0.692970337491069	-0.128041387895516	-0.126395494410463
0.102209582332284	-0.15094319031844	-0.912351720747643	0.636963414547511
0.447281804601267	0.554793126562652	0.621541161751719	0.426186344480618
-0.478181587994685	0.0566322080457993	-0.401406849255394	-0.377825024699565
0.649200685651631	-0.0443005831836497	0.508750569879156	0.0912144872663634
0.223749508266766	0.410707809752205	1.05696827941406	0.662814087958586
0.802554181169936	0.705169984488037	-0.155589300913634	0.148827181928629
0.279703216504528	-0.126828337878516	0.108070911872698	-0.594414856026475
-0.00269970160035271	0.35254420008781	0.870115728917868	0.873972406981156
-0.400960720336413	-1.00374650102965	-0.561359849489691	0.091953111207946
-0.193625954439861	0.145541248159131	-0.618626548225651	0.469516371871735
0.059843195280911	-0.856128998578034	0.268001598260192	-0.519568287451849
0.402059257189526	0.425605719634107	-0.231193643186628	-0.79188978217561
0.0479963812420407	0.179269655281581	0.301166879647403	-0.0642980193068623
-0.277508863834188	-0.0346101537622118	0.235578538962263	-0.451516406625081
-0.0157959079835101	0.44250943445284	0.339959253913539	0.524960875663396
-0.0341672509356721	-0.0385960941847212	0.0578238165676477	-0.316152136095813
-0.11193116487617	-0.970165648686216	-0.224948196117902	0.0299843112643266
-0.316072903811992	-0.717221596834514	-0.321458686514754	0.0761340110462597
-0.453163386000579	-0.0350251857028015	0.216064039716997	-0.104386514010561
0.132161101268352	0.0714456139965773	0.585506056355522	0.915272943020858
0.477385042179539	0.690055301802592	0.743709470421763	0.505560198715876
-0.142381970782765	0.21227480213132	-0.123741894631293	-1.84549081947748
-0.061937666178952	-0.130739805773701	-0.0875636038343345	0.644305476515856
-0.470226120291149	-0.26344978573483	-0.834245613343085	0.27204823577222
-0.158575199447017	-0.197491441693108	-0.806631896845686	-0.576278666397613
-0.169826857071466	0.0434930490126844	0.124465184213011	-0.0526378531130405
0.139463861369838	0.147344299508725	1.08859907901994	0.499934224059197
-0.348077825486621	-0.591425742507879	-0.139610776577646	0.0373832595556075
0.304943063986269	-0.179998956045595	-0.385885888475673	0.501380288939861
-0.158843694023006	-0.0356705185077466	0.569296371815787	-1.01589385339635
0.116978994700743	0.475381146175096	0.123250766440177	-0.432190299320675
-0.454579715708945	0.0571730733742293	-1.10768312693487	0.954207330899333
0.401125079364957	-0.301877003694428	-0.097773142406934	0.0576780376520587
0.0611811924954709	0.719228592511888	0.186363291355233	-1.35118749857457
0.767428942282763	-0.295833060378642	-0.151701494416273	-0.11537385556135
-0.54542293178677	-0.0820982105476534	0.11749440221276	0.388581321868493
0.0804392546977175	-0.245731472166277	-0.58224584976366	-0.10615998231851
-0.129901274808637	-0.345382246202549	-0.145868916291479	-0.972288517261818
-0.0275134737415902	0.568813648742831	-0.149596066340095	0.408840059877138
0.661032811429676	0.358743879241325	0.574553853027362	1.44870852117018
0.508889065613808	-0.00595092716518301	0.0303273564742287	1.28642148440249
0.196082458169097	0.0175479018828314	-0.19969790367341	0.297656596545025
-0.43103258131234	-0.525278058687749	-1.01416184649376	0.182630522764835
0.0815307786515138	0.0521509385961294	0.256597650944948	-0.591590558668517
-0.309051654350078	0.533712204941153	-1.22960284851255	-0.842542225277005
-0.131161156116543	0.332731373311523	1.21938583889768	0.196596948307817
-0.524751566513876	-0.410838099476217	-0.0231031716581061	-0.529923535574504
-0.000330473734771057	-0.235743375361478	0.321686076259659	0.153822298624249
0.188720988303829	-0.21218171827386	0.244032668116475	0.0064233217221463
-0.61369706590383	-0.203178944470963	0.312586362047128	-1.30940714522514
0.760645835186935	0.718319449609499	-0.285626088723452	1.14650452426616
-0.489149602899036	-0.29900781386757	0.512914596465954	0.329102820272854
0.166286339048925	0.317286918005737	0.740091422394676	-0.335108361987953
-0.0564285102157691	0.585109500523982	0.377234584233381	-0.0399218706918065
0.0630357862810806	-0.29805973456869	-0.198201058624155	0.25057853597314
-0.444748532356607	0.0837889845911694	-0.0627634070522062	0.874492988141492
0.10158648421395	-0.139941874287398	-0.123175909455598	-0.0936682594508016
-0.696038680082279	-0.571259004505223	-0.20477237386031	0.230607600471125
0.714472198919203	0.185467277925479	0.713085841976459	-0.551131567286298
-0.0960392679981563	-0.734944412771404	-0.570227460235455	0.21529262217839
0.46381969041181	0.70509886488013	-0.150652842885582	-0.180120545257327
0.00791602798522205	-0.0945783765283022	0.803525529121268	0.525479868059371
-0.927101560384403	-0.308276793855603	-0.928271744527951	-1.15932128779297
-0.0204336209240981	0.394332996096847	-0.0311692441739169	0.115229526356877
0.699881765914954	0.115287116377693	0.404894359615247	-1.14186690173684
0.388891794957658	0.330432641912651	0.0914268390054604	0.451045853087715
0.40449888264577	-0.174675159252361	0.56022940137041	0.774384152448635
-0.0791109445712915	-0.130707819469214	-0.666738959637061	0.416919961396982
-0.074936693138311	0.0414736080063713	0.299846781716061	0.233693226079121
-0.245159761928108	-0.16409569984998	-0.929977926243576	-0.725382341543994
