MTG	Put	VS
-0.463886261608991	0.12475427441665	-0.225887421299209
0.801403124577084	0.631435685199728	0.71259588313519
-0.518438443526901	0.0695698754053663	-0.0760293145871609
0.925531557659264	0.409979425634851	0.163207548768413
-0.0426658460179166	0.37460606564643	0.589810312737521
-0.0178434375669287	0.216254961231769	0.617815983195289
-0.0868281878741565	-0.826321713764102	-0.650124671145519
-0.990459324388852	-0.96729215342987	-0.81888860474729
-0.00905281876435901	-0.0538608721082222	0.202170863913562
0.644908844054774	-0.889385423271287	-0.00730740311175196
-0.328985120174352	-0.667856176590827	0.112494463586825
0.46481383133415	-0.0930549199468046	0.583339606076143
-0.687363224142708	0.816736715378092	-1.05480971283948
-0.249003351478663	0.00745395005442402	0.246345829892528
-0.526955959406702	0.118889246710143	-0.0266552982653549
-0.28988078403722	0.246020195825247	-1.71483977402332
0.0379306403863102	-0.759872318496155	-1.28779599439667
0.170491129563628	0.468813850518624	0.546919589929989
0.144710580785597	0.311121292314059	1.03883520365801
-0.019500116513507	-0.162345143475421	0.26203199658923
0.554513216032872	-0.100674287623232	1.12783934770908
0.500491637286792	0.676096713100096	0.868391972996136
-0.64294079222763	-1.64631407666978	-1.44729487791262
-0.200010700514398	0.836340406470906	-0.806557785005475
1.06424861874923	0.231777768795687	1.37795287171862
0.511495535056766	1.35799011097352	0.398258808368746
0.329239470817812	0.433066654789099	1.52031390842773
0.830417168984042	0.512859055695373	0.168908963737778
-0.0576211111074898	0.731311150632068	-0.856879855192138
-0.158786038647681	-0.331852406110099	2.0315264720145
0.172098964654513	1.102555789809	-0.440822666059852
0.463837294599177	0.248164611840185	0.835815632178136
0.0526483643183155	-0.124948941756348	-0.0373669664684292
-0.754190656648149	0.247927918805718	0.0124741027622406
-1.06459247400042	-0.576648279293944	-1.28349115490878
0.181063494896659	0.477053233218907	-0.848394257030449
-0.081752591587558	-2.2389376747252	-1.15561288636359
-0.605959500841717	-0.117627676483676	0.868715618180237
0.211107192539938	0.00155161889914053	-2.12790509182799
0.0159820356893809	-0.967940988333942	0.390492150720669
-0.278787845924073	-0.230302151792372	-0.166367858689375
-1.48887125770876	-0.188324619789701	-1.59803270220917
-0.0425362423191362	-0.859481813698315	-0.419548349212626
0.388028540471475	-0.541004895069662	0.182506249100064
-0.415907692746992	-0.557978202569899	-0.160295196552735
0.0234322915540412	-0.946914245164113	-0.354483002160903
-0.501843241898549	0.485351735052869	-0.892322875187081
0.797014904640356	-0.577313677310504	-0.526379322447541
0.546358806997317	0.451898221655846	0.451636641761809
0.857091465541682	0.589820970762323	0.29786247036628
-0.384928122178236	-0.474462306823711	0.456399043344786
-0.88170109419357	0.800247343534917	-0.585408594210369
1.27172596141269	0.503192972179736	1.29145660866092
0.246161256433976	-0.38992285003911	-0.791540555552459
-0.478406915884842	0.253995595733523	0.261264867321026
-0.255307422777575	0.0749963168238531	0.914482597875674
-0.162227328101818	1.02870307760316	-0.0958141831552626
0.181549307447012	0.405140335917036	1.12365358594882
-0.25788390254402	-0.699448040948691	0.25250103048395
0.366319589855621	0.0556805404524425	0.0512095672176943
-0.832685783075871	0.19952378797146	-0.0828728797503953
1.21793696099884	0.936053612842947	0.149669538610471
0.586615967576986	0.670567489033332	1.64673697740397
-0.604213020606895	-0.208075779893625	0.358945173282239
-0.18763195022935	-0.560840050079147	-1.26653925043506
-0.700117546918311	0.0934703712653023	0.0513135007362616
0.202360624400072	-0.792027096817829	0.479597868211865
-0.0205728151775735	0.166330630703465	-0.0684551888365682
0.102735256711594	-0.0863541884806401	0.917395715789468
0.895100671800758	0.434550230915537	0.143027888434145
-1.20542451314	0.545401115796238	0.144602889828515
0.488231762414152	0.529421243013666	-0.408075400023677
0.654792218761728	-0.907200328779587	0.171689872815789
0.419322347485638	0.405496980945959	0.219371197202941
-0.450565025662596	-0.113763743163793	-0.310646062928956
0.183630502305741	0.66589320249348	-0.143831849858655
-0.698982340404535	0.600677814824136	-1.32226074514111
0.057773832504986	-1.00362838737743	1.1478606031841
0.595081029451282	0.205984873040054	-0.367750415697249
0.0375950802466242	-0.295381011762509	0.420883297389859
-0.0189754777654397	0.981286168004115	-0.84201490074631
0.306470550377827	0.0291813739543439	-0.368084273778769
-0.710349346653384	-0.291304986108756	-0.225787877403366
0.233581273181426	-0.313985009933842	0.951117607646687
0.0769279115991504	-0.140679983823632	1.32511910178181
-0.169518173634313	0.241291897275909	-0.630159501731178
-0.873117015731057	-0.458696932470351	0.0201388561550017
0.208667762413865	0.638117332460506	0.0388162523599896
1.16752172265083	0.145759755452542	-0.32619869109137
0.68907324676829	-0.529547671159157	-0.0282635973203891
-0.34426255246413	0.280672915361246	0.416700069575885
-0.171541682350108	-0.119682185754449	0.126123015281441
0.289083035955075	-0.116865746001328	0.776901314312619
0.863983661615057	0.258331383364683	-0.272512080196966
-0.488885843175658	-0.331672112746653	-0.966799222967818
-0.70423141360258	-0.396436003502076	-1.00020741885425
0.739775351034227	-0.226124146965297	0.634874895843358
-0.576828544150407	-0.939891113254618	0.204479930154614
-0.700477438278365	0.000330811352052744	-0.874485548213497
-0.349585846847185	-0.745032886821227	0.0875649290730273
-0.448741817303213	-0.227093145876243	-0.907307865019448
-0.252095184256499	1.13565484924264	-0.641454352025861
0.120028516479355	-0.589612633237576	-0.144328921448797
0.488669657740845	0.0959379791129499	0.653462948388794
-0.417524402976895	0.711656658466905	0.0845364165039229
0.314246569524331	-0.836917586909325	-0.565380640041732
-0.41674801294527	-0.122332962460248	-0.955119302055852
0.268583661502502	-0.403822258217041	0.695626013263607
-0.157301601945701	-0.191195170043752	-0.239520014593985
-2.16791486741765	-1.76300044271979	-5.11043530070973
-0.283926428552052	0.499987572486903	1.7045035405885
1.5818668999994	-0.103054204069629	0.574183715142136
-0.0985669502785748	0.760166094468416	0.0139687628883493
0.232509411345219	0.296384049854836	0.563184099372861
-0.140391579841572	0.011189005806606	-0.123572875312053
-0.438661431288342	0.778227131292301	-0.183137565419751
0.497660493338744	0.0947524673723037	1.17888626337235
-0.201035728696473	-0.670250925589416	-0.0792708564415844
0.0712009023422341	0.0451405517199162	0.152542833523666
0.846934219862319	0.986297170599698	0.0300544334018733
-0.03547249635925	0.717278872512603	1.16101572736178
-0.490573807333972	0.0694794013154302	-0.52590098865067
0.236436283851841	-0.0448878560092866	0.47810388766103
0.331071763251415	-0.334733977123354	1.18067268795917
0.738789638867441	-0.0486370183128087	-0.104248083372109
-0.481583742046614	0.448067755729966	0.644167243198166
0.367325727606283	0.146297207727343	0.223658633317024
-0.328176231620057	0.778511567833511	0.197579149467126
0.0204664294882138	0.567774047049115	1.42117017872032
0.744415543727309	0.203341200338991	0.911403815188453
0.131463528802972	-0.582703730059064	-0.252588773042813
0.481239067055257	0.554580685473036	1.4313100410475
-0.0404431572019211	0.945957614209226	-0.0495139136162388
0.19683189221041	-0.138726522165645	-0.735847618596924
0.0143987357923259	-0.264423522577261	1.01340214457578
-0.192080128939052	0.572505696301252	-0.159801782013518
0.859304442703255	0.320737536883008	0.31049363055337
-0.0705597273464645	-0.347458898498274	0.796342920716101
-0.0226340295921279	-0.53651974501086	0.519923190235838
-1.11116262558594	-0.554520521075791	-0.88558797917364
0.294647544465421	-0.250885849346863	-0.135825074307519
0.00513265258610853	-0.517033295916012	-0.897261220810737
0.331100560321112	-0.313625630053171	-1.60750071247233
-0.38677837217047	-0.755044397090779	-0.351844793848337
1.17043891180534	0.949588368080702	0.0376869428180598
-0.562502586326437	-0.416986607434068	0.289765682073138
0.00698317769400691	-0.305615630080052	-0.174609208272086
-0.374559544768377	-0.287315007424978	-0.221094637233085
0.206577840876045	0.0567366021386269	-0.2165334815856
0.00920713169202891	-0.552018196477933	-0.462967418619111
-1.49332069676542	0.980530725859049	-0.215251221162662
0.834493918265502	0.798092662827327	-0.633711558019878
-0.589647249982399	-0.331430576354377	-0.246942363666286
0.432096979953385	1.46900712845793	0.0332916889167926
-0.330633449558121	-1.30991254840041	-0.669857773122234
-0.946791561565137	0.2480529831977	-0.732818050460299
-0.00175505809469131	0.115623142960552	0.310803100708604
-0.726684627521122	-0.740124361701039	-0.0851633289148896
-0.277001313990348	-0.232142885016809	-1.8085783446297
-0.741807052117883	-0.681737346034026	-0.337264368174512
0.283475541606217	-0.90903569119667	-0.444874771648085
-0.607548790812868	-0.810100040388619	-1.71655028515309
0.147247414179194	-0.487526409665382	1.1904800860182
0.262734363047198	-0.019499906736235	0.330570197306046
0.25823689936197	0.722228466284717	0.0753366535747939
-0.429017008601602	-0.296538100772723	0.337485825758341
-0.436619284560766	0.261876146120491	0.205963566972937
0.873929736264396	-0.877452605610622	0.216935229380078
0.544138510465795	0.531129726242949	0.104343145865401
0.97242866105935	-0.98453133095219	-0.961044588241746
0.360610730054423	0.200881787877143	0.222724805960015
0.140895360416653	1.44852564622806	0.98604203087908
-0.331562012627875	-0.456115886357403	0.654917129072264
0.372681777432974	1.08783762661919	0.652732182688663
-0.353205072893835	0.130025375267206	1.60747108352509
0.467811806297236	0.583078062375441	0.164960520729187
0.460324900786009	0.89911420163386	0.956882840283154
0.723107359370342	-0.73501967334868	0.0268177239439474
-0.176871780707498	-0.421114556358947	-0.208739090454913
0.7058189776951	-0.060522141093278	0.257988793764608
-0.35464988405131	0.0616522063810941	-0.262590153197627
0.110901510503123	0.311453013683394	0.671321943172493
-0.0351815735622257	1.84435085089803	-0.123832108700185
-0.451523591104762	0.318376811343215	1.29669253467614
-0.575932396520794	0.682290064985188	-0.0339897102231941
-0.0763644344455558	1.46679420867093	0.0622657797962515
0.318685820657998	-1.3078515028311	-0.00624153584738039
-0.700347606159377	-0.495251020600107	0.0092276735688844
-0.266958245697994	-0.452334402524306	-0.588523768702886
0.122042518053684	1.58417688241261	-0.350294419997078
0.529881956312263	-2.74646827875685	-0.660411977369071
-0.875529632148337	-1.57612414248074	-1.08571246034752
-0.555745825235303	0.649415217775604	-0.180899027698766
0.320676981596123	-0.49839092964277	0.112089405759692
0.703205516105759	-0.811467745322873	0.555538422518965
-0.327501751315136	0.115618120217632	-0.234471588931748
-0.324129082002823	0.386450083830867	-0.297754302074228
0.0960657990408138	0.291909419621009	-0.72989980524196
-0.00906929377443609	-0.716152888445643	0.148314305096192
0.270528257169868	1.46481547695081	0.916625948566484
0.0270903821967602	0.0441198656867872	-1.9276270133616
0.0292882176374118	0.978853846521962	1.25739263478112
0.554234895561916	0.0375801450920768	0.0941380962713643
0.296502098756461	0.36117923088598	1.41141637137956
0.0574037498347015	-0.260631518626911	-0.12004275930817
0.301625352953898	1.6864247766924	0.214134149882915
0.429811709783688	0.152362703963629	0.908485509908572
0.304957432054127	0.678621409481886	-0.355466804376659
0.21228699212946	-0.239636564429496	1.83360145022427
-0.172858397835498	0.927023764358752	-0.262405341365777
-0.252978618558088	-0.930818590547184	0.277303975095863
-0.0425722360728907	-0.544531773149661	-1.35606250395726
-0.802467754266477	-0.438905288507067	-1.92699606320857
-1.21317309357719	-1.20023753223562	-0.821413147513707
0.488335456521672	-1.12245695145692	0.302790883802159
-0.109617443356578	-0.540806756475947	-0.811479712276742
-0.018609719785599	0.664640820891918	-0.310255860902298
-0.232637779511272	-0.0413497324213631	0.363519292411522
-0.584112062400056	0.0232897769596021	-0.479749054682395
0.200763773248879	-0.47450617499517	-0.186316229803867
-0.0867133941542788	-0.355414990478996	0.378479179031128
-0.687899103548342	0.668813980479521	0.213645937744519
-0.293096263136118	0.419681891838373	-0.437611024094268
0.228980538977645	0.522197303035853	0.776526394654599
0.329343178507885	0.155365093217346	-0.066389509939282
0.786313899059867	-0.00108758810199367	-0.390930535675289
-0.0454764367963722	1.2121041754428	0.939398282709848
-0.0941696708471621	-0.744568194115873	-0.197867313356234
0.403832733960855	0.908414320249603	-0.0824862158883978
0.335029298267691	-0.173425664062165	1.47784737690475
-0.00609390105126225	-0.167147949781367	-0.309268090861669
-0.135399852219858	-0.110965539850166	-1.03168903043116
-0.473532860231187	0.315751092289199	0.399730114899897
0.455415456796294	-0.538547654540389	0.291181480946063
-0.134559712241859	-0.540751159212087	-0.736008621695083
1.19658875661149	0.293990902722395	0.859910864312886
-0.323690958548541	-0.0205271077085766	0.735427591009389
-0.791219873439161	1.13931953411174	-0.479947242859423
0.673458414061488	-1.25174517071529	-0.0574351903823261
-0.0836845266782442	-0.358394885015099	1.05315011229648
-0.35383252006302	-0.200703491274107	-1.02743619018166
0.938664798863979	-0.886110806007208	0.750804643443857
-0.752660304681569	0.303664048877204	-1.35926237224096
0.0371158001174139	-1.05226504110476	0.169989835117754
-0.154525650524671	0.168159582284038	0.457611496474528
-0.282607486925404	-0.413776936164851	-0.439545557761994
-0.402786612265906	0.327494059116963	-0.853633433258482
0.109646587417105	-0.421621238136392	0.156543508704303
0.334828467171309	0.351124935533426	0.39530132884007
-0.361145567314015	-0.227694909651822	-1.16831272099138
-0.367609548049305	-0.343716531224614	-0.0979442974679496
0.474868243184847	-0.552146815679883	0.432604143403724
0.264448441943512	-0.686781028904604	-0.836861399911127
-0.539613484735218	0.774363786260326	-0.262058332853989
0.301257236660375	-0.745974898793929	0.354562578511229
0.118889564311364	0.223465379958356	0.680850997405914
0.102698442041501	0.287614862550699	-0.597114976063264
-0.10245260402098	-0.0493957143521971	1.28746778352062
0.700099129066182	0.433292384695348	-0.729042942332776
-0.131680830371175	-0.144158928379838	-0.228818387446925
0.190248395804572	0.27010673077767	1.38023901137501
-0.198188263853501	0.705952518314344	-0.721333432289202
-0.804253712505614	-0.98716814461845	-2.40024890048104
0.0158846100322336	0.756093501011699	1.24929380995591
0.397773537583619	0.743113622935083	0.670804986616283
0.0404774446601898	0.188446375846919	0.910174473808008
0.165868469224994	-0.324535193510485	0.0681593688124582
0.0527551961794449	0.274649465935794	-0.751213232885882
-0.91536397164422	0.806232061835968	0.791114034244941
1.11307708560972	0.308954442657035	1.6475392063104
-0.577929961533893	1.11361126927486	-0.349685771622886
0.221723268449745	0.256525726098024	0.508263631264356
0.405137417212077	-0.0642258832725784	-0.115087428216347
0.471942320996929	-0.212824984349943	-0.0528535864756007
-0.228949968205206	0.359224614341079	0.237203620443366
0.158878126566582	1.2466112407203	0.282156901999821
0.195198818427857	-0.833537868813805	-0.414703861284106
-0.449850720888864	-0.898473548607395	-0.207169996279642
0.290080523315222	-0.278527273996192	0.275622366061628
-0.3642679861087	-0.863172630840709	-0.572299826186108
-0.708065675802739	-0.0204350983799779	0.119876715280759
0.579887121388193	0.668409341307867	-1.14593350009336
-0.335679671948036	-0.905913030742706	-0.0145159931703797
0.651585208569509	0.451839766457479	-0.26802961486914
-0.984108803953528	-0.78548778759647	-1.62952869227047
-0.151887486741772	-0.330431818939119	-0.895300648456352
-0.768726964777705	-0.12382617999077	-0.0986797415996112
0.0867187012396464	0.305156821194056	0.453131987345754
-0.532766824622324	0.519380381937104	0.863077418348602
0.294596305147328	0.432674610454415	0.685414627331682
0.584514874942826	-0.094516210779714	0.516563335377937
0.153998892850361	0.0338991495295266	0.469881060256951
-0.0269102920895135	0.542968292158355	-0.0277114714103947
-0.034948581181708	-0.1994020908693	-0.417543007889268
-0.328957039105503	-0.532089864061586	-0.115991226585873
0.537397478770507	-1.69883869325734	0.124041250082874
-0.353206377979295	-0.332809232362461	-0.846362328080241
-0.694811552363158	-0.78733891457571	-1.77166164830895
0.318208458662187	0.0599221595961371	-0.156394879529266
-0.781728019517174	-0.104867316228091	-0.699978608712866
-0.244736638462888	0.705630804427549	0.476192195563522
0.0830994100721986	-0.0822427707743843	0.223755487016398
0.437480044834525	-0.75000132727028	-0.0443193147753141
-0.425294546599516	1.74806110640911	0.419693195015138
0.481223127048426	-0.455432805238475	0.578108107728923
0.15771382065818	0.133880785107179	0.662367660248878
1.36201095328463	0.345278430162922	0.956821635162289
0.772369838358532	-0.12463525477493	1.0555410383104
0.293455787197263	1.24135261400818	0.398343099369505
0.850287521408646	-0.849659532197265	0.976964165026844
-0.341464951345343	0.140828700087595	0.0704187440660996
1.27588959368577	0.794218122978923	1.44027300112157
0.577917596406865	-0.0231351895222804	0.14257846209959
-0.799745465320513	1.91459362528548	-0.196562331488721
0.204225060864091	0.89445979552144	0.843505344664503
-0.039366292421717	-0.453040195335404	-0.157648145827415
0.128684297657361	-1.29167141674262	-0.647492027405455
-0.314513664661208	-0.0118987366234898	-0.487333448257634
-0.355955154852104	-0.693004148139708	-0.616847855742346
-1.14741556712029	0.00225563217063514	-1.41741488991432
-0.128602155340789	-0.866954858508003	-0.111484233061202
0.153134366549104	-0.114001948562378	-0.403506709127879
-0.353016720669812	0.680559467459895	-1.29433823687965
-0.901283026517882	-0.737755029134121	0.387839278327049
-0.517835000665029	0.114946802640837	-1.22046910752497
-0.0220425231891814	0.172692669382583	1.0833536394537
-0.690086557834151	0.45040161624753	-0.874331735462131
-0.696278276246386	-0.578833019002488	-1.23758619422861
0.615502256725006	-0.540986489868181	0.866470872599323
0.0249015962714339	-0.341876487211226	-0.108787088387034
0.100801360892721	0.464150093694809	0.513943688193899
-0.520527709396881	-0.228597887379652	-0.593956243426791
0.323764092335166	-0.250822004777147	-0.543199026116708
-0.0387418567244527	-0.22027058044111	0.0129057682681858
-0.923313792164525	0.111629451438052	-0.107507088950094
0.225684037755554	0.484309429091104	0.205407491444997
0.90444759691843	0.13549259092221	0.77733185884644
0.0848561353898925	0.264457113647265	0.0361657471654557
-0.298644333473815	-1.00193984022161	0.21228291376515
0.719051569874419	0.64752196477322	0.539533786979593
0.544020222094194	-0.0319019932647307	-1.05236583445186
-0.074831117229371	-0.0645383481357136	-0.518608912972234
0.456467961977282	-1.20530551845222	1.04552271453383
-0.113770114285452	0.702316088823861	0.918717503959804
-0.0283772773339355	0.436964006914579	0.420276287470453
0.750749236915961	-0.740346916383158	0.203479138260958
0.371392390884127	1.10848464840534	-0.523950578352
0.318115957097438	0.474263272217889	0.709626723428884
0.338495374829444	-0.0746768167128246	-0.345951236120825
-0.811249454712676	0.157611679045265	0.066868239010577
0.396116812610785	1.21500411353585	0.374794758745648
-0.216198989955782	-0.30492634713804	0.235937315988092
-0.990246904443807	0.490309012498045	0.141647701564399
0.946569744804659	0.329525494766108	1.91192016804132
-2.79539458134732	-5.42872057089415	-6.28770038689219
0.88718114947673	2.84277767515456	2.65096108639695
0.83776776197652	0.652764309084721	0.288751649173013
0.322244920439273	0.78345140754926	1.75781252979243
0.901665013789143	0.0475358471488707	0.878897935269025
0.458390505841499	1.32206950253337	0.854656888139953
-1.48196655076476	-0.688453540907578	-0.993419783325593
0.560212132192861	1.0875324115588	1.17244877289388
0.0363499282990801	0.717981238669061	0.913650195179383
0.470911088522752	0.200981455123066	-0.61064926786499
-0.0451129998719114	-0.290281620252076	0.41633101820686
0.194485818201921	-1.06367987565453	-1.6244661815482
-0.990925271097258	-0.462693162325844	-1.63832272102954
-0.286128257311334	-0.881424610585199	0.00699393108401017
0.20895239302387	0.682199361946795	-1.07528413546718
-0.911846036864262	-0.662498466301386	0.329080634759636
-0.131813357789558	-1.25538458026588	-0.751766868777105
-0.671577843991973	0.276131442327669	-0.526683859084784
-0.182441872711702	-0.433507047911597	-0.286684790876977
0.0262408472468055	-0.164660927562833	-0.157396087473596
0.138535178620308	-0.159093831698556	-0.0332548049410554
0.199984895228372	-0.223900121635404	-0.242474042016032
0.537946546833794	-0.650268652256243	0.306071220759313
-1.01668543019775	-0.71841533800665	0.0755622642417496
0.0798116638018183	1.08473989598621	0.184211331602068
0.401361225069865	-0.215471528788311	-0.840760851271012
0.7830074005075	0.680209145599708	1.41577972739801
-0.0505534820738003	0.335024461066172	-0.80574233765952
0.0343767471129213	-0.562784460938973	0.766764470058029
0.300261358031262	-0.0296798294964774	-0.121034994346534
-0.0143143155427194	0.686484301394463	1.10157444158751
0.934322354886282	-0.416972474784739	-0.623943268010014
-0.159419181305479	1.18644449408453	0.35174457449994
0.610782850629759	-0.443922162172499	0.686644211745694
-0.203733485059623	-0.665623176649704	-1.39559588462167
-0.435641622130378	0.857008346749989	0.814288209553967
0.406527927595443	-1.08112153214319	0.306774394102859
0.294502147209081	0.270276189419088	0.177984625967714
0.729655446720895	1.07738012507745	1.2147820961222
-1.12637812558191	0.255803806894722	-0.439930143401957
0.0500520760596172	-0.723078098570812	-0.484472446383356
0.162861095943668	1.82180102286708	0.000841043661842267
-0.0694741557074827	-0.802514512906111	-0.0861483341919904
-0.57129979869807	0.129410490476766	-0.489224036022575
0.114516265241857	-1.04548581791992	-0.849291430676101
-0.312399454109841	-1.09195667160427	-0.151962608306735
-0.698629718283603	-0.0833533037949122	-0.0544859061260248
-0.395983499135831	-0.174182511579071	-0.129235262550961
-0.184903920063663	0.26107263197757	0.344117559533348
-0.297453578476081	0.892064989258498	-0.32589164178104
0.0906647727462937	0.104965222355393	0.563467378224845
0.661422637568624	-0.145029512050635	1.6185892904529
0.063645392997711	0.241345587242444	-0.158263044024115
0.0186202608827655	0.251733448319417	0.632043879850746
-0.204899579435079	0.0228811469147373	-0.906655020438638
-0.49958571988384	-0.415262046159416	-1.04739153447432
0.171315705073954	0.574058626680929	-0.381170485994207
0.337847802358525	0.0375671825825195	0.944888367998924
0.229353693538733	0.194208981895721	-0.55040648289637
-0.992117757076489	0.284385691606396	0.311875955644596
1.89845858516097	1.5941559250975	1.18701344416798
0.297991751012762	-0.286113595106451	-1.03733352833396
-0.66339672424005	-0.600846879599661	-0.0327995109057537
0.919506439004404	0.927741083011096	0.820464813086071
-0.0812162985536884	-0.676469867993171	-0.291979670892371
-0.759276701819116	0.842272005537944	0.13951796878275
-0.0443143363229604	-0.119190445470344	0.766002519443502
-0.00171709422113619	-0.338408102751703	-0.0352516760320741
0.64051911847173	0.640992315554537	1.58347303483651
-0.89840557313905	0.169184705048289	-1.00089593824
-0.0184433843696142	-0.633114779162811	-0.0879458294020551
0.122156206030006	0.925057494388701	-0.35718604946227
-0.731399884910776	-0.631702047156913	-1.08175654742442
0.432292782546673	-0.603737877457721	-0.0194551762314504
-0.0130622658840827	-0.768801341246338	-0.921511428062329
0.299399193044399	-1.09263475055079	0.452409548999286
0.794921886935893	1.53718312245206	1.43672692899124
0.780934024326725	0.356751491659155	1.24468972873869
0.577970853929988	0.0814924522151353	0.616624325597757
-0.628887422829192	-0.21158228777614	-0.00564452444088807
0.678994116042483	-0.0736146809660118	-0.0877173828092637
-0.343579465721067	-0.490301096044437	-0.0334003972001542
-0.776212930084962	1.26716532355111	0.128259315138334
0.493992098077835	-0.127370427904139	0.658631164042259
-0.147447876868848	-1.04141683627613	-0.420767105387052
-0.592685968329612	0.482529738424368	-0.736750629161229
0.251923645571528	-0.796854820681378	-0.0569289919515506
0.467537729602136	-1.03682407353059	0.280338837907367
0.403533381562455	0.75344994718514	-0.0280109730868165
-0.556026523961075	0.359578585381817	-0.592108269863974
1.21069567294781	0.895597811267118	0.681734994188481
-0.345184743570677	0.102149622325246	0.804541468117344
0.143770288680387	0.64540216066148	0.0111469079201279
0.197676575448671	-0.315835093070577	-1.011372642624
-1.32854904278389	-1.58772217899853	-2.13226047685351
-0.655282635286039	-1.06658358920519	-0.640718463969476
-1.1526545134874	-0.519749377659884	-1.03524614112723
-0.280729196866769	-0.665198262160391	-1.12396303063584
-0.84722508798897	0.34507120207969	-1.24065773261788
0.153775265448298	-0.331979786042964	-0.331451742216846
0.0518456349930357	0.219964177291893	0.841921107367257
-0.133016682800327	0.266319048869063	-0.0268723211465642
0.16249994691255	1.2621783387717	-0.104078477431394
-0.0301894318178848	-0.0956097021170317	-0.0508440024358758
-0.467921877157169	-0.392459963514947	-0.118173990962202
0.305470794466312	0.00597712076793346	0.966242057208929
0.1573187108861	0.0405870202669332	-0.791687067221695
-0.12591806664756	0.559378609765708	0.391352709708742
0.419347588696832	-0.235998695958533	1.26154827889458
0.535053473877305	0.0553145452762137	-0.0997502457885514
0.509046684136761	-0.14656048311071	1.01094513954043
0.862555242779565	-0.14746699649115	1.21100247035801
-0.122805667464157	-0.899077951600809	-0.576987022606536
0.0283446337523565	0.159201512574062	0.195966541166537
1.06604258350445	-0.43897252442507	0.272735111758256
-0.762168034979849	-0.242927854197739	0.503167330070816
-0.0453431922197558	-0.280098099905937	-0.011516065577817
-0.328912423215236	0.141158564071146	-0.770883383347906
-0.0206446059661964	-0.0328362368699632	-0.398485113178977
-0.00934964587891678	1.16627615470805	1.1678685650873
-0.587391080113209	-0.0936610525705341	-0.24675002764533
-0.708389025013195	-0.0638913942467181	-0.656702673761898
0.988739391708013	0.496728465740538	0.915010611880609
0.309721612274588	-2.50261051069579	0.276126283092062
-0.339891027008624	0.824069834245677	-0.597266898660034
-1.32906735687838	0.23770429964271	-1.89779828723122
0.195347546013408	-0.329822875090721	1.7221332781161
0.249809203450569	1.07331005509708	-0.344330314348856
0.160362208535817	-0.092480635239628	0.0220653570851797
0.219139654504837	0.436748954127372	-0.262071679590857
-0.340029706442622	0.183955099624174	-0.727541352007815
-0.276415239485907	0.423621094291561	-0.250788527047432
-1.46047370099707	-0.384912092811771	-2.39810150462236
1.40561911711606	1.58103614607427	1.82122798690055
0.0514714469207324	0.855103155319008	-0.0389845508726298
0.375494470791008	-0.573070086260263	-0.58263095149954
-0.992623369734407	-0.163074701970569	0.499055133714725
0.326700085605896	0.540839950878524	0.680262211375133
0.365467049051108	-0.351806366492841	-0.922025336033362
0.306702314633271	-0.0142038105396986	-0.147051055968237
0.36637982669402	-0.308107050151196	0.904534993449685
0.537093574066917	-0.450690868746073	-0.554927978314439
0.373033085609381	-0.301398428176558	1.12238818961273
-0.109730102363379	-0.752503152323177	0.301580416178366
-0.510019466588791	-0.352144275700232	0.220584030846244
-0.391010589086949	-0.142370218664081	-1.04520852906996
-0.00702686557651677	-0.638913877152173	0.0792944075436452
0.455475960843745	0.109368310132853	-0.37135377423746
-1.15313427078484	0.502219932656457	-0.32117782610374
0.633169876307341	0.472917571526936	-0.215856733684697
0.287109085747776	0.0978242959833386	0.38043529753112
0.322448761099145	0.17920618355837	1.20992804632365
0.338492131443795	-0.112402977032744	0.547246494543065
-0.542355520909167	0.211519402133516	0.624935641952159
0.124940460509694	0.675505144261037	-0.316926503950269
0.303669974678456	-0.503187385117815	0.751078751989952
0.29038266634953	-0.0529803114197994	-0.928766353657052
0.42880289295142	0.222183449337682	0.638090273537291
-0.0580073548658013	-0.291734949997301	0.645158213136659
-0.0775944183823092	0.432375720570709	0.166202723849335
0.210033417845054	0.0218230155087182	0.0751125421101146
0.576520211630682	-0.749489239239565	0.325108504154463
0.576674747639325	0.348507460894092	-0.310225343868269
0.427218216160666	0.486528490677666	1.71922305870631
-4.66367708178428	-2.35936245522851	-5.69139506817842
2.00132311502426	-1.9587360752725	2.89592163220229
-0.108920533559003	2.43437065071657	0.387233271712562
0.990551054800625	-0.237763285142591	0.703551545735945
0.791085980229884	0.291833378545067	0.149813313289629
-0.65062624596794	-0.136936984536841	-0.131395490233448
0.186997263677123	0.954185000962854	0.0921466125644961
-1.09553875558543	0.0835539819281488	-1.5061079309197
0.109266663732741	0.109138776877126	-0.46947912674703
-0.265385573306833	1.48071747934226	0.0521870950564833
0.071395791318231	0.628460299491573	-0.0855637983654816
-0.624439211996621	-0.40521671989689	0.517406977459936
-0.244527665415847	-1.08668902248132	-1.29986132911349
0.0998111613709797	-1.33054249243573	-0.872290135433763
0.0793069643911585	-0.20199902119446	-0.628987427578061
-0.629698076694838	-0.250817107927705	-1.12952654534837
-0.540980503134812	-0.281161908723396	0.529016292450619
-0.22851548249711	-0.264911138733359	-0.0553719919688405
-0.00214314752832209	0.354505426966942	0.0900565966877919
-0.464615124985956	0.868615576955188	-0.00563650151255437
0.30302152225879	0.0645485688564076	-0.358193279479446
0.306740737726644	-0.490747580774124	0.644542634609077
0.532517303676483	-0.115777344901141	0.558156823672217
0.171735749376737	0.706996684124796	-0.306947615711872
0.289093220633829	-0.110874166456689	0.14831194865001
0.109164467931827	0.95121361010181	0.432560812165325
-0.172129329486028	-0.205614423152828	0.299894064732252
0.0612850901247413	0.0375788835143629	0.145196178908333
-0.347352256380121	0.698657129093036	0.455906348990099
0.436011449309626	-1.14752969739657	1.2038519244287
0.205548590320927	0.955161132157412	-0.0982873741257666
0.181679163597494	-0.536795093935312	0.362825304187846
-0.24002162538324	0.766413196463654	-0.815156877335191
1.02444064578555	-1.9402935548567	1.17279754595155
-0.358843506833512	-0.241893514697186	-0.632637444668407
-0.0881729641857216	1.56792717742567	-0.409555419746553
-0.0462984398130498	-0.46595560279004	-0.909019513144679
-0.672739762378267	-0.0873090075709129	-0.184225674231027
-0.41185790393568	-0.791425614761878	-1.42156645213057
-0.379819462576456	-0.294202535848559	-0.890436263305385
-0.383807853096118	-0.228074785918292	-0.691691544374949
0.191873936600049	0.736631200092765	-0.087415303144299
0.327764639164355	-0.208469771631763	1.08982308726142
-0.0322993549529704	-0.654225309876937	-0.10316989054018
-0.0610409098754315	0.12245202245638	-0.133376542916121
-0.00498797397028326	0.159232974947522	1.30480164867592
-0.770634854678453	-3.19353516842384	-3.01185640495763
1.00105758878333	2.30199671110465	2.61903395342555
0.0821217756885296	1.29301126843084	0.940228947358298
0.159688923696464	-0.353096204042686	0.55618286034707
0.596422818973577	1.10318146927423	2.12957532233684
0.802317424062029	0.834465767727205	0.686295681776672
0.943306824956032	0.337436125041374	0.398169297226652
0.577016414184067	1.0064094708575	0.859275656207576
0.138031734075145	-0.691471861744856	1.02923440153086
-0.0668917269619245	0.245741958685557	-0.0181900405301371
0.762193623365305	-0.289707958141695	-0.291411192441624
0.0133661173499283	-0.224461520069165	0.45189908778053
0.0769989273926605	-0.120935102702121	-0.304954931017727
0.261050210174582	-0.0455639930470451	0.645007025231913
0.735602333267322	0.949469360201852	-0.702037103178588
0.853933015552171	0.313953191863837	-0.194356535262174
-0.350945468808718	-0.0535142470201858	0.582161147050991
0.514279986919259	1.18893421683588	0.803931882906958
-1.03735144089543	-0.855984690317438	-0.326360626637693
-0.598586681994879	-0.619750169134214	-1.24253624601282
0.329676704201399	0.168407967057891	-0.545858379339852
-0.687480014726964	-0.593122682917245	0.746675531689327
-0.370077729836459	-1.18098788678772	-1.93901515938783
-1.51522460728251	-2.12493186057994	-1.56557998066756
-1.53104545947833	-0.495952568928809	-1.16549980079415
-0.87674335561072	-0.44191771677012	-1.53416236223875
-1.54174950488505	-0.19110794599625	-0.978494324999938
0.10248793415966	0.350129665368199	0.225461624718698
-0.840736325154451	0.482240307287834	-0.000840465578596994
0.967341170571229	0.253050531126901	0.203503869873354
-0.813336154110007	-0.755044095294072	-0.735799150107917
-0.54287539198006	1.06853689784095	-1.54959682155087
-0.537301687127436	-0.299556230809826	-0.853530873066615
0.112627074189452	0.191756936975177	0.386515240468727
-0.209597745628391	0.272628037202603	-0.35673472531602
0.0867872041238709	0.0666953211663142	0.287283069532329
0.213380382963214	-0.317070081262416	-1.16800577622731
0.14659060673472	-0.130355694608981	0.651251837748559
-0.592991798144881	-0.904549359339189	-1.88252375204473
1.18448765030578	0.0408382067083265	1.57224093205264
0.99299633699668	1.72369386592426	0.784857420442549
0.322807025647759	-0.760334777556546	1.67161391145378
0.291802268908188	0.91193873103888	1.13238269064501
-0.0539977625338509	-0.615034858390271	-0.354312503254954
-0.0824434604109443	0.340341493357655	0.75824081012105
0.694044490745205	0.435380466600181	1.17078957586778
0.770400924476777	1.01893566589966	1.69980594872557
0.455521757040137	0.0532136732801424	0.667478586152638
0.759325732736279	0.0215310458855331	0.53206364115088
1.1432402588798	-0.0371818332981999	-1.64029725823484
-0.966784724336871	-0.645723173834148	-0.292145585277892
-0.000414758294716612	0.335526565589138	0.567853471917041
0.506818680509093	-0.279538954584376	0.071830817081708
-0.273103582208827	0.0145298755243496	0.10229318759224
-0.557614089713236	0.0886200362956085	0.0856712271209858
0.0922706254133076	1.11953085115216	0.0739030736562403
0.423050134515958	0.645989512712449	1.77400877124472
0.453380646629616	-0.538539786338182	0.482007749648154
0.507138540686263	0.172749160568803	-0.0227820824759198
0.534635602895219	0.917570339626277	1.29858679472055
1.03304948029865	0.0871368809723609	0.803828762881256
0.407207753088727	-0.303348049807739	-0.68532888107717
-0.863681885709153	-0.101623391879734	-1.51005539655266
-0.172779328409441	-2.07962429964826	-1.28640123745783
-0.470096181962624	-0.509618406885277	0.335759011578545
-0.469824856364592	-0.259557658097848	-0.756175670812096
0.200093040524088	0.189862631565175	0.837023447252694
0.2357790916692	0.769437902747162	-0.400309720579495
-0.0518017684502512	-0.579838335420996	0.698302637496519
-0.880155729462039	-0.462739061397568	-0.541225496321919
-1.15859447190181	-0.0277763285641465	0.190386158042219
0.266924633075582	-0.280031104233356	-0.175946352007066
-0.383740909389558	-0.213664079164261	-0.581757395260662
-0.718864496793342	-0.0192859237285666	-0.292556332889915
0.555149890767952	-0.315748565218501	0.0560611935908213
-0.401342293695141	-0.24718174446829	-0.545956854773133
0.244215288472136	0.453770725225207	-0.316909801262448
-0.31304942715044	0.975289494577679	-0.626587846055774
0.212198114609414	0.186851929531391	-1.09482482325916
0.0787088244609227	-0.773301810225171	0.0596325036700066
0.0350244037160789	0.791348343290597	1.15569526334568
0.180641802663338	-0.14503345789678	0.777695568471076
-0.957043056059338	0.595079941441356	-0.155299819488897
0.416881883655298	-0.1236482033753	-0.522096835382258
0.0928148814798595	-0.422853960325653	1.04177480960894
0.0495105491500899	0.104571292093454	-0.156011681964582
0.413255634719332	0.610230075211992	0.898328159964251
0.521364220725803	1.15727031953743	-0.400253485482291
-0.20072111799397	0.589953179429382	-0.0913444170206641
0.718423492753491	0.299345300275451	1.46652968536376
-0.714626603326909	0.00230220020547497	-0.423800127327842
0.0709659371062151	-0.0891016130622098	-0.31934840989391
0.760389102405439	-1.03006109210366	-0.395395660783888
-0.116633585661495	-0.497897883561502	-1.04559627378161
-0.818473193328306	-1.48489911631034	-1.86271222871896
-0.633533156076174	-0.288660711701541	-1.74815597349963
-0.546629762140517	-1.06263234116532	-0.136553339092213
-0.127537398169531	-0.797839781297332	-1.48038003699959
-1.45495980081038	0.59205789308078	-0.256807548114786
-0.0816897875957764	-1.13127078417771	-0.422517990848594
-0.0813674919392445	-0.145194796074471	0.91890645044218
0.322159084832219	1.08322148967319	0.573521102311243
-0.25420518284617	-0.0469172878364045	-0.154851366570597
-0.293140812869843	0.54374177493233	-0.465306745783452
0.572128060714553	-0.312208963906646	-0.0588749587491179
0.344613971247017	0.289755605189263	0.378158559536597
-0.226699007774987	-0.0353527407615769	0.538385239811542
0.22464520156466	0.164664666544975	0.15501536870839
0.275603168030832	0.459011681436244	-0.13707011800344
0.253479344090655	0.498706326054462	2.05312688058234
0.290291456370045	0.757524489342707	0.564043450295783
0.204329554363817	-0.706585515408018	1.17382874791481
0.249904972784865	-0.131641356413162	0.450143871932518
0.811352142850417	1.85100146477284	1.66110488719088
1.51656389042461	0.952594051769138	0.757737211491621
-0.403383310153471	-1.05646464613961	0.759499894302448
-0.0214279569012735	1.24776288661481	-0.216161077653175
0.356777741118091	-0.690482268771649	-0.292900160793315
0.901567079204019	0.692521863901024	2.1976662163238
0.395028150259707	0.196361115306383	-0.331783911830212
-0.239876590256649	0.820142548294117	-0.587008727158297
-0.430569637064001	-0.436994080209005	1.09905805547273
0.615229113453731	-0.602900139870176	-0.546032097805403
0.0644228747045583	-0.763907427153581	-0.945242190681457
-0.455505586165544	-0.589667276336401	-0.411719455099945
-0.657584854297631	-0.459616375874863	-0.894237854538851
-0.426539303956573	-0.235051858449917	-0.368880450417723
0.0152820876840396	-1.00623896301369	-1.6519724096235
-1.4269228211355	0.42506108413016	-0.15832316908906
-0.041637318655457	-0.134461783974211	-0.941340856411362
0.120282663482974	-0.463701235746739	-1.41269729064273
0.142875036486913	-0.155358380997956	-0.0818603490758926
-0.167296673683408	0.284105305791622	0.368108036957547
-0.548148297925661	-0.341123378880053	-0.414247279677334
-0.299839545998296	1.23066682332737	-0.186260573637541
0.234640418192742	-0.2620515281328	0.46776246606643
0.321033073659273	-0.466859438704585	-0.549781353637613
-0.46759932919097	0.508535128144577	0.579092500286908
-0.341833479337376	0.899002203455103	0.906601062287855
0.0146338272889813	-0.106767096468726	-0.353078596949473
0.460620279518237	0.399600341317238	0.732803974446034
0.824553088217594	-0.498100297925153	0.491382085120788
-0.429646437197792	0.473068932078144	-1.0678460867637
-0.272738546704393	-0.624380409141881	-0.516940234260398
-0.809906110485796	0.0798754069409962	0.215954739575883
0.144173447087405	0.140801712730687	0.278465474316086
0.540328552476534	-0.140359686943229	-0.0472665447655575
-0.395010053879094	-0.00909053708161189	-0.557101081218302
-0.568814529001957	-2.48999897859211	-0.024338781806613
-0.157056576316119	0.601167242045534	-0.205788534224512
0.0383864682612395	-1.08026383952619	0.183817326144672
-0.850972176246941	0.172961911817784	-0.144217860494703
0.21097656886911	0.820855620583827	-0.75740343491605
0.220337330569028	-0.496035223742904	0.395448224379055
0.246305688914822	-0.117594284221425	0.988159734262723
0.0352553016936742	0.321728943130414	0.166420671054193
0.693422813268079	1.39900999425364	0.12200102991141
0.8707315162278	-0.17802967215251	0.708606105897863
0.000741736758060039	-0.151232691038739	0.0032244284163917
0.0396465933741746	-0.547416327878836	-0.867510853102944
-0.334520477067889	0.145676782559643	-1.08351150386073
-0.849233679929975	0.327347339547305	-0.298704437813888
0.604035365279676	0.25749601808925	0.532290080922789
0.150513012411401	1.29250274249097	0.19367587886556
-0.17172961468321	-1.20526632705757	0.340673938449111
0.819418729087645	0.299903442298138	0.81364537057614
0.508389452571071	0.684988212681912	-0.426864628209005
-0.00653613962844606	0.685295060996521	0.177447231217697
0.0883691949038659	-0.182388117878821	0.0873172244345445
0.437446790322988	0.312471500247334	-0.243541094322666
0.506269951379743	-0.674336336712343	0.506626681496152
0.0338082841045948	0.522412992803266	0.432066647163867
0.0700339459828498	0.696789158582977	0.406502912042661
0.210349099293518	-0.393718935654963	-0.0389578282625945
0.228159745824077	0.438124392344207	-0.126813910069548
-0.0831725976200461	-0.413341154418176	0.53694649618452
-0.143122073001207	0.807468014689883	0.146298218642329
-0.491914510283118	-1.9292450417541	-1.445289384099
-0.851604193097647	0.0695352016009117	0.484183280120706
-0.159294700899698	-0.280620275277976	0.742388472674904
0.156171476656416	-0.646811377113584	0.385507715773732
-0.947099977944812	-0.865780325348973	-0.889907076821776
0.0182691604085743	1.08634713279072	0.547552160143759
-0.41087991479688	-1.00380361679049	-1.36507073969293
-0.62146378220337	0.406276385223477	1.49885001281067
-0.367981517811011	-0.0426157386527497	-0.21472471813111
0.25163669551417	-0.592593982224278	-0.337210552748485
1.06896864797988	0.851112272352775	-0.0508398378934347
0.723213094631131	-0.34760267265201	0.35786458397802
0.172513450782819	0.489189952066557	0.0362565770430892
-0.273616160734864	-0.274622099893687	0.394828157835369
0.416775638661974	0.817798382678369	0.744934726608444
0.296876421508212	0.00581444388898904	0.052613383449533
0.378072491501721	0.641486666424215	1.98774040904016
-1.60626636080773	0.0499900959834762	-2.00118405996509
0.531649781704516	1.02059752933997	0.702758138283915
0.677993992086	1.17070797862918	0.568750390677862
-0.109307808517977	0.21951540539096	-0.982846139778523
-1.00667394745667	0.143063470221597	0.574451734872866
0.901909818182862	-0.103118078164621	-0.151879742732878
-0.582087484527853	-1.07892952893314	-2.42494652522061
-1.28430163476899	-1.93237049827008	-1.68008829017824
-0.583888519843175	-1.06244240725308	-1.05919754357558
-0.922851053703111	-0.784118705142488	-1.22227592696509
0.307951230915064	-0.81541798514999	-0.73123078595048
0.108552533898241	-0.268375206246803	-0.174985342718726
-0.920585328967534	-0.752795584484396	0.539708079135487
-0.0863519716778632	0.0514259243941446	-0.38375712616447
0.882288113399722	0.0400974308811811	0.238444186114485
0.377930586648258	0.195693592274958	0.19019572650236
-0.624049828804804	-0.00892380818156089	-0.0540686027452563
0.860663185101485	1.07611676786744	0.0235958838178347
0.480688425778071	0.0438958959514325	0.794104997571412
0.569703819448331	0.168352923697713	-0.120584424808773
0.368357935690876	-0.035076355275522	1.40763479659123
0.727827763704951	1.48949012249789	0.282268143967256
1.56879011740204	1.04781680813107	1.11131880338293
-0.236112773817098	-0.401566726367771	0.0231809044454289
0.244992991780467	1.22841936341843	0.873565681587483
1.0006516598901	-0.104280462857817	0.58867429296198
-0.165129552167109	0.423282688422031	-0.903411477102281
-0.738502745705413	0.165708244845838	1.20829393920951
0.259054813485501	-0.113384721990739	0.0603840947286347
-0.253452563922707	-0.937271083213249	-2.04632486402498
-0.65189345852723	0.588032400386326	-0.168491152223816
0.293923238912062	0.240880853016282	0.320747897847576
-0.808952362361547	-0.972216787291354	-0.0461760601807367
-0.885091901512986	-0.239711976406724	0.578751328883398
0.103341205920708	0.562128784635716	1.03426893198331
-0.794759470660752	-0.188497818242769	-0.0644430987214344
-0.747639070345774	-0.461887647177283	0.705350579367602
-0.265745373020227	-0.0786930506166251	-0.743171173835793
0.0940445411324601	0.301946247920643	0.604090057224616
0.107824421554255	-0.282574073078227	-0.359672250719522
0.353683402161523	0.162866004389292	-0.928528202335207
-0.0675835779554202	-0.934577663471605	0.307545949485818
-0.0793182822467465	-0.170322338099842	-0.0788577097539409
0.049186518930711	0.627987022243875	0.764127490697854
0.878236991597411	0.016756448794586	0.0915884479242556
-0.179652573242782	0.274166774604339	-0.717789186817147
-0.335348003524524	0.568241357293678	1.1037779895948
0.284516314543759	-0.669088935496669	-0.453509501167802
-0.982602968768351	-0.51929215704896	-1.4283624105007
0.419080464363412	0.0396643201077116	-0.689268777276521
0.501287266619251	-0.346787705308973	0.611759679137653
0.185332444442437	-0.425337896250729	-0.33697685817912
0.211201371563465	0.114545625120222	0.134988187928355
0.50994959972071	0.786380585179925	-0.377942337766906
0.272838272127688	-0.0781801424613949	0.246668959683887
-0.51983112177469	0.299524145290596	-0.0782498745841348
0.558607218208603	-0.623625151359119	-0.308230822945444
0.567527202341845	-0.188861638006677	0.979667215567383
-0.703993385951847	-0.847097869436387	-0.732269101457954
0.168565516118823	0.249919289776315	0.788463945124824
0.393356261261851	-0.0662551907043842	-1.08128068973376
0.255587763088797	-0.442053272953236	0.916998612112154
0.367720328655857	0.697083018147776	0.770596431341318
-0.0715774004993562	0.594384384752517	0.780504693754945
-0.428823005795323	1.46370943716281	-0.222988681124292
-0.194678410063284	0.144484017769394	1.15432936411469
0.368685652670609	0.287938879985081	0.728848980503924
0.618684382636549	-0.171340795622945	-0.558565224097847
-3.46710702079361	-1.55847187152572	-6.82584456347987
1.12364989545626	0.50308066432335	3.29392516442509
-0.105053758854448	0.423729803296526	-1.4870137450322
-0.876456607330157	-0.284920371481922	-0.0907078133192181
-0.414137190447577	-1.25466975574932	-0.340565872394971
-0.328318503932633	0.899868436941719	0.775488928914238
0.230629860605904	0.1159670071454	0.158684299152456
0.192808749241084	-0.297438019291615	0.111830656669587
-0.437774442349705	-0.80493430891618	-0.382303424437371
-0.719973713274238	0.283816641079488	1.12785256419816
0.963490903521001	0.562810158283025	-0.464746596851931
0.335559262997966	-0.0773519941818352	-0.317210587767347
-0.87164222375764	-0.386956784164965	-0.218397841521734
0.941740746389866	0.473228802762389	-0.552657067232569
0.0313785693806797	0.334662669780265	0.277799778836999
0.498310382154926	0.781042408472603	1.96676853019194
1.25744179536819	-0.0175034375516243	0.28973663378945
0.661026069922289	-0.329964615376191	0.175821232609353
0.426969438159606	0.0702698780871243	1.12239468557419
0.433400684129441	-0.24429918551799	-0.75166443052893
0.154524693309003	-0.698358245923333	0.910976710015857
-0.233742804459725	1.05878658357919	-0.300614930865686
-0.146620685688346	-0.915168562825245	1.21339827302682
-0.119323443946687	0.654029559149731	-0.457554238863372
-0.746559980278441	0.0925904177104787	-0.461723130786213
0.300288052728115	-1.42707104576484	0.0639596288660737
-0.234443365870558	0.613068425117701	-0.260658325351783
-0.115685952158747	-0.0408899525079783	-0.213926851327208
-0.433166813655957	0.246592026750722	-1.36172104161562
-0.33335913374101	-1.3403946644316	0.793996018549033
-0.411017125027422	0.248293571361936	-1.20072024803461
-0.47423486089552	-0.720177471383486	-0.100109956777564
-0.014761843157206	0.907803589043876	0.595031258598547
0.773912037312488	0.820313157264985	0.0146226285160797
