IFG	Ins	Put	VS
-0.4399887956827	-0.387981794996012	0.193903586490383	1.42699366167051
-0.557079768628297	-0.530912095553892	0.695153459898242	-0.318941009905572
-0.24175835278228	0.364915514526803	0.929106307114	0.320904840041514
-0.224164693393061	0.880371027664906	0.721996229405683	0.743150721870785
0.413791087944238	-0.116645674786924	1.41158409020247	1.03380123062261
0.32844315206391	0.983277108702993	-0.034418913791697	0.00309667249701067
0.0784980277777561	0.434310909310535	0.448721005697904	0.198450138908115
0.276625165326233	0.909809850043896	0.3682903265062	-0.986266250538527
0.373646711885863	-0.342077482853908	-1.16417906402596	0.501025805978635
-0.195979697545086	-0.309766893427169	-0.846752488837886	-2.28215581147723
0.178896400442522	-0.462105561437766	-0.893489415617768	-0.84996467719599
0.0561260505721497	-0.321884540014619	-0.237973070310171	0.360768558178336
0.355239743371241	-0.093909448024061	-1.14127815663898	-0.261164678863484
-0.649031609910869	0.388367768480957	-0.548317108330799	-0.0533720140643305
0.262285982176545	0.339056375490842	1.2323649953078	-1.29907440805026
0.143132500651866	-0.37381232885304	-0.588555796568781	-0.41996830349047
-0.00918957280732159	0.379125798799997	-0.623822513743746	0.750504357639912
0.0933299303004517	-0.761783507011229	-0.306211208998473	0.0553522656179699
0.17058741292915	-0.218108438585999	-0.94457529843375	0.210309294292689
-0.579393049179848	-0.792823925181798	0.700103021659731	0.10335397280484
-0.0318659904262787	0.013096150471769	0.0358485088366289	-0.708026407032628
0.663446641845355	0.0786158315752652	0.20648372354979	0.00142450379743204
-0.0143395578308413	-0.786991613694666	0.152607022837989	0.323680387986846
0.148964511609382	0.434092897045125	0.266513462539286	0.0545189123362155
0.118943156887448	-1.10298669945718	0.177019993593334	0.201301587944012
-0.0847563839628756	0.472265287770804	-0.646662872798897	0.234262223841351
-0.10944209445932	-0.121815747428072	-0.692637010896776	-1.30486115983634
0.239641269986021	0.154568936162628	-0.205138444611569	-0.823699036907865
-0.209394090691246	0.426647786099377	-0.62670214612982	-0.0459676372339008
-0.288370135807747	-0.770238810181296	0.750956412266996	0.560376870594586
-0.00964301348341934	0.545002586344221	1.22887388626931	1.63913008208993
-0.318739537746363	-0.238475047505072	-0.238613613236693	-0.499431090965696
-0.484705737605541	0.463554331486024	0.452734418779214	0.254656578314054
-0.0245683834199826	-0.155010838687673	-0.371641984988463	0.572873518950819
-0.313276647114831	-0.43816204889015	-0.392935798093122	1.20974708375451
0.093989450156804	0.169261807788886	-0.0970895435488113	0.858277163393626
-0.376360687467066	-0.392760712287081	0.0843556402045698	-1.62222677353651
0.0539726185563697	0.548720008527761	-0.263049250078741	1.15824737574852
0.266464685876219	0.10066296724999	0.45729639858336	-0.408713720686212
0.332272084215909	0.630094823245023	1.13077834988509	-0.431251563766758
-0.0656097385011128	-0.543932535387037	-0.510683095985685	0.477575407649052
0.0251378386988793	-0.355946980053189	-0.423488744243615	0.497430564788572
-0.0312058375304303	0.362516263622487	1.17644449217532	-0.124988129553162
0.148959070723194	0.801333289904593	-0.998318758498496	0.289254840755279
0.318481649180928	0.498308069314064	-0.658513287207038	-0.896268605438488
0.185806767580908	-0.136751838843804	-0.0781900134927104	0.605346305028235
0.442344026329795	-0.983078146825265	0.104536892345612	-0.163846783916213
-0.376882810502677	0.377993305952217	-0.369122231070022	0.500684049276335
0.7447377578986	-0.0144510696172841	0.106233648714712	-0.549310690546785
-0.161613322376429	1.10017410702877	0.720083524557529	0.426112625688625
0.349463162091821	-0.26498318320963	-0.80255387888676	-0.151518305178433
-0.432260055335886	0.110236843860766	0.583284026083687	-0.0134157924711866
0.344643858272065	-0.325238684806068	-0.149391896787564	-0.143038946981801
0.0784634128187118	0.391695101549612	0.901117550328192	-0.117902623299118
0.328679825217427	-0.54475131868205	-0.711701265628067	-0.36167271732593
-0.552154815247271	-0.0403074364442471	0.33224143424944	-0.702664330761128
-0.363177267689998	-0.279905278506379	0.00148699151863392	-0.0168848256330595
-0.258606542862232	-0.127029151712131	-0.00193907838786129	-0.00439740554631923
0.293485524779096	0.236629020715289	0.296902352005792	-0.877811845083553
-0.335849232948637	-0.086719690689041	0.0309724424227586	-0.505714386834412
-0.135301723639767	-0.0828723032035653	-0.462229158255277	-0.534919475446837
0.0294769080011752	0.263597529037111	-0.655039210085028	0.270226058221389
0.177242668555423	-0.112451241994761	0.282384194451193	-0.208359066351422
0.842384921950016	-0.266406172007411	0.733487894630627	1.07555967911679
-0.124869436741022	0.318946374822842	-1.02476478445918	-0.584864149987215
-0.822500441176675	0.15825634754118	0.739129521194022	0.484361092559569
-0.24956313612056	-0.376191260886038	0.388322088353024	-0.258327337270114
-1.18276316831413	-0.277910379746208	-0.753138846807209	1.10926755011362
-0.0860379132393664	-0.285356727554115	0.170172871131587	0.0942520294322775
-0.469612407420444	0.516001821550216	-0.0991647111599494	-0.338156963708461
0.602595832199544	-0.66136989858889	1.465167356694	0.405165206987307
0.0764617483202077	0.774361004469421	0.124085087654451	0.145839904909943
0.456455303176284	0.36096411591884	-0.665260831387406	-0.291042174326902
-0.342395754315407	-0.0639977172147319	0.648272106997172	-0.197576771130379
0.653355818080336	-0.504103566120431	0.0779654662067027	0.525196328653984
-0.0240228536752958	-0.341891540383618	0.732584281777288	-1.08748833212468
0.792742973192846	0.84098974320307	-1.27335206856227	-0.433977449901667
-0.219320176793667	-0.730629310637237	-0.0835471039851995	0.553922679325878
-0.0501553255879508	0.146879378704266	-0.113374875635743	-0.352224471679811
0.209367211290757	-0.944195375356977	-0.44850845865154	0.727080074775113
-0.0108192810490147	-0.0936421598404765	0.0446815375866741	-0.528341111630807
0.177835040514364	-0.015718361892079	0.0373796426366153	-0.433110653977738
0.0325021047790577	0.829850565826086	0.551361640498624	-0.282635026730207
-0.305800862914601	0.394528183791524	0.339271392178841	0.000732785873951169
0.228662029300772	0.186112484779663	-0.738099265005906	0.955612193383655
-0.359609426267965	0.707827984004876	0.699715052129163	-0.773366850383133
0.300044187281257	0.0792080837402147	-0.375752123318009	0.771476048674587
-0.0565142867100652	0.977177560536547	-0.0626413409954078	0.270602767483134
-0.287111960707362	-0.512866354622507	-0.677749968136599	-0.639604195389427
0.167807310817413	-0.0087726098623563	0.312919939723372	0.201018936897017
-0.220099664723117	-0.336769391051261	-0.322416169006876	0.956490612814509
-0.615316357680581	-0.484280232096924	-0.84786575090487	0.214765397534742
0.230474174503658	-0.557084395329516	0.0873001214660516	0.887792836254379
-0.191286109248792	0.108911405103565	0.606654913688214	-1.12456494684526
0.316860530728391	-0.46989302579545	-0.893970562982112	-1.09288576463563
-0.0528192018953732	-0.112774986850002	0.284354239433636	0.399218123417201
0.125481780018388	0.882971023059959	0.0891252944973401	0.110883596969803
0.514525423112108	0.036854570920406	0.381927827258622	-0.122679289322134
0.426802691214086	-0.483986833018581	-0.239807570891884	0.884289895986161
-0.491513229190969	0.0550764899882895	0.17562935510578	-0.401587516831089
0.209471854825694	-0.746592083190979	0.425291222066524	1.30220002634118
0.257504983391366	0.277005960342044	0.594719657023441	0.99443250106755
-0.0920141402919084	0.607989429644793	-0.657884441223299	-1.7629247009041
0.523940792716387	-0.151695232144558	-0.110450233057203	0.355080844521766
-0.246538291042962	-0.569768283471447	-0.879409962745605	0.132958065115932
-0.0360360764170219	-0.687469042353996	0.103238740577446	-1.03029755388505
-0.361687104403744	0.0510270561125957	0.129026510839722	0.193161255477645
-0.445141307617851	-0.169641043312808	-0.275719597808253	0.0591799139244791
0.176440853476116	0.361873671807989	-0.466267239307366	-0.462413281490443
-0.0306487460139168	0.0468230886406629	0.259148816902629	0.171326739021368
0.279331921113833	-0.112170126110806	-0.236511560671334	0.356921468257705
0.266948180643391	0.200055185625471	-0.355086928698394	-0.196374836884405
-0.385666352722205	0.165622713030823	0.53533619653219	-0.140880224100889
-0.288410037659269	-0.782869470201047	0.0820743888737815	-0.589653759197758
0.126840101974822	0.503674300141772	0.0808025466652943	-1.13313479279114
-0.312374268079884	0.399979351460335	0.189014439891631	0.861946158503303
-0.177803787215503	0.103461576966869	-0.225372311399613	-0.190040200153911
-0.44072102424057	0.346786694825345	0.11926885147894	-0.338388762156258
0.429429757802337	0.493751049701074	0.919188308153762	0.696715950139859
0.338561606727786	0.273685684542531	0.216089891148152	-0.114558282841678
-0.688689466377163	0.738330403826987	0.41976683005182	0.0927638960553325
0.200291612878143	-0.475889427049164	0.465296548577205	0.433187239996679
0.0438377032187799	-0.241941558826757	-0.3435123438673	0.39777027557575
0.571694750930257	0.317399974917673	1.84033404861308	1.05119451553834
0.31463813644128	-0.210589285984581	-0.623420481936262	-0.293471664204386
-0.532912827912626	0.000341431839624913	0.419398153157365	-0.211144936926757
-0.0621236431264849	0.790876169148185	-0.16751190515194	0.357499327351121
-0.0183023598537629	-0.962171124855113	-0.498037880545059	0.36742560449276
0.168406049568676	1.10187019216515	1.12442388158604	0.06480694635672
-0.532982986562087	-0.0568220337377386	-0.678836729774228	-0.612060069146414
0.163587566575702	0.180622126364728	-0.473008333484209	0.285105384526402
-0.246775446806401	-0.619611552544324	0.921242681801129	0.545283896820699
-0.501811849528701	-0.199501275499411	-0.619405361731082	-0.842450618959442
-0.0390396815777182	-0.0841116526646677	-1.71032957912456	-0.492081567631178
-0.368411446121312	-0.696800244036173	0.142563133970023	-0.359875539627623
0.384333944245305	-0.165906838713819	-0.830959797320434	-0.251291063015431
0.771333112332333	-0.944687370118676	-0.0396463206677211	-0.188916190194721
-0.342878764614997	-0.213225450760524	0.453210129698443	-0.654223621547397
0.161841297275679	0.444546029154824	-0.441042156386954	0.34843167270715
0.154538495800426	0.0830818111362805	0.58119855456394	-0.862008525233208
0.361977657973791	-0.796505829389023	-0.432986722573474	0.579522624616966
0.87635834993258	0.323168942573361	0.481846145348385	0.299008568263475
0.0186710568641332	0.216307806455192	0.0332359097136637	-0.984423917666278
0.371593152993535	0.372494776740405	-0.607127302447752	-0.0900643778826574
0.0960712023926009	-0.0576514119451338	0.235601876916193	-0.669666100022984
0.265379286386313	1.15493358493393	0.606856318088947	0.3678031551262
0.0414013020099294	-0.379848623651935	-0.404046554835199	0.2607427728162
0.086695945800821	-0.315004211461839	0.285994211514624	0.0767239968469339
-0.202696964332584	-0.242439670835038	-0.674568173361417	-0.642294742513853
-0.337421320702345	0.277103472258366	-0.729852320230042	0.49120037901273
0.146412823248443	0.241588046757111	-0.0527666547298974	-0.0273620412314929
-0.458587539308265	0.592660454892881	1.08394384274505	0.73406112370069
-0.367576298142796	-0.44838489698959	-0.503010079529082	0.48222471530917
-0.388244161573707	-0.0992687982395769	0.413176225539257	-1.07197296101538
-0.140437760955137	0.0351043887875168	-0.563520596219093	-0.387567172162617
-0.630060361616223	0.151946669356921	0.00221943549759567	0.209266301984331
0.143639601760309	-0.80998219834085	-0.377438097777801	1.31075047742746
0.22153552434259	-0.803033840802563	-0.489965678630593	-0.788348380247849
-0.170797257865103	-0.0173113241196276	0.25333729605335	0.322246544016813
0.128661905959651	0.46605377925659	1.04570135228388	1.04260554672438
0.457157956942326	-0.602792728080495	-0.234296464417104	-0.767382382268634
-0.434943271129071	0.317348793471859	0.321731405155889	1.56329967981505
0.281093129657239	0.334768933643459	0.259484364435187	-0.057538221320925
0.0990888387948857	0.325827064953786	-0.0556921943223269	0.517658312618827
-0.509020325790093	-0.174431608114096	0.21229431458561	-0.904606598059717
-0.393335461579897	0.222221162714098	-0.704662898368279	1.7388628867129
0.232134975370457	0.860633870133368	0.235378635943144	0.699892881126173
-0.124616949494575	-0.728058471562777	0.498716424234761	-0.482367412094011
0.17510787414119	0.152279422300284	0.43795965199063	-0.988028176826934
0.654165207857341	0.497104502164699	-0.255771029980856	0.396934947069491
-0.301789474045326	-0.204975472870508	-0.348583084540146	0.563319452714984
0.43930444626377	0.234671837382381	-0.0137697690456744	-0.826112538169222
-0.0426059996260694	0.624972075555741	0.451019125385714	0.329138323773687
-0.244375905309021	0.0915048275172447	-0.633699712011825	-0.132892744282549
0.237756307124485	-0.680906331532592	0.777126225214922	0.154302206723885
0.0210648039955623	-0.514771731894466	0.182469828518191	-0.212436705361191
-0.17062968985264	-0.120532356736936	0.15486483698491	-0.691647375654132
-0.490241606081332	0.485853010418485	0.945548185988059	0.00917362600961269
-0.61782257175782	-0.0508349136049794	-1.17599070743248	0.140340155545981
0.385972462306432	0.0783034480145863	-0.276282523088345	0.124954220073685
0.0778901753521318	0.570110821478636	-0.862016751407504	-1.24910864361101
-0.472946769654444	-0.0146976736662089	-0.190203503325799	0.180452510684761
0.179003633223749	-0.0515828696201204	-0.232947893565032	0.289326009382611
0.713386411336593	0.134268616036473	1.15789520287062	-1.09161084407882
0.210111670991149	-0.407822723697747	0.568054074881046	-0.390870780050225
0.584286888048015	-0.518772667172735	-0.171827019038558	-0.0896194468658318
0.366422594126709	0.516213991485086	0.918019086391537	0.414136061114431
0.288308800837732	-0.266978378107114	-0.737798892292601	0.0691936381813721
-0.395223582173059	-0.0588769636321275	0.05859917007557	-0.579495822579451
1.16551981926634	-0.470055405678595	-0.547910521705516	0.629162826526488
-0.52629547395806	0.0169396944012675	-0.0350883908782431	1.08395572029633
-0.181237633155945	-0.87701898389958	-0.193742823616436	-0.768134960855549
-0.609416571543008	0.256453122152247	-0.23940421119758	-0.127603507864131
-0.30814739074257	-0.259568613529829	0.335276350475735	-0.257717178704366
-0.4840408314202	-0.142003642229583	-0.493468866672359	-0.212201893861769
0.0373167208446663	0.61233765055157	0.126391568461832	-0.440518131344517
-0.0908204445365066	-0.383379494161474	0.470700445459252	-0.157164556864639
-0.734380288040441	1.39360797725161	-0.557257450777331	0.0531694435767539
0.392433199349987	-0.766376900880016	-0.632519583625371	-0.461359624576337
-0.108082748909527	0.653765684232094	0.443189851521912	0.504935713886275
0.0641014954521475	-0.556278492355591	0.569258630218109	0.293338605324988
-0.0628645247701068	0.0963184493918865	-2.00866620344267	-1.44493004860704
0.245632000900021	0.0770412345019014	0.729497022391461	0.413683859787589
0.619693219054622	-0.397136512929269	0.488261567449119	-0.412075790143711
0.058850634630027	0.346159095116387	-0.23283789285304	-0.0500153712544839
0.0717744996975212	0.240368894765146	1.06682653724534	0.873932804070852
-0.0802243662184697	-0.237633512955513	-0.118833464638767	-1.1494641786787
-0.163783657924985	0.570085970123801	0.0629421460844089	2.09703071533947
0.0165859619248025	-0.39417153836706	-0.900309693876603	-0.948976265520512
-0.147922006727354	-0.110163642384444	0.486120206034401	-0.0219278997604286
0.155348975652441	-0.250123141434856	0.111123142171318	-0.469033165061208
-0.35577904370958	-0.122577435051771	-0.0945285406605037	0.296827842519666
-0.204863135489361	0.759793449231119	-0.362026121472397	0.428183465464134
0.560493938457926	0.0597175334444128	0.508984558970435	0.173718403806007
-0.120237875870551	-0.373099786576998	0.10824698000052	1.05551167780549
-0.130881144167055	0.622608033758912	-0.410022597889185	-0.922774635814141
-0.442670032424129	0.865335146756366	0.77405040422696	0.255895022410239
0.575549518811956	0.348047232917275	0.425576679003277	0.903799669783029
0.500441443730732	1.13968208709812	0.65414624430128	1.67172492116933
0.366701550119167	0.172215625098418	-0.501705108142188	-0.0582314152744106
-0.237899308036907	-0.359064281398653	0.217294180130724	0.453838625002807
-0.565295213977419	0.109227172584503	0.977343504649574	-0.0153029533988524
-0.311053232916994	0.152529048655355	-0.346902989425811	0.316464440235644
-0.48464457961094	-0.329815414894205	0.295374244044639	0.342940888957907
0.182778910257747	0.64408368006946	0.339450808492417	-0.0955637974764904
0.544848791009765	-0.0809755308169408	-0.0505831029456574	-0.212934183634815
0.271850216663751	0.0115154426158542	-0.150671551372259	-0.503593991486985
-0.567392204855971	-0.542676330617287	-0.0204514990370267	-0.707917099579011
0.120321066362148	-0.880719262418907	-0.047188995840431	-0.470166237019678
0.385661933132052	-0.844165957126671	-1.70458033396204	-0.71426088865369
-0.250748622643089	-0.642505097928699	-0.34270211717861	0.34426403444574
0.046764228033712	0.398525318140427	0.00105833152144164	-1.38955119217771
0.545888036732192	-0.507651632028978	0.0182106094934244	0.639200623955858
-0.297186419300666	-0.176541788306534	0.137615914598668	-0.943594016577027
-0.082062676088699	-0.194332512432171	-0.141159329865209	0.255845694881433
0.0212410716096778	0.136859635293421	0.127403877918051	0.798525699995029
0.143728508415285	0.498385472015437	0.404189573859876	-1.02331949981575
0.348247507341742	-0.957885154201787	0.347878797608459	-0.58938702380119
-0.210888001698203	-0.104913513745089	-0.433605459920795	-0.730392717722432
-0.270341229974767	-0.0992384197038453	0.0544063568657459	-0.578662093199326
0.00707393311686467	-0.163938948344534	-0.794073074048225	0.817904463626556
0.615529015210792	-0.128680285951553	0.864885613256873	0.591049914150526
-0.194129644745059	-0.50574280001235	-0.49071438631416	-0.241778702305462
0.0657316507491067	0.512139574395234	-0.297626462140758	0.451423656429507
-0.313200485626157	-0.606621138156824	-0.392306007670728	-0.694886883144831
-0.198311347502175	0.141863688776275	0.349308161275258	0.0674552801445386
-0.227927577892541	0.32502294392943	-0.646452662932036	1.15378113554318
0.560668444964785	0.532639286718348	-0.299880501403074	0.507792555354121
0.0640747243129414	-0.284951959462174	-0.13997168980992	-0.362940584528149
-0.400402104857912	0.198033721831168	-0.696965088824127	0.338751110285618
0.022984150270384	0.0457614700356226	0.200837759010044	-0.427774788170007
-0.0368612228330309	0.17335679905565	-0.731188626614041	0.167618079899546
-0.766771260877974	-0.0767042308983155	0.809709759982562	0.700046020295908
-0.0540825948141905	-0.31543070950998	-0.559992979142329	-0.0636434952739093
-0.0817096168810109	0.814763172941737	1.41748892725196	0.42807190983689
-0.0219711402619921	0.0336259853406778	-0.173152547452251	0.698793570884074
0.536284259080884	-0.0740403636039979	-0.0506426595989078	-0.470423510651766
-0.277631723423806	-1.14345404480291	0.610670612233023	0.448449992807017
0.0280607083160091	-0.00544977997735532	-0.0139262959339794	-0.942375505309541
0.0254089311100903	-0.242319033741115	0.0667885047432181	0.80558218139184
-0.185074887857662	0.26589574323231	-0.564252533553183	-0.430362885209847
-0.142913916446645	0.453117503707985	0.779425726961617	0.167773181666503
-0.329282333546768	-0.286890036188518	0.25646805991072	-0.711667520228279
0.501857806996459	1.05071464322405	0.351170304678264	0.231693349094093
-0.29794694907639	-0.348561746799458	0.370356110509731	0.769099530032656
0.837208984601602	-0.699271659648518	-1.06381716459607	0.540844769665681
-0.164423911301195	0.55466074218625	-0.191708273063894	-0.215857888181215
-0.351527266657288	-0.0920064758135517	-0.0748705380522353	-1.05052051902857
0.48644573455425	-0.113562744535068	1.24284494702833	1.24956936236453
0.178227775667514	0.447806980047944	-1.14102157269606	-1.5293713312435
-0.617218962211652	0.174632488028454	0.379026893274105	0.871492418547793
0.677002986120343	0.605253682246164	0.161771438689588	1.09316867693421
0.453290489655992	-0.12830744947371	0.274047234403851	-0.339722935799659
-0.0221067323678703	-0.360727767187159	0.0516596065738542	0.411679421555895
-0.488901106390201	0.0875922113805303	-0.197945512535899	0.276699167863374
-0.387973876019519	-0.0618254518769364	0.39069280807572	-0.370881118782153
0.262615645396045	0.191044054993285	0.0286605750622143	-1.22323565189652
-0.743867516347519	-0.275537863685642	0.302645664646001	-0.337035867399875
0.421814935836103	0.570383063494062	-0.299583346316787	-0.446407224804778
0.405143828571453	-0.046837361541404	0.293615293218324	0.192716892804451
-0.265481673080573	0.715340926882269	-0.498336343108667	-0.488516359712093
0.0804366324933664	-0.689384968823411	-0.00324001601989229	0.156436798915625
-0.18289024722059	0.191582081350784	0.352715691452586	-0.498462859407725
0.286664103735289	0.248424376322167	0.0438833146322018	0.515179357138159
0.406916702952325	-0.123209792019287	0.110792714339157	0.21656598993515
0.574341137239164	-0.330408287012163	0.461623530676428	-0.0867813248359714
-0.29752743677747	-0.845295178251143	-1.03408863300207	-0.548779545404901
-0.231851398250719	0.256516473412212	1.22569293230846	0.494831061301359
0.386349222582032	-0.735321699636091	-1.92733396673002	-1.38648768185764
0.689195545612546	0.270006865355428	0.327816041216122	0.172098900684093
0.177063040678796	0.528652417604412	-0.4269494772466	-0.418432166907371
-0.356078698753988	0.31424815211298	0.504133198607108	1.12859883904221
-0.308063092102284	-0.00407243938962914	0.334891985922124	-0.50019599697533
0.122426222798311	0.599048823190717	0.22448952260629	0.197255251684979
-0.55857514659814	0.481193742283834	0.0788833121735151	0.247581498468499
-0.137059313084194	-0.462971885795367	-0.447344399063263	-0.488759549023374
-0.225743921118945	0.0522813769259941	-0.214547840144032	-0.500714848175435
-0.242103910566383	-0.322329702507189	-0.482654964576223	0.0109544492723871
0.0137996894678157	-0.191485671008373	-0.843016246576901	0.057476202656812
-0.601353388777112	-0.0445794321026171	0.235164133388064	-0.275309707268904
0.198462747070245	-0.510905138388814	0.096503359993069	-0.291397901584528
-0.193125566317532	-0.320648154513702	-0.269850937840219	-0.373681864122402
0.157916137002972	-0.452722435490207	0.969979211736133	0.840344074029107
0.00528973103346865	0.0639334284671354	0.267380245185364	0.530732922615336
0.00172945535005158	-0.3539513779374	-0.112413098716736	0.888726617321926
-0.326535393284522	0.992736837184241	0.175039654018047	-0.194374541666261
0.752100823325658	0.381700982773053	-0.694103217540021	0.590390201309215
-0.282494028986904	-0.340132693765363	0.148875124390709	-1.33835830353098
-0.646266083031795	0.884774535565024	0.00652874177780165	1.04284540506069
0.549970783636449	-0.241283126437091	0.133825346762346	1.0045088096167
-0.212849905889593	-0.131091934204596	-0.119927729769738	-1.03072238320097
0.446721178884666	-0.391635908870347	-0.778497968902924	0.746320721957294
0.155764971377762	0.24592288457778	1.30962754886095	-0.0131322259135712
-0.0335525203777648	-0.204636575205444	0.523730306851556	0.119735224115271
0.240222054006283	-0.877525436672381	-0.0949969339377049	-0.276338051558314
-0.313568472707353	0.122243099769809	-0.253944471376661	0.593271101586336
-0.123384773702717	-0.424585498364326	-0.272281945752998	0.433893320428471
0.0776663245687885	0.394043332400069	-0.0697651048422868	-0.433195482632073
0.722547091810921	-0.437368852458371	-0.23159852042605	-0.240735255380372
0.0308139845889781	-0.245851375679454	1.15944785849468	-0.0472020174458136
-0.105548872573072	-0.00905210783219778	0.0532226011964441	0.897290813087922
0.183537731159562	0.621217391475666	0.132649544916647	-0.524054039132366
0.40484655617226	0.0643129931294372	-1.01492169726308	0.664150212658933
-0.48195925531304	0.442629471009958	0.742908528963036	-0.0168269700104732
-0.261784270300393	-0.481534695545027	-1.25578605016153	0.569712706534604
-0.372808248043712	0.078785165821486	-0.661494020727476	-0.700737554106462
-0.932268343981962	-0.332230037717663	0.0689916782817128	0.531842121263705
0.0944290863022458	0.1404534868106	0.357336187818136	-0.923005796372872
-0.186571239526493	-0.649132976682512	0.250315574140317	-0.167397044549174
-0.528454620642324	0.374061699879992	-0.465042621664855	-1.05786830435256
0.258396642207796	-0.366202534041407	0.756936375383311	0.874122091051243
0.336373074816465	0.165936417213963	-0.659771829319426	-0.385808235418458
-0.166719196207779	-0.201455070009633	0.054101419650957	-0.439862834660291
0.212267724278868	-0.0688150308874705	-0.401012130154985	-0.245537742259541
-0.306766727493694	0.752963531554734	0.558536800319788	0.0155073915842736
1.18979659154482	1.03421964110268	-0.909245491440871	1.44572514521389
0.541724718556382	0.706830067668504	0.975628564869011	-1.29786451447631
0.325100665355927	-0.523245441382999	0.217640726347596	0.424611917031096
-0.489183414387393	0.00356932848739596	0.0964100708532142	-0.89868119892818
0.180503765262961	0.115051866662492	0.970716858131286	-0.545132352298879
0.512083902699387	0.494128529477961	-0.247478647941067	0.4424509100349
0.0478829977152001	0.3177737745519	-0.0983842507460786	0.0441282780226878
-0.106203381149127	0.409195154116003	0.375931191599339	0.547681692587318
-0.0263546998661565	0.578536623752852	-0.506499585079039	-0.781722592368039
0.581017624170936	-0.538923959689881	0.313912982157032	0.00668982612995426
-0.52764895806329	-0.984436819909585	-0.00139335173309134	1.12648784557885
-0.377927423717113	-0.895904002461374	-0.0659990409227624	-0.43414017483785
0.22024817348387	-0.214468268765526	-0.648939575630506	0.611311939410007
-0.214207533153278	0.0926064006296186	0.467281775382564	-0.180851864390361
-0.618394206041923	0.796883939470398	0.959370130829475	-1.0111929631051
-0.198779963045916	0.224216182128833	0.180875737004667	-0.786584068764274
-0.24806477957288	0.189164995427963	0.855664467350962	0.239009367182742
-0.193571862581579	0.477106209661546	-0.0394551333295657	1.48021997237133
0.393135532601923	-0.237583199197639	-1.04904531525611	-0.683629523369219
-0.256013643045246	0.13178066046324	-0.644216682179498	-1.07880368075044
0.400625198998875	-0.18812314505314	0.0155540093885925	0.110893503609107
0.614577343033298	-0.956633414597648	-0.0737589709008662	-0.384685294039746
-0.399363023452531	-0.268770093424806	0.696357007245	-0.474656483086026
0.327413197604589	0.40151050442529	-0.0359577520765159	0.895209055222791
-0.23604301281403	-0.688690330174621	-0.107668346721239	0.0283083360320365
-0.260558170030141	-0.0903303309334288	0.250158657152185	-0.348440550821883
-0.146276195620403	0.469265514442015	-0.162885901395907	1.26596369545875
-0.354766379949116	0.183616279328046	-0.613044590439661	0.277978653571758
0.88823420869387	-0.0172150503579396	-0.564050343932691	0.438263441166865
-0.0972347544859	0.729530696341747	-0.394726234537125	-0.560323963080709
-0.205705936071968	-0.755506170719174	-0.957348199547678	-0.236693069385443
-0.208161164200622	-0.90037973950809	0.926249273684067	0.424832220544976
0.858049250303251	0.567229371904921	-0.904699076745331	0.0147285628222743
-0.187967257284721	-1.08088725348702	-0.377467532772967	-0.0576924604539641
-0.598220699908812	0.320257505445991	0.594059379538024	1.21496782930431
-0.387815651009039	-0.72243165284044	-0.805677106639683	-0.867978262418844
0.226789897030842	0.529485009243016	0.137717286619901	0.10184146521455
0.39968593690108	-0.718702391218914	1.16881899010194	-0.603297690929939
0.166428195159257	-0.00530941226645507	-1.02600799656943	0.870581693747425
-0.169744014079228	1.0262420549392	0.716125889379573	-1.4908522677663
0.0276088245082276	0.368815403740438	-0.438851671849298	-0.261707542792813
-0.155002491714357	0.246414047693703	0.13393912721142	0.51985547392685
-0.179241954630094	-0.508004343231922	-0.906970244320965	-0.771644952350403
-0.291039162911557	0.429218467187501	-0.502599598372843	1.1240698421826
0.437225180446919	-0.481483159053656	0.666626813094131	-1.07563349505765
-0.0636491623315853	0.145391535376084	1.01435667486288	0.170804668520231
0.205687729082653	0.023551603663143	0.301815066686492	1.6476121977932
-0.191890974985193	0.815435372237109	0.476061071360756	0.0926665942464322
0.477013816590708	0.0172598243440672	0.838243734331487	0.461604437702452
0.214989964619756	0.622143224257674	0.186653978668232	0.470699435918333
-0.511966504716615	-0.973205699125226	0.180106437617608	0.68409101027119
0.786480912645424	0.665511518572657	0.442536607607054	1.21906454415488
-1.04662654886667	-0.455457420875089	0.00964119617723081	-0.275056960139119
-0.128347024536042	-0.0206543531855243	0.00208715728059786	0.19559261690019
0.0839897562300257	-0.286003223198352	-0.444885757217651	-0.13079616250269
0.126464411508631	0.0172573270476899	0.612315526551478	-1.26857334159785
-0.412462773937564	-0.295611780087802	-0.619763119065387	-0.496324639697766
-0.177248872627074	-0.0141895028027666	0.489648986179626	1.34492072017073
0.355235245841455	0.562549038363891	-0.823508389862717	-0.107949457328507
0.0140889287734986	0.223407193168311	0.422303295912439	-1.05702990190121
0.120701976629376	0.893010983926535	-0.611255165794734	0.857101090558152
-0.383640286900977	-0.673504225470909	0.708446559578689	-1.2565409069562
0.370679654712335	-1.23194868277659	0.409025290876628	-0.477018147615854
-0.336213263406923	0.515739755425871	-1.00894856339636	-0.992670396136851
-0.266127478920026	-0.786569049378803	0.145606218755005	0.172020427293296
-0.20264806169349	-0.186711959794872	-0.349241498630062	-0.0800377203541536
0.0521513112079987	-0.305156583152604	-0.768013072411206	-0.192084588288655
0.511355720375587	0.310529859749348	1.18149743959786	0.166532333337477
0.0555417297258081	-0.164148402966048	-0.76713636243296	-0.622488731398774
-0.133445788451322	0.9071907095244	0.840245154557075	-0.767765991288929
0.0597378675973397	-0.509146570949629	-0.887110900405287	0.100433894862108
0.785029664974697	0.224597907433217	-0.26388367721696	-0.0667007992031952
-0.138434664965337	-0.231828189284015	0.140015985257914	0.335499124336357
0.0273940282418885	1.411668058908	-0.105352627753446	-1.03103683718189
0.619179108455341	-0.186398267895411	-0.261760848203813	0.583632437524257
-0.110795750079507	-0.557301298059849	-0.0387338711222015	-0.594633542710524
-0.0202022639484569	1.01931302368705	-1.02199508736759	0.356896660927317
0.144104479532905	0.113020322848363	0.561832858053665	-0.119223124868061
0.526389688438472	1.08069294090178	0.704935001325556	0.116990418866358
0.177582460577558	0.313757754868912	0.411502408037877	0.613407856767596
-0.0826492852780056	-0.724717570810023	0.171916974068984	-0.493027246342331
-0.696223446795884	-0.530259413096532	-0.64305128007315	0.202097447909851
-0.419729707038615	-0.315988835127145	-0.644903760676054	-0.10879970397333
0.110502875650008	-0.695883035855624	-0.144431750825777	-0.102491997676279
0.430365243799427	0.48791019447086	0.224306691222736	0.952256951015498
-0.105079632581225	0.610769785743659	-0.0196447909303012	0.396058563774172
-0.0654111377207885	-0.105324660400538	0.783877326190956	0.052207358029569
-0.364100389524926	0.575412260117836	-0.11574582658099	-0.341855751916173
-0.199851769404076	0.200612074872169	0.405155780554825	-0.107762919457852
0.522530013338534	-0.00354408124293502	0.0602291011069963	-0.654776907397809
-0.662032074027188	0.0952972290034403	0.377663089809398	0.973441883377852
0.066041077869134	-1.69645599403679	-0.195723425961604	0.344335837475679
-0.252473556652819	-0.256262301753443	-0.483759130007649	-0.189432254577774
0.162647609471533	0.223068034118805	0.504521918597174	-0.672523671751068
0.0457178434800733	-0.209365305972891	-0.333006784654431	1.05406065631406
0.277613532043081	0.299851539377317	0.462878499861054	-0.0632984913969066
0.0744751774090883	0.705951372485341	-0.0628228367674201	0.759712889135266
-0.0780279725006755	-0.00402223912168821	0.251517746716853	1.40113823863476
0.00437909686708298	0.836394446764213	0.602161531924612	0.181669405208751
0.42301096685271	-0.0897665414784589	0.0913459089542463	0.951768425347169
-0.294383247186439	-0.0415774170885836	-0.309919391211869	-0.215666476125853
0.709975456983023	-0.535335333075562	-0.850129405808434	0.800689963897758
-0.293905279591544	-0.425520146797428	1.96861387558422	-1.17622379296435
-0.537112689839254	0.349157033810996	-0.0610642935797125	0.313984458139412
0.307334044638787	0.0155623597852224	-0.42019241099711	-0.188419294922814
-0.144539520394943	0.0320708804795048	0.564618480319589	0.348068036171686
0.417936920320825	0.553154075533249	0.0148888039369772	-1.07963731850766
-0.58845747847313	-0.419229857001818	-0.802459337828296	0.102991803194643
-0.584517284729208	0.146786479667762	-0.369217263925276	-0.39026840781259
-0.435554533974127	0.327530804431993	0.204227947501781	0.0505303638817401
0.416487949810683	-0.289732672055824	-1.11214584733397	0.662352548462983
-0.379673453115906	-0.369195104641179	-0.599735611557518	-0.639747831076161
-0.113948000754275	-0.53871614853019	0.61661049262546	-0.334100544272074
-0.341872318079086	0.0185019156965491	-0.00501902630138748	0.219335581449506
0.0918748199313889	0.00279594744204293	-0.491436412659611	-0.902683570832594
0.0770929993414481	-0.713147568137088	-0.680557880655075	-0.970146802636
0.477670001308455	-0.0536450277026756	0.197985318126449	-0.0917277307187589
-0.111888716680403	0.675164788614382	0.0790323499170216	-0.867226832008131
0.440936134928488	0.399785174992522	-0.157173616479699	1.05934205690099
-0.114138697234638	-0.0630130011879833	0.579557934844787	-0.960769999202907
0.421076872653212	-0.531126326482547	-0.238753012543664	0.0598439269382817
-0.163134218881397	0.15256944669311	0.478790768128283	0.93348578779951
0.295673160681863	-0.518317326209267	-0.522471076883584	-0.273912687467045
0.0382327375352387	-0.418667871967912	-0.131364512988916	-1.25302191611244
0.0408511505175532	-0.741762474557692	-0.148316207357227	-0.304424075837057
0.255283646311439	-0.697644887710823	-0.205234100702298	-0.181577153300828
-0.317637262772345	0.387282762953878	0.589550302434345	-0.955148001812044
0.486995087950455	-0.763646668751004	0.934792984533221	0.9296448405879
-0.0724516377686757	-0.119674898842048	-0.851422070738956	0.355854590644773
-0.116048890177519	0.780106658422959	0.270835349502686	-0.643848564144239
0.143757283055639	-0.93636028666205	-0.0527360742175633	1.40909145320294
0.282891632767713	0.910156577648227	0.0738275673606101	-0.506056524260461
-0.748981633013275	0.204359104798517	-0.352222304041611	0.198775878939849
0.541988926264741	0.31467749756313	-0.63911531334145	0.69420095201705
-0.391315334901413	0.245622661782914	0.354471041235583	-0.593424985113373
-0.582338078104636	0.309215968683724	-0.074350237158544	-0.46561362878488
-0.155819681227135	0.0989538412738768	-0.466681839494965	0.552577802672026
-0.0214182523597876	0.0663839940241913	-0.348511205583898	0.267192986418317
-0.218255697457983	-0.315755555006618	0.0108218872594756	-0.469709869500379
0.0530430764872302	-0.343819244987427	0.570466263542115	0.847939705185677
-0.408726625506257	0.156278870008964	-0.0330213914830828	-0.24348977005526
-0.0941793382751223	0.740660203787852	0.332560319566415	0.00679200351042954
0.274821235923286	0.386015913549413	1.05420887593743	-0.278667335431582
0.635821403261939	-0.0841854230561096	0.565283671088201	1.64198684434967
-0.155399784083099	-0.00398046156216652	0.329184390740127	-0.502003875605793
-0.294321637523646	0.605453387732009	-0.100934023054068	-0.0257855500752308
0.190425371616727	0.0197619833155617	0.44300205694219	-0.298745784366829
-0.0978571876470365	0.339793571090715	0.108759821183411	0.295348392446233
0.245357958887437	-0.258592276710471	-0.54356490485857	-0.591948618338504
0.165666459369602	-0.05813221762316	-0.247223502948652	0.731806425964372
-0.0510280148603073	0.893411144268878	0.743396676082982	0.484641147896029
0.279758571121041	-0.628831127895027	-0.886852299325132	-0.512324859254164
-0.429254128913711	-0.101316355334181	-0.688117558955267	0.558643087152803
-0.118975387071787	0.534851154963881	1.31326979014755	-0.01115867601958
0.955065499994799	0.272978555216247	-1.22987684752168	0.419881216503269
0.0271748027556228	-0.221746253161556	-0.0286904609928648	-0.174362473785699
-0.32125503484219	0.146295004833443	-0.33494432331404	0.117845695529606
0.770469772208256	-0.158969790492905	-0.993826865722056	-0.0571571266769891
-0.280640599000703	-0.261261211081118	-0.0562706378735019	0.644416093174509
0.105756263288096	-0.761452740928583	0.709036044332527	0.269530092414614
-0.0526801356674474	-0.583084958781046	-0.0309153307819333	0.625996755674952
-0.0666787823452811	0.600069360060904	-0.465384691852987	-0.443019030634867
-0.116344741590871	-0.507303080050552	0.58024793822206	-0.486242788436057
-0.171798172216583	-0.435121550144774	-0.756180506766027	-0.0166776347919849
-0.818531303982762	-0.371360942522593	0.0929149678895657	0.0837796035327157
0.458528268024117	0.104108439589189	0.353051234038122	-0.049908265189674
-0.155554075786462	-0.329683339210805	0.0786320150347753	-1.31086482982317
0.0372013757096268	-0.0425740837212465	-0.243582265715886	0.0901749519544868
-0.0185116538961929	0.526617128260549	1.60055858782665	-0.767360362580015
-0.192172018311496	-0.138648863564871	-0.793074745263661	-0.774060142243725
-0.324963790511926	-0.0493026251985147	-0.489247600074297	-0.905907484977261
-0.231061773801879	0.554939996500906	0.081276148559503	0.0577166130240741
-0.360233955243046	-0.542324991317906	-0.0184930439625034	0.164948873603332
0.556148569344676	-0.11251300846735	-0.173715246403607	-0.973320805470413
-0.0185003267695076	0.339422704295088	0.45990945585889	-0.0692614077287672
0.129850987104539	0.126887940506002	0.875032737440083	-0.0831716400621743
0.364921924632002	-0.444234697755486	-0.885865788038745	0.382599575871234
-0.364046733084153	-0.128342752966219	0.41787063926959	0.535659707479626
-0.136865062905951	-0.0596925900006927	0.00777431871100731	0.403289802156062
0.0553559284284195	0.478255592138271	0.228405625725633	0.202344090783821
0.432703793419749	0.277089111576639	0.819594809099244	0.0161934729828152
0.357180473552576	0.00570949062311734	-0.54677739752542	0.475260916044143
-0.487808547899429	-0.256322224650893	0.551552788204235	0.74536557243701
-0.240982032317229	0.318112774106102	-0.0187286918835069	0.904938312273027
0.127049658404317	0.276610437243756	0.0590629046964455	0.262548262574479
0.352718770962919	0.407101801471473	-0.387709314972954	0.0316643556259818
0.56064228808318	0.0671952509257609	0.0778213207982899	0.356142289280291
0.0751529982424398	-0.102243514893373	-0.149820987076372	-0.476526886535306
0.0648584530810352	-0.522489665467707	-1.114313083655	-1.25056388411176
-0.206137011740572	-0.489667921659178	-0.00545604211505798	0.462927680029505
-0.535922435127977	0.502006887326411	0.0653873008264684	-1.20776804803254
0.453852620186781	-0.372120268272279	0.00170754538865998	0.26154046605891
-0.965654515789118	0.00585956230433549	0.440024000227953	0.250752789809947
0.475635035966088	0.22690482026525	-1.21992428422462	0.525453944652962
-0.0651536539983491	1.12179713215894	0.871281771800767	-0.345783595457561
0.175313505141373	-0.499328339927588	-0.673058773286871	1.00268888547234
0.0115329637603426	0.261700827436826	0.248406354742289	-0.153417932904231
0.0105739677188171	-0.148847584605905	0.457554602204341	0.0077767659316323
-0.220350373445725	0.362886955183707	-0.417786007246975	0.825616741214445
-0.0208330105928225	-0.850903718084592	-0.120707202567969	-0.356462024400884
-0.344346678754816	0.106550062698988	0.131818331587858	-0.0755115161414868
0.0219330026854365	-0.119975666675345	0.360627993735016	-0.625518504323322
-0.00357806448244287	-0.483618825814246	0.147989001029158	-0.679182897500682
0.272639870137727	-0.686963566637572	-1.13116465231262	0.485496620707829
0.00410809786378626	0.315648605245956	0.0127235873573223	-1.27120346739926
0.228399049919834	0.27345776485221	0.199797698341461	0.480160867299795
0.446279458549423	-0.0354475367704632	0.658301713133979	-0.98794521705399
0.0482298008830783	0.127560618174716	-0.129069754234253	0.485034859178759
0.154056054068306	-0.464959154441929	-0.525833846577166	-0.900992275972565
-0.0730338140455803	0.696025896582286	0.382096232076536	0.416732880698961
-0.793696061021792	-0.822171668136988	-0.0712583880732402	0.50765602078745
0.0492507117596668	0.805047904754702	-0.500363278617807	-0.227061974312107
0.572126903191976	0.332170914543453	-0.0439316964619245	0.460820731927675
0.59712296079064	0.344687786712123	0.689355337598631	0.708834128936067
-0.741228302776145	-0.615668557592299	0.352773260846841	0.491825835227991
-0.147930738463492	0.270803416652882	-0.0185308783090594	-0.00655513951631096
0.172218890647564	0.15422900603761	-0.276738536696958	0.176459195367999
0.120765179016834	-0.247550657308756	-0.412791950638638	-0.692436119740554
0.252007106926607	-0.0811442541666318	0.146088517010574	0.795226558222985
-0.102503783788855	-0.148328139792277	-0.149586910378585	-0.955228773537308
-0.224580451148472	0.222593704918106	0.603359143017405	0.401400845874982
-0.437005498235662	-0.0412475261115567	-0.124794909529689	0.0159035309017715
-0.308432468076555	0.0934834038389884	0.212885173653108	-0.700593685150662
-0.381189239658773	-0.904939351236352	0.360500951185994	0.716500626737414
0.547555195049987	0.846925721364466	-0.254929793876055	-0.0528283065103453
-0.176231284393544	0.406649944608633	1.13844554051646	-0.0647579374835136
0.568331324023866	-0.0369488892602523	-0.646146019080307	0.217141070614516
-0.193675749030771	0.268098056832936	0.53831658261097	1.0710589705162
0.364555132285762	0.623175731775787	0.112991010375343	-0.433687677300447
-0.71968567954731	-0.197518790634286	0.215399737599962	0.843862191571937
0.0877444532021031	-0.297338997607495	0.103637263700756	-1.43923086129815
-0.352587316432292	-0.262343820004353	-1.18260475453491	0.267330890356181
0.257765912677121	0.0227854098865271	0.944443889031155	0.255924274946875
-0.209950386290281	-0.322360154771775	-1.32932292372639	0.148727014474777
-0.0618212621825444	-0.00447073085021492	0.415919012504359	-0.0249982514487204
-0.206024472171515	-0.0477657835554748	0.230888197660278	0.0918767272901256
-0.167604571878087	-0.207257630954962	-0.751587649781186	-0.811104714238853
0.0380816289320441	0.0302358546544442	-0.559765343746189	-0.0614333328834393
0.250221646335609	-0.903367819733166	0.235986197288878	-1.10317450488577
0.146972093258799	0.193813423284115	0.0601619096104409	-0.0996276582594631
0.571332727102869	-0.0447878635236858	0.212526137892148	-0.199645961040808
-0.00594925320899738	-0.823947019828795	-0.305726791080383	0.425901870565737
-0.252205085848157	0.395211832291914	0.573402749194251	0.306456802726392
0.263606962744114	0.0884746084143018	0.219364955372126	-0.0730567920474562
0.0595745763036795	-0.290017718200778	0.575289544169972	0.220670282446642
0.0123287136539228	0.278423163530751	-0.699587100260646	-0.404518347342732
0.0607403833849081	0.625629888855294	0.782727954587915	-0.342603673556433
0.412744417875222	0.0254327056612477	-0.970330034393228	0.309013799144523
-0.17710215088653	0.0651980304781644	-0.163903815889799	-0.249586310526585
-0.488678338363488	-0.138898930319131	-0.124582686008624	-0.18179637696833
0.342883478405735	0.116039482373147	-0.355906007681658	0.543006978667969
-0.591789819316297	-0.412798552146561	0.0513853319763241	-0.397187026341687
0.209280317605489	0.478093641928047	-0.27137218291699	-0.119870930871532
0.249206924101725	-0.264490084855897	0.418880091069671	-0.318467022988638
0.560846502068872	0.441720518229626	0.626414604959967	0.835632581310573
-0.0248533816192121	0.391290201091546	-1.21478705684546	0.783340162806781
0.562890228242878	-0.0143047785817868	0.0380806078029015	0.13895108285934
-0.171748395417917	-0.417067794029963	0.0515972758310837	0.889405521820926
-0.0395454741801097	0.444874327517363	0.333369280409677	0.155276928590148
0.113919051153056	-0.137419933796015	-0.481042726847945	-0.0516247516733838
0.227408472852141	0.0784584296347379	0.665812360226895	-0.141248996388022
-0.460955495754945	-0.202170981767176	-0.117347545492163	-0.0521383583200546
0.109370597567142	0.269036068059438	-0.024127275631055	-0.68336737897043
0.0943256645064192	-0.534765220646139	0.107250254498112	-1.08737714476118
-0.74174094739228	-0.278815265803836	0.034954976093114	0.223262849837938
-0.147674310272989	1.08084512241407	-0.748108859808985	0.251121700746616
-0.548097309625738	-0.604129822075007	0.0948517369637674	-0.600806181185073
-0.0961770314854182	0.542906690642708	-0.357564664192033	1.24606852962617
-0.0147452942076161	-0.55971083102408	0.30637221028429	-0.930260215790148
0.0125986146711347	0.069716410913999	0.495404565606657	0.179357653635092
-0.46443259864826	0.475368857994061	0.484811670779617	-0.398109436501071
0.267191200325787	-0.796286515959572	-0.176487518121842	-0.284166111279032
-0.493676628094787	0.28586092883407	-0.0197608979340747	0.490542603010712
0.12661500624862	-0.436474623222375	0.499169065262521	0.308087752991718
-0.681804289893491	0.582790635689002	-0.341740818624866	-1.02258856369448
0.320511923136062	-0.542174738294729	0.184852145518621	1.14656792973296
0.108836634641598	0.0828054324379547	-0.262526147931348	-0.59492509044842
0.444993824824532	0.153403368314485	0.194273170902809	0.104035107166134
0.842784362062496	0.133407579203996	0.655119237593252	0.0187772270586764
0.256861134442882	0.329255093418277	0.276457621934343	1.5176025295377
0.309931129294945	0.661985914225133	-0.468682259770454	-0.0206303374962274
0.195145679638572	0.847778740590566	1.54148646208083	-0.281311395435143
-0.191577844412103	-0.530930335593866	-0.174089321882299	0.700163906502485
-0.44276689604396	-0.313315284713557	-0.419040040153034	-0.122521612278153
0.172519405589876	0.589117576978174	-0.407373414987544	-0.0362194428756682
-0.662261077024536	-0.722743003864564	-0.0270823301564142	-0.745913520408682
0.344906596850507	-0.145377345712937	0.461092062145788	-0.657958020329806
-0.261580504080739	-0.34884167834295	-0.252540481348289	0.129746757557549
-0.0522137699055079	-0.077144268266393	-0.337098298239236	-0.557651333825321
-0.171929844715925	-0.36459723751863	-0.226057544359774	0.417972362699648
-0.33311144928673	-0.204988085535333	-0.0521790551093312	0.582442052905061
-0.115838094846735	-0.493725880105428	-1.21106796075728	-0.443237663716106
0.533726974047853	0.0057989378056852	0.468533005754332	0.741346402728721
0.183754307342495	0.245383953337643	-0.749754471547894	-0.96294059294488
0.256093169574512	-0.704036986873741	0.575922622632324	-0.635820368939958
0.380870642250508	0.000133641356392362	-0.444076338549188	0.0654217152602516
0.173989769566163	-0.0358135107444855	0.0226068346147453	0.358358805437225
0.390511572924589	-0.335069349504422	0.498336086864915	0.115174663106122
0.345400148620845	-0.105091723145533	-0.687635641146036	0.671150303453991
-0.0738869222650449	0.181153635568738	0.113909100374849	-0.382150187440101
0.0171992244370101	0.0499103552799772	-1.07362733538835	-0.470191452644077
-0.35405717581929	0.106161163323221	0.0282614759000567	-0.175062681678191
-0.000410116555053285	0.0385513023917303	-0.0306742367325081	-0.960792650483307
-0.25946081009779	0.22990880422369	-0.00504184094117025	1.01519628966672
-0.420823116621583	-0.568224781206568	-0.451459328905151	-0.207936743176087
-0.193333816027213	0.453131295263572	0.903277009915956	0.10012410054008
-0.361265958060376	0.111049029061839	-0.535275170853169	-1.37674880339373
0.0145129260099143	-0.206784949863242	0.183399257791606	0.134037414945852
0.117167626242152	0.381522599301369	0.381837133837129	0.590233596522633
0.16709286009601	0.814660865768445	1.28550112240479	1.2856319318044
0.429379536957445	0.664349689737542	-0.855248987002298	1.02739115897135
-0.0786164389813335	0.831227760078859	0.329444374857091	0.218877666907632
0.385850158403942	-0.413018826265411	0.164134619507651	1.44268251728772
-0.0530793681230634	1.29786184865768	0.539550910678001	0.0150046419930264
0.225929689871501	-0.627664878870263	-0.691473531643735	-0.298794213877961
-0.714798390621031	-0.044087076574732	-0.334349721750722	-0.0202358919988745
-0.257196816367204	-0.476382426028262	-0.6486236468864	0.117722904363187
-0.0778456123377025	0.144544660031066	2.31905372340914	-0.817324338573015
-0.0177556262582572	-0.764711010027558	-1.31097109581844	0.296973326118856
-0.0415670429958161	-0.0517671225489883	0.680119335205029	0.311518064223228
-0.228128819943536	-0.428774682743008	0.306864490738197	-0.693168890151072
0.0269482183470464	-0.214321442983866	-0.762912633221487	-0.51209154780389
-0.14058824315495	-0.40104115005932	0.772614099653761	-0.115700282285986
-0.119348434024926	0.0510107480952102	-0.314341396171848	-0.487690822839748
-0.103776397838868	0.115268846257038	-0.391228287712063	-0.0201522724203385
0.0127288163127087	0.092760464627069	-0.155316512354954	-0.808168096312609
0.333080695798127	0.182552975802257	-0.660614025586158	-0.262607053592892
0.281284610845292	0.215536125274064	0.891854399228885	-0.126611826865075
0.0370743683963709	-0.00463552015192227	0.368159423227958	-0.597364984266816
0.47416403280802	0.872539065701613	-0.0296400715684478	0.656212640211463
0.590377305600071	0.352261315487123	0.708623364232329	-1.05199410824433
0.100937536126779	0.0926187991433956	-0.480961130217806	0.953740456807515
0.0344532290803183	-0.0166786320973222	0.184121321714495	-1.5241521862052
-0.170152658036253	-0.489452224698789	-0.44154007514112	1.04612099706338
-0.0228413196209605	-0.287114153109537	-0.0854698043335864	0.165115213988598
-0.186959277512041	-0.286331300089717	0.611766247801738	-0.976896556556776
-0.505767664295564	0.322347160690926	-0.225117880599109	0.486778954691698
0.743744430026653	0.350788545461009	-0.237795739602807	-0.228609719778685
0.0897737418097109	-1.06876321465431	0.611881956265891	0.259274815855685
0.113622831320059	0.508654138206643	0.528816907171743	1.94725205422967
-0.172986480240966	-0.173612949537488	0.301760107496004	0.446302966277842
0.339666490654994	0.346843345746157	0.271832017808397	-0.837332808632535
-0.753350360220569	-0.0679883122340631	-0.654040932066156	0.911368742797645
-0.293357426932756	-0.484269629532152	0.0695982021204535	-0.0600251038988681
-0.758525358957585	-0.439699442176836	-0.887979949971969	-0.491747728234076
0.301954260854407	-0.43824244296655	0.611830809608105	-0.0069532351462603
-0.63738405520718	0.137773816148647	-0.310228995265497	0.590545693083876
0.180233262530309	0.339123042889219	-0.721951127309257	-0.489217376493135
-0.281527639521484	-0.658052543425203	0.149652283270493	0.601344884087367
0.0390720781659007	-0.235333726976222	-0.748030975713092	0.79414408181169
0.00756113092108141	-0.200218190187199	-0.301722778933055	-1.15297945428338
-0.386805558889469	-1.66527698274325	-0.905847411223214	-0.0923387877885644
-0.396581858509591	-0.535020691095661	-0.716744527240398	-0.551375947665512
0.171068571689582	0.159968371973812	0.144781766906236	0.153840130218015
-0.105160225775848	0.724584674650349	0.231932809802873	0.802742571283977
-0.0915099801497043	0.455196844182921	-0.307410947425563	-0.0113593224247325
0.24482116507133	0.749338278841804	1.24196586942691	0.320813834218836
0.611761256195444	0.335809228249648	-0.160835455241528	0.177422643436671
0.916884148215249	0.515281120132777	0.0796886781563216	0.352799553165888
0.0136423152838092	0.246351161261144	-0.130552261805292	-1.08655905172836
0.309846397338227	0.372003783522214	0.85685483648092	-0.276729822060529
0.0180180511557945	0.0967177267039509	0.690715889948663	-0.789266665812839
0.267930049797102	0.153605065159909	-0.917308645609155	-0.104641557879777
0.0145390511800936	-0.00683551537001906	1.04426951145336	-0.998366806605808
-0.583541290201796	0.0648024420989676	-0.430595274718291	-0.110474842098816
0.177518278115465	0.473562852752982	-0.752445986442953	-0.267875272444203
-0.242459598855847	-0.247070595561889	0.551251474971305	-0.600807677056542
0.194899478997079	-0.376143872843936	-0.745601261462664	-0.345440326170963
-0.271663866168209	0.0737407645895513	0.542584721550985	-0.944624907758417
0.376977743842333	0.292853514923956	0.759753167968035	0.528501173791293
-0.293110042435572	0.0543052231082212	0.272901990516716	1.41162828926442
-0.54975835654752	-0.193326341566027	0.666950237001356	0.918418385810243
-0.00740856182998703	0.0867252040974786	0.437112158108405	-1.12413918197051
0.213234428407178	0.219097360904653	-0.80324785955526	0.486277790535785
-0.0510356884710651	0.202755468510231	0.317952749214971	0.578994893343458
0.410566539130608	0.0687458299710113	-0.249130505289855	0.587405743484156
0.0756426841043258	0.00199464209084537	0.355909703640112	0.429828600967919
-0.108384082052578	0.023282488287119	0.133496807760274	0.423436984789735
-0.149319164131537	0.650231379220454	-0.447069385175369	-1.24957513810559
0.278445217247377	-0.403576342720575	-0.140626486195716	0.341513154896089
0.0892306272423722	0.161935208452834	0.882729417173571	0.479645533594128
0.474251508639218	-0.763961399112153	-0.336499657963485	0.0025294840693258
0.0250775689122309	0.00986352142322539	-0.195527994312635	0.493874102599411
-0.162113406268588	0.00297666944387427	-0.521391255475233	0.0083564310948521
0.235756221713419	-0.223746860581885	-0.0021762137531417	0.00750592340995062
0.0853406964157792	-0.32118012409808	-0.112228675202323	0.681024710808232
-0.635220929399915	0.610247717348372	0.432984128059222	-0.339737240018944
-0.225926020507927	-0.308083922955775	-0.0422091937218531	0.760609739644901
-0.0375805938454899	-0.283468933637041	0.127757051570442	0.178353954882298
0.242409643058523	0.0220887300716327	-0.505979557772475	0.102929711398622
0.162104287608942	0.368959302630929	-0.563165258979429	0.823801220815554
-0.239769143974584	-0.615520241528448	0.45149965761067	-1.35419168453991
-0.156295621076313	-0.319166526915029	0.424456936541774	0.602901590950215
-0.287663405008792	0.0485774304369885	-0.82599773889752	0.415375163479492
0.208529510247733	-0.288172915908958	0.0515859652052454	-0.884845273170276
0.0569777284387813	0.0573080210483408	-1.0315744613007	-0.650306626141046
-0.119559554524937	-0.227097750795343	-0.314496000587316	-1.04338820160963
0.458310583376404	-0.221652239750482	-0.644028020159559	-0.665128299806244
0.0317438894595252	0.887866447954388	0.19586736602078	0.449959729810953
-0.0288563758669531	-0.117939890250808	0.000361163510084874	-0.347346071672003
0.030659041389544	-0.325474492216801	0.868086659518802	-0.581100676094625
-0.524670882177599	0.447253175724662	-0.103818051761672	-0.403499524729384
0.146494630381361	0.0124273280289842	-0.0259846791641915	1.95417614779293
-0.333815822294098	0.125898905137343	0.726116004841697	-0.809940906461531
-0.233771871235823	-0.692566972435241	0.300053200792734	0.326907508591871
-0.245532503160823	-0.27593506283951	-0.918918319326725	-0.657998039024319
0.273011575381106	-0.517014946685729	0.720438142229982	-0.125477697797471
-0.0921590732974031	0.351031754667363	0.145687809076527	-0.912131235464704
0.507735983302736	-0.712488469410559	0.0742475931114394	0.124637123984954
-0.328467334314568	0.395742523111834	0.659469082041983	-0.158047202944158
0.684435156786593	0.418306011903302	0.0990825542620309	0.65736240057611
-0.491511675129883	-0.10246648843044	0.308157055828524	-0.549221145434914
0.0587651009423317	0.476437638950367	-0.496923953799467	0.932675820622743
-0.768310432064175	-0.936572429384587	-0.401982472966137	0.54355526833707
0.0223528266274451	-0.0348000381382454	-0.0456801400658973	-0.840501693736412
-0.703000855949997	0.268066107215749	-0.519485435050169	0.194383731681183
1.0153335427694	0.621045545222966	-0.00964165283253472	0.286122692014358
0.299966257339861	0.354606375917735	0.809946906590154	0.719590209924101
-0.00665063506424287	1.01795541293392	0.00728187422842014	-0.210042955768122
0.364237603467324	-0.157270239424759	-0.0298996294456341	0.779925960676988
0.150671589259301	0.227736420693661	0.270021872926205	0.445514274375854
-0.135682443678323	0.132304953629949	0.314058521151652	-0.00670881573088038
-0.236847608330009	0.480717275736628	-0.0203700339272796	-0.850518030932888
-0.395986771349481	0.0700009845358224	-0.721796257465581	0.576876027274601
-0.085278052080257	0.406220367968285	0.0245921724045382	-0.656486137725173
0.390797261387738	-0.959626159828283	-0.648491595966779	-1.13227240742832
0.237931064813151	0.351863317581515	-0.469278513691002	-0.64834250686745
0.232702193193545	-0.455736818254019	0.855277888251146	1.3977054650466
0.0312805468407379	0.334974353465878	0.572017785871241	0.329713933818722
0.00912544419916945	0.307111593783914	-0.151303389971268	-0.156667857179692
-0.0192931300414412	-0.740256003098019	-0.186447171543759	-0.728596253450184
-0.507139483255074	-0.360375910670926	-0.58365679451929	0.886836677850613
-0.327611294939204	-1.37322459995156	1.28009832032245	-1.05470764488153
0.622336986519178	0.327054931715407	-0.739430628814621	0.588513410710558
0.076763445649577	0.00165632997117258	0.306772287603886	-0.771989967394813
0.297453086094279	0.437807967873722	-1.36410741721175	-0.597638623182468
-0.203342934765012	-0.099565787227657	0.00943158866735696	0.800275348930671
0.397038947736676	-0.234553161702761	-0.260589670073366	-0.479761871571037
0.247032370639679	0.000523276424996184	0.701584323898532	0.927476530910672
-0.0828858865863536	0.161498695734006	0.596715640673985	0.0856620734063738
0.110853540416865	0.210182645774553	-0.219345756581733	0.428236824960962
-0.547996643074269	-0.0426197237464716	-0.674020495993024	-0.0659581451980989
0.280052036572315	-0.391385610213982	1.34085315378147	-0.399796186639994
-0.110963106324342	0.748469114880922	-0.108005520940405	0.722657062664255
0.157677471756739	0.50673651728703	-0.387036820924682	0.290470575179553
-0.100461039435728	0.198533225162633	0.0683913016581541	0.186752121586096
-0.110039449597993	-0.216757306824734	0.148452906604877	-0.013689912571537
-0.00276695150805652	0.617646267438474	0.511464165167261	-0.222445320651151
-0.010086994110365	-0.521458163691545	-0.365300293586792	0.302136868129915
-0.280556191189009	-0.336278938491081	-1.01327862114138	0.123435834195796
-0.253023500881826	0.620022675456985	-0.0340746775127128	-0.153434208940563
-0.312655035888629	-0.362238544673352	0.357205424468541	-0.63415898615405
0.197929368414	-0.377278756258083	0.280714849672425	-0.290914978773017
0.256830190960574	0.279230242030694	0.308585479806047	0.269804667786127
0.202199904877511	-0.521080056232144	0.11732428990366	-0.0612181491534467
-0.205323144590065	-0.171880227800145	-1.06502859525944	0.291965101679723
-0.646899765362603	-0.37527924005765	0.145417661047251	0.153595659722596
0.166397874727582	-0.467164795574085	1.04140755015975	0.0773230882169937
0.271353265903663	-0.00917533921016356	-0.512372488313236	-0.150116457254091
0.00373289507586409	-0.152603957117449	0.926157127314018	-0.100859044255533
-0.147929900598755	0.156591930511129	0.131206823780012	0.993188109017018
-0.173864820679057	0.294777413252401	0.105040786459493	-0.638697611981742
0.0511234036356773	-0.311114150280578	0.119358866329352	-0.192205011418787
0.103543869619507	0.149689091847515	0.210906074240022	0.506241504118051
-0.0924541254784364	0.364073876837229	-0.801885218817482	0.21532455474231
0.220043122211265	0.432784139489091	0.31772284275509	-0.553017847970676
0.0951877115130263	-0.24232773701105	-0.337724135261911	-0.0890894261525929
0.0424758775320121	-0.190600365551112	-0.0419355542975713	-0.421879855668868
-0.227900728075298	0.247593745584654	-0.330622263111696	-0.350929606694085
-0.179378964740232	0.600096988191537	-0.253768763733695	-0.476881129036642
-0.414016005379784	-0.409624066120383	-0.0977014053791119	-0.312919385305659
0.324442567524775	-0.158415744086712	-0.415222553878987	-0.339521017324946
-0.159889167102357	-0.00625599660261701	0.00310499900945656	-0.235576770533596
0.152279815749782	0.423924199594918	-0.70457238519	-0.537345008345956
-0.0597077090489062	0.319376133618429	-0.26366688789694	0.621504274411255
0.200037310690687	0.137645217664254	0.284351290907648	-1.10756597096106
0.154446181431101	-0.263595824698761	0.582477222109864	0.153047087740793
-0.00724070644056576	-0.0762900319780513	0.12492793333072	0.163039593076229
0.552814189702739	-0.474732196137935	0.274533246181517	-0.0775750093779216
0.0821741412096514	0.22241887173905	-0.168715703921728	0.643047666619738
-0.302327380001428	-1.04346378187951	-0.43664018074448	-0.0222612080728184
-0.068760625266058	0.225100173375766	0.0295925787389086	1.13049663097272
0.501372211646371	0.360285177320281	-0.0768845456144936	-0.00343035424239443
-0.286165990474963	0.327011732318928	-0.249060675353201	0.0867675849742518
0.363466619475712	0.318414777873145	0.581355182812708	-0.059242727323594
0.126215496230155	0.0920849595700352	0.712116496897722	0.829948882493544
0.0135480427552024	-0.331676649089239	0.506232619821302	0.357104960173562
0.178469160798966	0.42045805290509	-0.533422606749209	-0.0541582394364841
0.0544255804602825	-0.384491253628059	0.0666712084648012	-0.423936433613697
-0.501221921269646	0.17040169273281	0.474288205612012	0.663467998575623
0.212346429657539	-0.205226090439682	-0.328491274272218	-1.34326782632799
-0.787226088452127	0.268397051251165	-0.243153627815016	0.0737555356265635
-0.357554102925174	0.31443390304923	-1.03719032007338	0.165993791594173
0.235981586183766	-0.357649105568987	-0.145040502546813	-0.523644097365887
0.162725326253214	-0.0235459206990269	-0.00913752358977128	-0.255474856556212
-0.212114751026268	-0.934291765618256	0.455147694009629	0.364738229056906
0.0662671746106776	-0.0359530313272897	0.268861420606419	-0.0599870759301888
-0.182954174037512	0.0563349154696249	-0.084390220939914	-0.230713645216882
-0.134560899141194	1.08108103773256	0.413416531153796	0.200687089435234
0.285085963522118	0.161098480312063	0.207882874936794	0.782853996049559
0.436172272547867	0.427845359364488	0.0872823451119214	-0.115158894346392
-0.574275089690681	-0.24096782172676	0.0533563048366595	0.978553352802128
0.923543771285503	0.0492008695782469	0.551992039974273	0.542883039905079
-0.773835253493583	0.153438054354155	-0.521760288199116	0.0214416622047338
0.424923644997973	-0.252106173611452	-0.200432998704774	-1.19857209165461
-0.304710312821585	-0.888084583742707	-0.310262122508576	0.230332548246001
-0.0546901994304696	0.29317774695737	-0.621401737205561	-0.163913808623703
-0.134530006537603	-0.442443987181214	0.0721230756390748	0.786078531840968
-0.24021484589961	0.0981929149554447	0.699603915899977	0.0933779332553343
1.06021041785055	0.0192839599341258	0.818087147896715	-0.14046108897796
-0.430458160755837	0.484688933511088	0.520319406685957	-0.223879627581973
-0.0975148559899388	-0.336983705231789	-0.0108535997095582	-0.582679753067723
-0.0797743710182301	-0.12586121849663	0.0275428858820919	0.217049781900435
0.176861378397765	-0.859582547653895	-0.120044763031257	-0.874847290019198
-0.153822523984369	-0.163642520429632	-0.0938460975058944	0.238463742287652
0.103265999382147	-0.283020507786009	0.222104293942834	-0.123583804565031
-0.284318644227933	0.43760423585891	-0.301991037739061	0.170119081699158
0.0813026779028241	0.345988197383639	-0.222447834935716	-0.263582982253894
0.647658722115643	-0.31777215063011	-0.148268051532749	0.521799692460332
0.376042434285341	0.710133299361353	-0.115249925151614	0.127021697808566
-0.0497860225076901	-0.577816148372372	-0.143951755620167	-0.578486622220298
-0.162446642716454	0.754171054334751	-0.000443276122208725	-0.305251764215037
-0.495876050020238	-0.698731086032631	-0.484590829175101	0.85635858275325
-0.0943728589529659	0.336690634820658	0.38390913379685	-0.762404489109163
-0.0644235567274658	0.444853595019387	-0.302701424206249	0.27434229596232
