IFG	Ins	Put	VS
-0.3045822051343	0.373549896787847	-0.245501096891961	-0.534005939942704
0.190478278466989	1.13157564870269	0.714082037690077	-0.047626548567235
0.155275882494106	0.142848946127583	0.620359084889053	0.763022300484264
-0.0479774571155696	1.47475439352593	0.62124502180363	0.027877474918734
0.881385198837517	0.277353060931064	0.0114777423833668	0.36175799155967
0.784358881878533	-0.239421352517312	-0.261473109933974	0.149166152223604
-0.36185955772153	-1.00952063410178	-0.178253810850435	-0.328704567342491
-1.1364789990616	0.105629007201614	0.402940176751589	0.465160233733717
0.507482353015712	-0.514436128445674	0.613706029363339	-0.792720592708181
-0.537563124087866	0.601429944006402	0.395778478067947	-0.831255565878526
-0.00131132101571662	-0.336946021780572	0.576656047571633	0.758828772003408
-0.13310232491279	0.317374701789614	-0.834745218709254	-0.82808879615548
0.0795021196222156	-0.367970022987093	-0.0325109522062863	0.0130056684826074
-0.471045776527642	0.753881052958503	-0.71255246617523	0.292326574370485
0.297807856504369	0.289186570813662	-0.406469468657865	0.266973353937144
-0.0214471649307742	-1.24028301581178	-1.42811982367034	-0.230259242943655
-0.55864932515516	-1.2332074785474	0.643346470494327	0.562040366205856
0.261511275091215	-0.494610798952597	0.465362993119794	0.220478505338884
0.0281694320252663	-0.451172969397924	-0.231967293428223	-0.144540112379818
-0.580215900693044	0.665477797787704	-0.568516255598698	0.306390066888741
0.376704141711437	-0.302922845793109	0.662711835055607	-0.287733453930288
0.896927564395052	0.338775363844004	-0.508664778565516	-0.195726183389745
0.339951013919816	0.524095342552902	0.0368844346509727	0.103444394818651
-0.712487641310697	0.860026089309207	-0.337904765761466	-0.291759207634664
0.120522479030231	-1.82858973615873	-0.676533975885479	-0.828527484261913
0.946649146831685	1.0063641893355	0.51642297692606	0.220863091880313
0.213267480509996	0.165797196761808	-0.12108623475037	1.09423189285008
-0.883165345570592	-0.336714823374931	-0.215322339545738	-0.465416844660721
-0.828956455018739	-0.694884527378714	-0.118159492017906	-0.706631260998791
-0.279067212932563	0.946053546737349	0.250853258707679	0.196261748369561
0.45634918803056	0.0333140657133809	-0.320140366856738	0.49777098793063
-0.546091423300348	-1.45505410645155	-0.458483940841446	0.415985881357586
-0.456502622243953	-0.928016197737136	-0.493268127409034	-0.809210676881806
0.153622708293032	-0.488680006270121	-0.877033670437873	-0.131531985315713
0.311089571494167	-1.30190501904401	-0.162904324432481	0.288518344030795
0.268235480193272	1.84037892687534	1.77245552337846	0.782544730529263
0.030456788796805	0.390259446156028	0.910032716521432	-0.851988750722269
0.0975821598146013	-1.53444457634589	-0.149530939554623	0.232441400616787
-0.706058745631019	0.741691584292585	-0.423664195341251	0.207883923008618
0.22395297757735	0.106468411533315	-0.361861397695177	0.196648160548751
1.42002692295663	0.384190183355049	-0.782333486238277	0.106151533180183
0.123303711227835	0.48453373473831	0.624343779581638	-0.0643961428024007
0.278007936968345	-0.699347145474402	-0.21784816621277	0.250439818131386
0.7747514120685	-0.915352430175441	0.491426214071242	0.465641247843825
-0.679741871525302	0.52389956699895	0.620750270571794	-0.0142493076803346
-0.014988143423967	0.299167250346033	-0.308771034602937	-0.692381076209456
-0.0729820053615281	-0.73067074083348	0.208208111790794	-0.504124979162115
-0.441093391094866	1.2957668567863	0.12683032515403	0.662886561667436
0.214075645419819	-1.29959357400257	1.10634651151834	0.3023826702358
-1.01557970534911	0.270196156369914	-0.998492739329331	0.490145788797882
-0.781823908912878	0.422711618500448	0.452370514708952	-0.530828976942665
0.39144834487219	0.752477676005574	-0.074500880984617	-0.25827099471759
0.0150186468993479	2.07952383336454	-0.111146684801226	0.62769059365212
0.895631035730945	0.588638602000664	-0.348605269703346	0.594162413604423
0.221878754933934	-1.54943926029651	0.902463196301854	0.083948483985977
-0.284246918499947	0.084853584296232	0.71794348679183	-0.334221131696378
-0.0240106314927861	0.82529866320035	-0.973490956637233	0.47943915867939
0.36893576850794	-0.13643418861008	-0.367204736336601	0.0249236976045323
0.0618514222788422	-0.0322423872780548	0.0620614779319899	-0.426825196130004
0.2838727989203	-0.125651347991626	0.0223670578233655	-0.391110525549282
-0.242387513448173	-0.364070451574025	-0.298411052196235	-0.485801363039098
-0.413477748927557	-0.222111458619124	0.196143784791798	-1.0881219760761
0.051082237447907	-0.604320992647782	-0.0581528245298206	-0.288821232422448
0.0713255842613475	1.13224661400854	-0.0701803888664502	0.18219342258628
0.550731448830859	-0.367362597767332	-0.225217971661996	-0.17839734936942
-0.311897913212536	-0.273894275286957	0.264958902660791	-1.31724282378096
-1.12902206451787	-0.367475581893927	0.0875938089403819	-0.296167970298925
0.708209301661252	0.196040533947657	0.650952157036234	1.235973265682
-0.673375318966751	0.938301517052759	-0.102223367197074	0.715356691728179
-0.858025419048863	0.248130486362827	-0.569614243178319	-1.13745408741516
-0.301382933353975	-0.536049171021194	-0.739019033693617	1.03533810183839
0.0703203878571734	-0.30505806434396	-0.290093045300338	0.208201938932005
1.37924695291769	-0.425554194681331	0.78309851016088	0.316661341892673
0.241129316905218	1.02142356433836	1.41590724853359	1.03259541725964
1.33624404227741	0.813992773691602	0.135211021249889	0.511801494003518
-0.0652022679704836	-0.0194109352004649	-0.160158113128421	0.157775013017945
-0.318999905864694	-0.487306077708083	0.0911657929224332	-0.833278997602866
0.179165939659544	-0.0158969935743068	-1.11032331941156	-1.0405020080173
-0.178637696623643	-0.420788572903607	-0.50070485449308	-0.201682190034256
0.290248889225022	0.354898641537611	0.512159620308459	-0.192026842982158
0.260437229656188	0.31246301120598	0.110080327861194	-0.0306802118813131
0.346827542312374	0.666740351403668	-0.0746846457577837	0.0489731599261795
-0.698418796086848	-0.0470716854057495	0.210153387302298	0.0487209737723264
-0.32976280747519	-0.58641178776499	1.16293817936814	-0.74453702808739
-0.324059646217666	-0.141961700819925	-0.185848560555246	1.35764910576314
-0.678499044301375	-0.262824847562097	0.155459411022009	0.368766993171625
-0.624465991869672	0.313877119136877	-0.914241744674236	-0.706315123805743
-0.532964224067518	-0.541192847835669	-1.11196631584389	0.381265126392639
-0.199516644651677	-1.47121728034411	0.273900863401692	-0.136257808250225
0.0627790520276561	0.0627659680229933	-0.634952903379081	-0.410532397981287
0.190083467798486	-0.516844478039916	-0.241590644082706	0.12640004408758
0.780433389286326	-0.359304511675535	0.518617531203038	0.358892297636993
-1.26982405333625	0.0715119140174558	-0.770123669997841	0.0481871898790148
-1.50189204429367	0.274360940025964	0.562970730659185	-0.133655911678422
0.106399882038926	0.156042829344541	0.340516207585441	-0.323326779861985
0.317805614475952	-0.431564313834513	-0.706792000668983	-0.810519186945613
0.998062563392409	-2.02334096154589	-0.173246203519408	0.417551945712948
-0.609727820588227	-1.18841395983909	-0.719547984474952	0.0934978586038568
0.392851382565367	0.0805669033833868	-0.144779097315346	-0.124810500038851
0.549859547070682	0.855318206880139	0.548719009490235	1.01761629714312
0.971507917157458	1.73126581863314	0.103720873273503	0.08791071505388
1.39018168858164	1.69491907014672	1.4714815266389	0.490970601927955
0.0933820445842272	-0.214864957949748	-0.316732454695922	-0.308475128389526
0.686220068628629	-0.685525678071039	0.133402301772685	0.552543423846552
0.158109682932663	-0.253577004415692	-0.0319800635443717	-0.308898277590722
-0.308113568831259	1.00846189819244	0.747819384898922	-0.0132184066522421
-0.143907889252896	0.995947002390985	0.128625508950826	0.420323400020444
-0.00642440216889919	0.844222038773465	0.0212869425925886	0.336645872758724
-0.325641769597857	-1.67791861043772	-0.239340836122134	-0.986787482044522
-0.583822925960585	0.0828774864290276	-0.531248342184079	-0.38502489024211
-0.142628129141172	-1.28376685295452	0.830006364195575	1.55392906985641
0.353267533183783	-0.517917717506354	-0.58837555660162	-0.776936187834551
0.266351530249973	-0.180604105846151	0.567927373828711	0.591137604668457
0.504475352798755	0.66744495470095	-0.513967636063212	-0.0284872817521222
0.292339897347086	-0.156035320775895	-0.571265405553371	-0.128637644352474
-0.143260904840217	1.08327877042523	0.575115288274983	-0.014403133706659
-1.26568574496781	1.4504834705505	0.301047820557482	-0.00701684464342206
-0.0916593003986407	2.3638924391913	1.84436197053557	0.541626742033971
1.47710922158653	1.51844078832782	-1.04602465358826	-0.673688771896069
0.256514618317198	-1.23946820113478	-0.452987293575686	0.633102582280119
0.123636225944841	-2.04288005935979	-0.649756383368662	-0.407381139321429
-0.0856585532297013	0.241635776072155	-0.849407819174714	0.304424236609044
0.0456910510337035	-0.203388436736789	-0.593641639767178	-0.600797632702427
-0.973453341507654	-2.10899031659942	0.0330588709728161	-1.13354785708459
-0.443639021056928	0.248834483862713	0.253886153526587	-0.642502112230402
0.382182150754825	-0.198008283235621	-0.48861221429647	0.0149036482345728
-0.373031460043779	-0.330520721314801	0.221484411078282	-0.211326842805518
-0.105396216575692	0.199481005975738	0.891274695634664	0.148734102483626
-0.703376280299041	1.06887333014188	-0.0863548889943011	-1.08176201506031
-0.719930379949476	-1.15148111232947	-0.360387841697601	-0.0982514952719981
-0.362496300489203	-0.391263269134642	-0.544179258757954	-0.113966860963376
-0.435787038451928	-0.817213581207949	1.44936810632797	1.02194177127669
0.577652634126825	1.77545142641045	-0.710191883588012	-0.185169645994283
0.00467976924985845	1.21450264888309	1.67063250934326	0.17759666756252
0.138283895798775	0.878308854469253	0.0259657677811666	0.618704642779452
-0.215593995028278	-0.76455045187284	0.0450736020251124	-0.270206722401049
-0.53981776639107	-0.144397934339029	0.530021213875251	-0.0265901847321837
0.513018506974212	-0.800694001483038	-1.01190395603616	-0.0670761519091662
0.389568109739042	-1.32392731643243	-0.113488229719252	0.487137257501725
0.689692579591202	0.675964209463703	0.299438764790079	0.00660706773888364
1.69233282516804	-0.735061933107238	-0.352053672494295	-0.113848670428773
0.105274323638304	0.378966939607772	-0.270716036920158	-0.107349566360349
-0.647812752718142	0.241999786103678	-0.0731201074286076	-1.22003459733353
-0.804843887760777	-0.336686859859201	-0.263124051146101	0.483158967054726
-0.969658500154529	-0.860456605688852	0.489785152311287	0.736809311794748
-0.799962908009613	-0.624087677871203	-0.424856502192028	-0.343086750172038
0.0481115960600667	2.31002745315463	0.429556641628053	-0.19840990741412
-0.794743129948202	0.619273846926186	0.674809078729105	0.421319303147733
-0.38493910978902	0.529724661124767	-0.428387925397927	0.460472155072551
-0.75813733321951	-0.251541223095542	-0.601159820535215	-1.16115755043488
-0.114969320884135	-0.666113980542553	-0.180647966104967	1.14204209910872
0.0427776813241381	0.106398759650605	-0.496776169851432	0.0627633138328353
1.25044748855101	0.177089241360547	-0.287429948071078	0.11090139274698
-0.220195557562756	0.25734445672627	0.899566228523753	0.66580511390951
0.739341262165019	0.736029388784673	0.969721782536093	-0.182934232887199
0.394765807448435	-0.0684759469704004	-0.21186606170696	0.59354090618208
0.412786609413729	0.127321342304187	-0.355479481227739	0.373441841737382
0.845765471608837	0.095765788351489	-0.472786428293328	-0.356333844184163
0.4066501311791	-0.810987166907353	-0.713414182859051	-0.0552394956361532
0.914659363209246	0.119475902746715	-0.0547008800307511	0.656131748568419
1.11206461096338	-1.05388254043744	-0.422778770737777	0.0742266987628366
0.509626016486276	-0.78348136174896	0.120933493894129	0.988491746367372
0.32270910826221	0.555598395568914	1.33794341954365	-0.843780342878245
0.426457887474834	-0.992705232924404	-0.270091538311609	0.900309697583183
-1.06193522211763	-0.352381414336031	0.0481250880821445	0.81999885588269
-0.737162214230027	-0.472303698307855	0.473223957993677	-1.09941547838573
0.0508654271651154	1.5138777455061	-0.0616494184265081	0.376050401811321
-0.0487875810111258	0.247906486911743	0.227200200817474	-0.582903468875066
0.444332885513943	-0.0218521143167918	-0.667558329115559	-0.510830474433247
-0.149995718230491	-0.397588985252892	-0.0750205779049354	0.186530047657624
-0.549415508510569	-0.335328305867657	-0.352718772458846	-0.346305006634719
0.848681016149257	-0.00201193887905092	0.611667825784454	-0.584766199715472
-0.23231183111117	-1.79699465412766	-0.0822045442688316	-0.647683662843196
-0.550407102848326	-0.433065519454836	0.839709364465976	-0.330112067102308
-0.463659050244275	0.39465524965348	-0.860219333858568	-0.505532147443388
-0.601055733863785	1.41008550111473	-0.13302012375525	-1.24766837051173
-0.258994672380168	-0.233989782570845	-0.601809402419125	-0.0284351517201615
-0.382053766211717	0.537666189807986	-1.20204370938286	-0.687121752212896
0.760303593778692	-1.14751032953212	1.02607478210233	0.382645225370914
-0.241962131523627	0.658899175445467	0.115200508148378	-0.237114476305346
-0.257984061263389	0.164919634241016	-0.406708513686	1.08742969751857
-0.360099575237671	0.981596293711584	0.372365585619744	-0.498318995572655
0.253558537546759	0.195693668938685	-0.526545251039678	-0.642638170532933
-0.647470068427725	-0.45096572240653	-0.353672255912586	-0.183229300315588
-0.434971843033118	0.477926667612105	-0.149224531292855	0.345976104420596
-0.952264180105741	-0.0146687998691613	0.231160517481529	0.286462868951803
0.461658463089236	0.320020545590311	0.640844116358507	-0.995163439751101
0.212496475829661	1.73460948023563	0.593772448492892	1.06871416078922
-0.288699908200121	0.181218470767726	1.64843518178944	-0.274567587142078
0.0494827936724701	0.105625837748103	-0.265296138819476	0.090260095217684
-0.311450866186131	-0.691604471563903	-0.343770206798235	0.914958662678421
0.582091326985887	0.0941902588340456	-0.0587000598148944	1.17338868597013
0.14373544972024	1.2638752390737	0.379325690715788	0.0349432237504211
0.437433659644018	1.74287350375385	1.58008476293657	0.531078385592299
-0.462522806701784	-0.927005807847821	-0.853335514995609	2.29919281391113
0.306467411912899	0.0115717132448713	0.317794189844426	-0.851598256674232
0.00718397340167967	-0.857733048933906	-0.389244903462385	-0.233294001098988
0.335870755624263	-0.945106595039302	-0.454038113399778	0.493439766575092
0.783420008557361	-0.890074381848719	-0.973368185154163	-0.712943574964854
0.173583497388105	0.248632074567456	-0.0386975138521241	0.228843842362489
0.187518175477892	-1.04001409932222	0.495284481155215	-0.572395334075854
0.122410501222758	-0.849605257539606	-0.772790648447495	0.265138854900258
-0.659028970783874	-1.37218948241427	0.0794201649268755	-0.250605894923969
-1.51125164202902	0.238173521500521	0.323330418929866	0.152107653330974
-0.181495147898584	1.5822145173609	0.202506999141878	-0.0356443733849149
0.236187316544784	0.344802448842209	0.201281056305655	-0.553152210775029
-0.242681093572497	-2.16363098669134	0.433834952664608	-0.0747008824120444
0.744647078421098	0.533304843440758	-0.784387307924385	0.444206875449226
0.95181946205358	-0.891633235760165	-0.348258876324008	-0.837627746105254
0.379747720472445	-0.358973627328836	0.0100914884467992	0.0504746713926311
1.22053291768448	0.480335336666142	0.539628972520872	-1.11911078201776
-1.66157850380938	0.979716773251701	-0.811758028061931	0.859015383766073
-0.980158204097772	-0.64712050143178	0.40487406532883	0.256249037828639
-0.237497570709828	1.19865847216338	-0.0602344469697472	0.0773759843751753
1.15088605962111	0.748053651638278	-0.0720053831764718	-0.405675272708435
-1.39084580306626	-1.19313418142134	-0.535642092788938	-0.164036436565405
-0.660102206644325	-0.392909671420971	-0.665206464447452	0.0943029138347216
-0.267675512824527	0.526425102411496	0.758413745061453	0.288177129707345
0.363449331677788	0.548657782227676	0.320376644722586	0.450488658899872
1.08627621541362	0.0438620010397583	0.256029328070002	-0.156452233463443
2.15727482787309	-0.611019040297808	-0.642715394951457	0.133894403537894
0.0578399165059064	-0.256315971070587	1.28820490622622	-0.152442580125215
0.740536677828761	0.40196639864462	-0.060368922341411	0.249723774303008
-0.465578242560908	0.101835904988281	-0.684074824387214	-1.02050833847795
-0.709396114749496	-0.0664760645668556	0.860932129357799	0.111022391166889
-0.221068355076142	0.908572914825767	0.273157089201767	0.149241994995012
-0.224322502856578	0.640176757164861	-0.503275324280684	-0.26303083106374
0.43898624099352	-0.155871680525798	-0.143649297009047	0.29951383061782
0.117034844065049	-0.163939991984809	-0.507519451175604	-1.06593082009139
-0.786787215564532	0.719168997761322	-0.309636358410002	0.698301460598008
-0.587622930991605	-0.882516474850208	-0.379309932301411	-0.0201680585889615
-0.0170369668851604	0.0224168175707412	-0.00345827518032526	-0.17204395651204
0.106579295616932	0.323321871681514	0.878657656046855	0.72672777740855
-0.76107210083436	1.0310694132849	0.348734669767679	0.761511712373447
-0.214380802819709	-0.381832075645031	0.461533350196675	0.719816080665022
0.382788999612109	0.622515694838697	0.45196168865996	0.0284397037549402
0.740898852866716	0.665564910676735	0.460937151931032	0.558455681118315
0.599424346548349	0.360160331225146	-0.215677720721682	-0.018276693419364
-0.0602133550260474	-1.39945542936136	-0.230111512320274	-0.552287326408939
0.31093958213267	-0.478124307286572	0.410548285551818	-0.351623495607563
0.683206790837524	0.534718485799462	-1.44266378152686	-0.538094083705168
-0.816477296820333	-1.41596174845774	-0.432082452058459	-0.224900650406986
-0.0349605856748262	0.925512790494888	-0.752419946342199	-0.637682528148185
0.18792881485377	-0.42988915274985	-0.0732549194513544	-0.113100544787481
-0.0965714778716097	0.334429321086321	0.515809104138921	0.402115221866262
0.130422587837738	0.0327706095416345	0.330230450193797	-1.43401317189386
-1.02694071924625	0.114260366231316	-1.15535568282569	0.0669183044337741
-0.450063313162776	-0.456580746670161	0.727153173079765	-0.342967608299883
-0.417672271829567	0.61143975276661	0.367694519938911	0.364645752061147
0.652340959524808	1.41951004943596	0.0461480753712056	1.11421851605264
1.43778326027081	-1.28728957335114	0.367143067035798	-0.992982956104087
-0.256864495047908	-0.401234475053634	0.544346702504701	-0.197169423574618
0.24385073647596	-0.37687595899621	-0.963154319035598	0.424631321247439
-0.759150103138111	-0.33983992868687	-0.418901759707315	0.17061204636541
-0.470388741116306	0.65365667365337	1.22613523893999	0.505803106374088
-0.213579766152843	-0.726134519400988	-0.105155385988109	0.166965927737546
0.0707169324535529	-1.4967932943357	-0.746970371126321	-0.488705837384083
-0.137139392911351	-1.22680070204679	-0.481627883166592	0.89424352401239
-0.297714691493526	-0.342221842660978	-0.51640546873588	-0.602323365866448
-0.273922632234107	1.64870874162426	0.271904137105295	0.05377982917392
0.331309842691334	-0.519299822108584	0.166793117945005	-0.673418452273749
0.250419238678805	-1.16504889052725	-0.862279600030512	-1.00448449980125
0.190215309529222	-1.60323747312748	-0.51377809176594	-0.478241390640077
-1.03695818165523	0.821973750246486	0.242790914580994	0.314322265062958
0.0717337755082367	-0.00914844393783155	0.239199819363328	0.869274444198406
0.531262790483515	-0.592582960835665	-0.517126099709613	0.416142778271196
-0.301087134653085	1.78725174882742	0.651568768031384	0.216690600313621
0.452896283141264	1.07377738646824	0.429722290460544	0.416453749792316
-0.590712396139256	-0.166726346345285	-0.391546583673934	0.108920195776572
0.0853886961186315	0.126959892612491	0.50305167427172	0.217940376105395
0.0026780869958003	1.59815867255345	0.60594090645717	-0.443401584185513
0.834299024837491	0.0302784842212849	-0.427853318082451	0.279407028226276
0.313725189820861	0.0653563228735205	1.34705862753762	0.868128351161986
0.319732091591369	0.440835574876154	-0.725921800797953	0.353037386264414
0.394425005730662	0.330141909182942	1.13370855668753	-0.0964187790190758
0.672848899885201	-0.37919466012478	-0.0190194122685817	-0.453257475723699
-0.553425104839537	-0.561584515692518	0.477993402207973	0.358790121282674
-0.485340668782079	-0.389891620333958	-0.227381370361332	-0.050877286396617
-0.595526782190257	0.437709698308092	-0.0713589246022321	-0.224890704596217
0.807123183722378	-0.622897850349477	-1.69721033028572	-0.794771496803888
0.387480046495343	2.19224469687739	1.24880786201156	0.162063501058389
-0.484303716209617	0.544516232600513	0.213347749686779	-0.461425242905556
0.56161768801724	-1.670153133098	0.701239316648768	0.567482561425067
-0.345934678609196	-0.791204967802368	-0.333403585065392	0.58452849749702
0.235159456757141	0.0836414862229627	-0.838188871939776	-0.724631108041807
1.7155996294008	0.389546753756654	-0.158237927038959	-0.355420591773987
-0.307269984663019	0.826556582227843	-0.767000030157955	0.283843595577456
-0.512198810152312	0.403787149520655	-0.0273960928673291	-0.525978019237659
-1.14297485238081	0.280749036641538	1.08579321520456	-0.056241763043011
-0.760515546427335	-0.123757193294327	0.0247112348588752	-0.0566887822606049
-0.519011417009708	-0.354940387592133	-0.226783609506749	-0.332631231093061
-0.57909961596311	-1.0982158808872	-0.208411149826816	-0.358028111759127
-0.608743013184587	0.589841748362045	0.882529292338755	-0.197290847819051
0.0207532834959378	2.32464085628803	0.278247291593722	0.459866929165061
0.353361064202788	0.0101817598615284	-0.4286602809702	0.713495325826266
0.136381931134144	-0.198656438622871	-0.29317232393567	0.57811759034539
0.421938493522207	0.0898140274700289	-0.676446828466066	-0.274578944353684
0.941300446907737	-0.522707158435427	-0.229072862751345	-0.473237008496754
-0.210284450586767	0.16735363173838	-0.386026079271371	0.440681296888388
0.958597680047782	-0.556090407387211	-0.782294693726429	0.617466576534313
0.215856037468467	-0.895547986186526	0.36936692886846	0.00854998973392486
-0.726709801013702	0.287317001611264	1.0430817737628	0.692352415015765
0.389176754148183	0.696098207298595	-0.159908538162414	0.00543117146898044
0.659866479605651	0.868048005757775	0.0786064401753714	0.320376890387386
-0.142102326194004	-1.35794943911231	-0.408512366101176	-1.26791570761693
-0.365661218168325	-0.793400643005899	0.808492840108026	0.718504400765604
-0.446355397379312	-0.19466729790855	0.263290172361296	-0.630447654227916
0.385984794379302	-1.63562353566124	-0.532758939379234	-0.636467633250873
-0.418163975024091	0.590536527843429	0.500173804492435	-0.0663655942878639
-0.037959069924141	0.321091465252908	0.478314635098308	0.576139239062285
-0.830177864438948	-0.855042211815859	-0.326381906563575	-0.798868140137271
-0.264523887501869	-0.932014756919039	-0.369376272712117	-0.510134972969377
-0.646508307718561	0.51794247499523	0.725864475277784	0.883964343268964
0.509415435469322	0.280559454741104	-0.389241142969766	-0.881324962420231
0.273984771165711	-0.176628839807214	-1.20397719614336	-0.0483749412295663
-0.895040287512782	-1.19889456201859	0.112256857107341	0.0846570914651323
0.433432275911528	0.00329647381868905	-0.0609018555321814	-0.263453603099029
0.639158004553637	0.525830686737991	0.296717955870124	-0.159703595553108
-0.15173880165593	0.105843605723692	-0.18156076507263	0.057596938721793
-0.0266150194118973	-0.154993047714296	-0.288900185464823	0.540556621345877
0.656978358144722	-0.732149243931487	0.526417034259161	-0.21698428321673
0.471740916409133	1.55092251204318	-0.757166523910667	0.84810690089519
-0.0451041668863851	1.15412095826365	0.365393209181519	-0.0694331222937439
0.0215077113444783	-1.00301764272152	-1.03932440413932	-0.26789301053195
-0.0964055427506495	-0.0982435989164185	0.955525875961895	0.234188223929801
-0.915317716450748	-0.102545436325035	0.653562683240287	0.0444772587248155
-0.426278575621077	0.0515547005066742	-0.338319355739343	-0.245998353776449
0.318322183172747	-0.0917619492101432	0.352416784498048	0.529505021735664
-0.541565060339417	0.124500568055691	-0.0834702485276763	0.267513094791055
0.156545229581263	0.0985371814399609	-0.256144200677118	0.37555739418236
0.304603911896642	-0.504104980901731	-0.592940198199155	-1.27750777334322
0.467331959025639	-0.246958295883953	0.692061354812303	0.900278675067868
-0.365240538825771	-0.351823691571461	0.694372813590873	-0.58678542902065
0.193415274504366	-1.15626868443502	-0.539390910480965	0.0755650610658641
0.173028161358836	-0.12730831060247	-0.84671676004108	0.0147178758615952
-0.253217212822158	1.89944250615983	0.91629323372406	0.160971471997576
0.839576151871656	1.27203445464526	-0.113864847605253	-0.642909885728711
0.537561623315417	-0.0822190317833677	-0.517626944884897	0.032843184865734
0.690872485993197	0.446835526452187	-0.00574247953064686	0.278393208597723
0.250212740430147	0.218099212343995	-0.885318677933161	-1.13680797634868
-1.56003762892778	1.28793322976269	-0.0109525460608499	0.438351070179229
-0.759699209556172	-0.314180631845679	0.826308381399011	0.399209524941245
-0.246820861558125	-0.464067026663196	-0.230551503765659	0.530188249341684
0.591318747016826	0.490622920224995	0.446238050259106	-0.638459857360659
-0.214741674749401	0.110358238758608	0.0218350890753137	0.433049739975476
-0.453205103345762	0.953065289091474	0.00664570656802147	0.512349349425046
0.177996506887947	0.194663620486547	0.165686528912827	-0.0873778892703628
0.450277037336417	0.969254979507887	-0.733886655163328	-0.257614165333374
1.2520910652346	-1.62593093505734	1.57371221521537	0.281510734970002
-0.1558656439672	0.102061109231562	0.165143688635813	-0.584638279027226
-0.678501497704734	0.75441512347791	0.648793179077539	0.33859760407517
0.356423556367925	0.380229974295073	0.0592196919061568	0.515242866236621
0.713113010321451	-0.194174532010971	-0.0307976109831147	-0.23013959899807
0.682371645732157	-0.729785590442686	-0.879024765236361	-0.22676437371997
0.735902947157036	-0.266364839078236	1.05191320789205	0.483765581674115
-1.21355219435997	0.707146958218913	0.397642417974825	0.302532877046425
0.0883726462654021	1.75098930972977	0.89689964066091	0.595567264782751
-0.388257667332136	0.93528487273865	0.967753391927675	0.610561552108039
-0.12699862874915	-1.03329547807045	0.0975949169238683	0.0643198953070251
-0.162083820017214	-1.5549418306471	-1.82208424526026	-0.17801142529873
-0.0049467570923136	-1.37042431400154	-0.462858177121723	-0.232900647740154
0.558526779999584	-1.2787734485339	-0.661542413653187	-0.186308302452446
-0.431070221118978	-0.755294200457081	-0.426575968663674	-0.696526026212913
-1.57601779419342	0.974572713753136	0.274186897433026	1.4026514313835
-1.38142476830695	-0.145437376299027	-0.0778481417654571	-2.07149768472247
0.0744277101298157	-0.804756275306789	-1.43670303215378	-0.0413523396371728
0.571644338102977	-0.935992945094397	-0.762567511698775	-0.0538943863114692
-0.10856905582635	-0.835306144741809	-0.774130905838722	-0.525039796940181
0.354128860154992	-0.646243331074062	0.751482487467977	-0.720379885686028
-0.304140592656857	-0.151671403557854	0.236920574583066	0.00521065441587911
-0.983991204754464	-0.040396477062196	-0.523082971044308	0.0140744623231758
1.92389252231994	0.222930298197252	0.608242249878826	-0.374510481962347
-0.0786148610109065	0.593098360772713	0.629103420996754	0.347809550846226
-0.567158471244511	-1.11143352150094	-0.50314561605216	-0.516480008019104
-0.765030887545279	1.42129181659952	0.747199548364899	-0.340960383030322
0.149793342344024	1.15321491238209	0.886321713416498	0.0572934510547441
0.415052534725705	0.254197654838907	-0.559954854415054	0.473430581006385
-0.337582885145555	-0.247778381860085	-1.21119775609143	-0.0138364028697726
0.0539505977474431	-0.188686616525633	1.31916948525044	-0.102823134840716
0.580737901974285	0.140790643256359	0.730392179572432	-0.0972783174993575
0.737598796397063	0.707208273907146	-0.574261304024477	0.281761776351152
0.0397791722063267	0.277227329441297	0.195067963004063	0.724274615188553
0.782394972436664	0.97086516994353	-1.32667951519282	-0.258358720891787
-0.12097333470599	-0.498303083728074	0.877075652844672	0.534047359921726
-0.299677207671574	-0.545453411627207	-0.751276006713673	0.0444836559245538
-0.148233592001747	-1.12814509411637	0.165379545263701	0.352334947804041
0.379544165296098	-0.366699583013218	-0.649665928098901	0.13729017001431
-0.369735132267496	-0.470461509568788	-0.634969555906469	-0.363433954364493
0.377719746387215	0.683127411630774	0.0398596756933147	-0.562928510221193
-0.32174721959963	0.154595674654354	-0.209444256976423	1.64059200832524
-0.223836008351201	0.540392920601195	0.35077762172378	0.238293305643097
0.134894491859006	-0.515982742345553	1.21325813118706	-0.119076588698743
-0.181126324479353	-0.171247128064976	0.00642155330899662	-0.775233889630843
0.852507608413582	0.291737851695536	-0.144177832916793	0.708654214264378
-0.328029522162079	-0.716083394442873	-1.06357901982421	0.288782455642945
-0.251585161327905	0.978705461137372	0.0690789068119703	-0.89556921704861
0.680378406344359	1.84648842311198	0.969911667245579	0.561990758028436
-0.507523150102194	0.123372418208251	0.456607974521654	0.871565160937777
0.352592073823019	0.130088725774268	-0.265358302991312	-0.635369945560242
0.974941915316472	0.267644640888432	-0.152111475382717	0.341669450612335
0.851367225517372	0.307318540902675	0.678990802763961	-0.267393937665767
0.344820454736631	0.803600355316263	1.22519475879978	0.0588463582334427
-0.961945386857724	-0.704057232267115	-0.421206436314742	-0.457257046407024
-0.442379327010671	0.20260733826358	0.691006431809399	-0.375534885109642
0.502925166065097	0.912370596506053	1.13999633155246	0.348204067040189
0.729222355902009	0.465237297405919	-0.30580386062116	-0.533513277306668
-0.420444530913545	-1.87019908412361	-1.10362370488265	-0.142459725243054
-0.965747362652914	-0.916033551583868	-0.0691046171272034	0.080184391893112
-0.700704173798351	-0.0258807665839018	0.608395436834993	-0.389036505828527
-0.0415866331474828	0.316467640029352	-0.808205745137363	-0.222034463794839
0.214316508871171	-0.482449836534995	0.574661400639389	0.84168679361384
-0.380280249508085	0.228507870371983	-0.687311203093549	-0.00282743485120627
-0.564824279446124	-1.11640494406093	-0.63370553641917	-0.676737540890332
-0.755366405696807	-0.0378868018528726	0.477265491334513	-0.366451976431358
-0.53609943902281	0.129985421841256	-0.586964742842186	0.135769567843444
-0.572076800000432	0.494566466884734	-0.529746402383675	-0.591370993739674
-0.890770009799885	0.272932783466111	0.476861093469974	0.630053384068684
0.00259830551949416	-0.0569794110309938	1.01372550345162	-0.146836522903343
-0.511975611398521	0.139801698035178	-0.188216300664511	-0.445166087512962
0.303028780899357	0.605642477647363	-0.296288357200573	0.0380879099536826
0.467528720141778	0.339303580675228	-0.527367489761887	0.0324580394615674
-0.0852839177258723	-0.689628826999584	-0.934175586268213	-0.138095921735155
0.50585743003513	-0.991260671291006	-0.33191141173065	0.0819605285132738
0.0936802327396211	-0.953445878258009	-0.104461423502841	-0.386273232193008
0.310236146657159	0.415217542672208	0.111919829758547	1.35113240085828
0.168683820180428	-0.123940175031067	-0.146009471289481	-0.133056261060749
-0.20541201547149	0.647535401252954	1.15456176333879	0.211151752511556
-0.264170151351628	0.68577918687536	-0.114098483550575	-0.249303696832019
0.88648849490491	-0.896113625891689	0.478537560256711	-0.29305615084204
1.29995296571	0.454725061599999	-0.236681828555927	0.540048985715537
0.101777386102224	-0.0725368231268085	1.08130729975925	-0.13451914711294
0.22453799612772	0.216369706821905	-0.370858265470246	-0.269002094609865
-0.444374952886442	0.0653847471583863	-0.0207304328044006	-0.0522017131079701
0.202754923022608	-0.24846963678291	-0.778068075389374	-0.312463471423849
0.840247281738769	-0.57899299180542	-0.173359820373901	-0.143386006221036
0.179103326241923	-0.431338491291198	-0.688053565816862	1.1348319939125
-0.871420640795858	0.367726423729826	0.182008778354187	-0.396539141742825
-0.826478643609875	0.741009120359283	0.283579451714982	0.488966572841391
-1.21050687624761	0.131537242102186	0.319296815235936	-0.696768870794774
0.731662722560713	-0.67890980017316	-0.208887565366854	0.390281028304106
0.568392263505611	-0.551507487671737	0.473501406424274	-0.158591888948449
-0.867241664548259	0.954934048000496	-0.62138702921971	-1.26660204646061
-0.0951475775972287	0.530192341032867	0.364298180637644	-0.400191183652302
0.849981136286097	0.265851885816955	0.0529565586056459	0.959775224662045
-0.445903834749328	-0.104930071581008	0.716879758353464	0.0553780690700564
0.996596235716394	1.40604737946081	-0.55412410878004	1.08060720072123
0.381392548880833	-0.391417530569489	0.492860090582272	0.513624796445561
-0.387130937171423	-0.303194323076143	-0.364073254983124	0.021242542746867
0.903973967837527	-1.33707684516355	0.494102476387893	-0.049389617547611
-0.445103054476701	-1.06762727837704	-0.328587095995328	-0.522750065742589
-0.413203356372563	0.674538321561427	-0.58511518217586	-0.990642705244562
0.649460088653096	0.16344587048732	0.0953137296446285	0.838420598905364
0.307131174061629	-0.230881742978638	-0.147682812465361	0.126059454022139
-0.400094992597471	-1.01829216942038	-0.102833145931835	-0.30238119977119
-0.42251607317444	0.540828298773954	0.500853487053467	-0.352208435553048
0.870660486637839	-1.31656490514593	0.00952168391016765	-0.57078645626179
0.448082295031772	0.0546966657259853	0.239718165619621	0.334533811565272
0.266171195524576	0.310657375254046	0.346761403999184	0.197741824028593
-0.0499438329909248	1.01752672771499	0.336852675790775	-0.18651457894099
0.00568817891066579	1.3537266723321	-1.0938207108359	0.44287144803274
1.02199188363189	-1.14129469671253	0.144109137767536	0.442207988427373
-0.436405015226142	-0.389518951916044	-0.0472469014587909	-0.540922990648215
-1.13508924080642	0.534200973663846	-0.210129914849547	-0.498636473594847
-0.747985256886505	0.252477935455199	-0.266281908707808	0.301270427438925
-0.939003867111194	-0.019432250858127	-0.729973451956861	0.0216364167661911
-1.02101686490769	-0.136044375938653	-0.0398920305802376	-0.639834118738351
0.433068161711766	-0.105271892588375	0.223107673678041	1.15480175659612
-0.270287744901377	0.18136371029695	-0.0258271262388372	0.20046667062441
-0.596078808587698	0.401538985334561	-0.112252961746213	-0.328482483057063
0.230119731266319	1.24873888265534	0.481513751409965	-0.241354680496077
-1.16405286851282	0.631537940122705	0.594141873753156	0.381191910980566
-0.269229685339617	0.810557653311365	-0.76845108009132	-0.0326092750494111
0.651455672146245	0.626856788631749	1.03769837784547	0.227108891642944
-0.262409932426872	-1.40839397878509	-0.878354685543796	-0.0216593873797109
0.898012352370379	0.604025102538702	-1.07251638258785	0.430954395716603
0.218778765405218	-1.04568876649489	0.294640741847892	0.803075866159752
-0.743992621660905	-0.514331899811694	0.691911927192513	-0.454452987312416
0.861779522908414	-0.771649016075163	0.215538073195824	0.031613474190209
0.893321571474429	-0.0426513434225596	-0.160585149910069	-1.01394780509454
0.0230189433789757	-0.419598783382571	0.770148848085785	1.06077496974549
1.02471145452409	0.799920129547469	0.873616022963723	0.434419304510207
-0.0392700715178891	0.107216064347849	-0.133313103339075	-0.123470626153093
0.847400419608563	-1.48039427942593	-0.123732747960239	0.18640822212863
0.0439778796073226	-1.49106088903971	0.056401867710531	0.0671735854777367
0.424177695144909	0.518118698862427	-0.504769940476606	-0.936748348661224
-0.355555944999479	0.460176573355177	0.219550006505994	-0.275058845979482
0.0814793318784707	0.819169796793151	0.51555814331596	-0.568693177077204
-0.234525726793992	-0.635533697045156	-0.468742362821211	0.522922014228236
0.0717661598389161	-0.437672656584975	-0.290539855216736	-0.135923480743263
0.898311133464738	-0.636600579577497	0.181517931809711	-0.41164079523592
-0.425784224778003	-0.716216011587491	-0.284099135354086	-0.741907763353972
0.264754086243269	-0.255171667897154	-0.240436662398414	0.625127905489929
-0.0461675116945723	0.479925958885498	0.558915647080493	0.230212924941578
-0.686745185429926	0.995462718452538	0.395788025636134	-0.468934712509977
0.383362857111451	0.474769637904858	0.431474162111982	0.0889358570679758
0.478933657280781	1.1267436380314	-0.23434768170777	0.365201940022519
-0.350115474001289	1.41853390529422	0.161824215020437	-0.257883287677459
0.0711246080790029	1.52504383290499	0.0219107267870768	-0.134429753284618
0.394830495468957	1.35837951285608	0.499884310476233	1.95421935671467
-0.218831969029553	-0.715828497258878	-0.677936594084988	-0.667425611098261
0.492724778932683	0.554910948945117	0.398626512554927	-0.947364954747724
-0.896986171343542	-1.44076830166346	-0.926908451592904	-0.435887408924085
-1.32225864416466	-0.695076374150211	-0.0737273350455465	0.107035084129513
-0.514057954903716	-0.026193051660242	0.0648051739115841	-0.169374979331827
-0.403016982783391	-0.128199612232974	-0.0137808048742428	0.307535018638685
-0.172805720117131	-0.434174112917152	-0.0155168944505615	0.217807246650954
-0.180433388592576	-0.572084527564181	-0.224395163385432	0.716884537098278
-1.21183516708873	-0.626042277428382	-1.01452255966426	-1.12424317435005
-0.0624230164051181	0.0173127409328295	-0.519509333307598	0.336971084316001
0.592867202927464	-1.14916679305278	0.196385684763589	0.221781365322618
0.0446494715821447	0.981679931360668	0.458707689054817	-0.254995328324852
0.465702571060119	-0.41309725948035	-1.13911288252192	-0.961529733615699
0.0221788202025748	-0.0474301219277391	-0.432915986031278	0.134238015026789
-0.0688308187574301	-0.197408868523895	0.168213621480794	-0.106090913212943
-0.674792993518071	0.216619160970521	-0.108967633671491	0.0708125758457942
0.0583537316272726	-0.0275607803435995	0.852146260687445	1.04938915358539
-0.924935736164132	0.0637687144190284	-0.133606685354585	-0.235699012557531
-0.381838847981867	-0.295514201880121	0.0104334560370364	0.00468875444749122
0.71216368215015	-0.934403112105019	-1.1931799962402	0.427066294301927
-0.167201233821116	0.584902345512275	0.601244013711733	-0.767514932036327
-0.020008203013821	-1.54739654715545	0.0267361592657975	-0.631196634465819
-0.061534881159842	0.234102352754819	-0.132342080690207	-0.869347921321905
0.846608638729481	0.132273410547638	-0.271887136344823	0.0205265625080707
0.426028732366515	0.620468899480621	0.572121154208583	-0.258188931506626
0.645882683077475	0.792729885991994	0.0178780976709589	1.6729011647739
0.907025542249859	0.394562482499685	1.2166051851691	0.38558363453576
0.490511862588408	-1.26598276674496	-0.0406909581254918	0.117783874747838
0.203717597471899	-1.45715275110806	-0.111333914780934	-0.172679429368586
0.908448261374545	-0.47389870673733	-0.670346577305576	0.293864511438883
-0.421458835818882	-0.390857028039126	0.422515957163456	0.0207568161351203
0.0492580347731251	0.510234714647805	-0.191138436942932	0.293354466424086
-0.696868981561366	1.51297603459296	1.14799837334715	-0.822811100230608
0.91163815641481	1.15072700508957	1.73985090318986	0.521341424320729
0.0275572285579761	1.49991619307263	0.159039406910002	0.750907520103302
0.624061783300444	-0.595775308130801	-0.109997016422234	0.65986427558009
0.823894088412259	1.311142000635	0.197583103766736	-0.324416711376884
-0.319249025903994	-0.854464727174276	-0.370734012221963	0.376326921458629
-0.369998211944096	0.879057424257142	0.52427301608698	0.544716787756572
-0.745374334473196	-0.551954278648887	-0.518690926996897	-0.193850720856042
-0.283983135201089	0.238598638540937	0.0113684757777142	-0.0481903676897432
-0.481279059179764	-0.767723035779237	-0.460995803203007	-0.090771482394032
-0.745026794972582	0.44644903429511	-0.303588866838763	-0.669537013149238
-1.15072118924834	0.0461994532435373	0.0191033757827156	0.366875542902331
-0.439330257558372	1.27296659317968	-0.340159905253508	-0.710707770083523
-0.608646050387688	-0.580846778421957	-0.419916891855325	-1.23593996340692
1.12001011688044	-0.626316235901619	0.0977856545315171	0.933634301172469
0.0163228413163437	0.361027446678391	-0.120815738710381	-0.486209515542789
0.636041422529032	0.659926903504691	0.290763599108959	0.0593017241306613
-0.0575454110019755	0.649481239656893	0.438310920483675	-0.108455399864684
-0.160946122310648	0.513662679753173	-1.14642650106799	0.0690382795979241
-0.461069497541606	-0.859362634329299	-0.634586171342315	0.000706557656892907
0.796501394182532	0.789203268582084	0.357627316280825	-0.405245812639722
1.43983385843841	0.869298033792705	1.03848730988967	0.64456834019681
-0.159700860114189	0.42847321664205	0.501554365324344	1.45561942388125
0.70777072112944	-0.059160033789061	0.50694980204532	0.339271902242819
-0.00500633314766133	-0.58281200402653	-0.0948687586120703	-0.750896235421765
0.419642360033527	-1.29996968378772	-0.220835353502867	-0.391795251640741
0.0845158380884016	-1.05628276257241	0.304211475238896	0.301471011633608
0.230755272514374	0.127483945754007	0.382790445152813	-0.443949467292539
-0.158645032398993	-0.85614879308707	-0.438529760322335	0.466210086306177
-0.660025786077232	0.0421052354249412	0.0247177970544856	0.110987107676683
-1.37423185586746	-0.0480918975187359	-0.355727424173881	0.215759686416309
0.808437511655356	0.0226960900387531	-0.495123432424571	-0.013642429376003
-0.081341123274506	-2.54513250781005	-0.106186969121748	0.104225700273693
0.14391887759318	0.271462469615289	-0.24878302558875	-1.05975934872401
-1.41132587091011	-0.193276099629806	-0.10045181081393	0.431379822973294
-1.13939211401932	0.542883806775716	-1.46326421853196	-0.421430863853883
-0.531545590445974	-0.938480550136474	-0.11661324214455	-1.8260343277507
-1.19331299050393	-1.16820580499405	-1.05696566351986	-1.24364399146493
-0.459810409516091	0.303875957529682	-0.393556187212677	0.15479980552769
-0.0600268394895372	-0.955253736463146	-0.459989886173653	-0.35171344738692
-0.204066107442817	-0.921954776713347	0.176801075756464	-0.235592251959924
-0.486485013522611	-0.247705338829086	-0.362256315181742	-0.375216900294146
-0.120620051866362	0.113103099034991	0.514278991722092	-0.248174162009314
1.26595302343517	1.43763819634558	-0.34904892418217	0.959656878484211
0.24364020673514	0.295836856425887	-0.959267709630988	0.557974070145204
0.946450744734985	-0.127749144874931	-0.124377264138022	-0.259106195611758
-0.0225584056428213	-0.264597264805699	0.233203035311861	0.0894324845787093
0.307694372103272	1.41588289348258	1.01233959195588	0.353178933901898
-0.012324706626941	0.158265620995103	0.114536849239058	0.131033563543185
1.01993188307764	1.05222584848407	0.767923231140071	-0.166744578584138
1.96539950094743	1.23385750391746	1.07741424753065	0.978125239241195
-0.290030037825055	-0.460159461569066	-0.12621257598801	-0.299266050355557
-0.0755562696229788	-0.324002476039601	-0.0243456586812718	-0.403987969431073
0.721738878102478	1.01842529253436	1.67062633295644	1.63012724322873
0.322195054514327	0.388775804809851	1.41376103995207	0.866840068115991
-0.238445737608285	0.835877702284855	0.18651076552604	0.634756561370548
-0.858497948123629	-0.795976009021337	-0.326939097213867	0.202757342231487
-0.00317820871095727	-1.49825319560623	-0.453518157640225	-0.573398326387129
-0.0753870037765392	0.62965571291264	0.0219034667562529	0.857912611362282
-1.29105094092873	0.127578520900288	-0.797009146507169	0.0413442202890126
-0.690395355022979	0.461422814653569	0.45184825219891	0.736212172363294
0.935924118950942	0.101162516416544	0.0603503345006333	-1.14576402637809
0.329327343639806	0.0966177258304016	0.555170214827018	-0.851131320628711
0.896465418597583	0.639674655643625	0.659203388341207	-0.760197328296863
-0.736699571211215	0.944767860204307	1.04657632210748	-0.483866919207714
0.313796688658112	0.262411666982012	0.646249412460972	0.562490246514558
1.05959925595706	1.16186560698373	-0.953464265522664	0.70622032749676
0.295530860232428	0.426577529552482	-0.503968085749016	0.701904165726802
-0.719479447630166	-0.294529268855036	0.0753301700422954	0.904497534473664
-0.502338878198901	-0.843491264589792	-0.893785727224355	-0.256566039293431
-0.559667780756239	0.618992641339706	-0.260103509516165	-0.0757321280027871
-1.49784111976755	-0.690261561488513	-0.107455886905772	-1.49284040159116
0.747154561664613	-0.982467065204702	-0.73679917921764	-0.170923911877887
0.591506163702261	-1.72637306451041	0.200535126591683	0.0191127014436831
0.117909540989914	-0.126082668645098	-0.492150631038694	-0.324827126714097
0.528327379222833	0.502701577232682	0.563703999625385	0.297856812961867
0.426614145342491	0.655304968990959	-0.282584199555433	1.12377185230454
-0.338023597494794	0.240729493186134	-0.644182739216199	0.0385861098423639
-0.420509431806622	-0.338329187705846	-0.855248469169727	0.451618022753184
-0.295634439247133	-0.793212534697765	-0.183797860031692	-1.28474320552601
-0.0714931220594426	-0.250166552757681	-0.0300620837864846	0.123485083556766
0.299288381930442	0.095945668304081	-0.532611438026469	-0.341660317853949
0.888756873204891	-0.108944081773695	0.296030085316968	-0.287543539491975
1.19729684758599	0.212457887904231	1.52293203626156	1.34172349308333
0.336379943310638	0.669863366838874	0.386182920892458	0.552895790231164
0.406187832743568	-0.126168888999639	0.588116046447957	0.488185872067854
-0.162366212435142	0.604186827435003	0.00163471150872249	0.160888599657902
-0.0988078156357465	0.491670040600003	-0.233106403851747	-0.262647304650568
-0.601747356517558	-0.729103223609052	0.532007730090695	0.279757491269037
-0.216578003195679	-0.210031234807587	1.13776306210414	-0.560322209402799
-0.478567423057046	-0.0249493981675585	-1.55878145531907	-1.2714761335758
-1.73495865721254	-0.946884521761562	-0.621163887161277	-0.457484623220081
-0.606146175992995	-1.1401347691032	-1.38774622286	-1.39049947190283
-0.689885302542855	0.405744995929341	0.605104283930269	-0.599514480984056
-0.581250603742494	-1.22163264876992	-0.762839036560424	-1.18981004756074
-0.821156515318693	-1.55273339767197	-0.506456956640288	0.0139005877903914
-0.19663100174394	-1.59154130392563	0.275798709303956	-0.556761013221093
-0.491557189909601	0.400339693166635	-0.649312314078659	-0.421444594268171
-0.930169196091014	-0.306077215423114	-1.34814572879851	-0.557556258111456
0.0205375148427152	0.478239477704689	-0.451200557107336	-0.655325642310632
0.0360119962283642	0.863150752635008	0.207958054033369	0.196350146252705
-0.0674508286956798	-0.173467749161774	0.187462789307298	0.049379639836181
-0.069368450701817	-1.05149396569986	-0.187560795430121	0.0637032540325658
1.19156723251046	0.852821564398076	0.646850159323244	1.58379757576953
0.879480777759071	0.570983042115838	-0.405086753975594	0.759616453462551
1.01082156900999	1.69130493611588	2.07128759660945	0.326454566207083
0.652342440489889	-0.26893044329145	0.134388256857298	0.608405747111897
-0.141720406125726	0.198817842093447	0.243454714516046	0.0114061478051309
-0.433397511399663	0.305455967986708	-0.0470286521082864	0.311441028884426
-0.160018713092176	0.302897852390642	-0.278118296826519	-1.14661649063851
0.980526512953525	1.06115566701008	0.00130344354414396	1.58112704317296
-0.477766818893786	-1.10131244532221	0.470001822338971	0.701657239118242
-0.184774071553093	0.0104960565855693	-0.158617490701319	-0.407617089979321
1.13396646936696	1.1347178649983	0.846756050492263	0.298321698581864
0.20865756845191	-0.132981733561653	0.267651681395696	-0.274607844278504
-1.3111404846165	0.867296368468071	0.199885970978361	-0.763790653404033
0.115574727552339	0.63087607637206	-0.19038744714876	1.19741862753495
0.589831788384088	0.454259503278776	-0.0995003807338885	0.559231722701835
-0.173897107993419	0.137029483463597	0.315008211833866	0.145934321676332
-0.295351079164337	0.488063598733542	0.97004257943685	0.297919816013336
-0.326588337371949	-1.12339628935025	0.0720109667062421	-0.738684276797579
-0.585823505438666	0.0579544697345803	-0.282381482519461	0.676299524227337
-0.152577844121489	-0.312480939557966	0.968215889757915	-1.20696475300899
-0.511623518850449	-1.34420114702682	-0.809200570608017	0.310060363762901
0.929061948861809	0.125178869392154	-0.368595129945554	0.602541514913061
0.784631984399055	0.465520765390457	0.180092972526481	-0.62565617670699
0.633348805484836	-0.729812315375798	0.465134561297603	0.423631727453058
0.0297848257447034	-0.350710575700094	-1.48848289124906	0.154305557459346
0.351159925639338	0.137345445328145	-0.490883062919774	0.0751479432830465
-0.401145134137216	-0.150271318529616	0.310037236043997	0.20874990331824
-1.15501856650561	0.424564873704729	-0.755527859613891	-0.53405745448246
1.0782446915391	0.744178623250637	-0.186071963219685	0.199498534479577
-1.23694430597265	-0.651164526859231	0.27753629050693	0.250158704883217
-0.872453755081207	0.230463160841356	-0.412295518830611	-0.4294529473118
0.185182341273916	0.57845130981116	-0.227105046147816	-0.72690920429302
0.783728172127706	-1.31253543755132	-0.628626761447544	0.48550364684416
0.305752554857957	-1.31951828369319	0.109680676346079	-1.51174926405604
0.386535175142518	-0.561065981917204	0.872821650132038	0.393531662711645
0.220901853793957	-0.352473559385654	0.120400932479477	0.117107456087571
0.859675221001109	0.792419476846059	0.411651476502446	0.111083245637933
-0.506132777094344	-0.249587812446163	-0.105528621244663	0.4799138096619
0.684781005597003	0.570639828466554	-0.0559852261398356	0.177929436142596
1.11197115887979	-1.16539122728492	-0.328090363045127	-0.00371958342600185
1.38233209519331	0.26406701172457	0.407009547909667	-0.00031558378858033
0.209450455046476	0.626983808996925	-0.18401598585253	0.270961217953086
-0.291910413148827	1.01089612120588	0.186231352101482	-0.259732565232118
-0.133915861294756	0.150982126679216	0.242977203572708	-0.206059653883199
-0.55889835532559	0.464130603991682	0.0451590263760648	0.21189118986608
-0.369917574697672	0.523024805417856	1.10984309934776	0.0805553474013133
0.329354602842253	1.17630400975171	0.438606392943595	0.714865639626729
-0.142290816841151	1.1392699681358	-0.856643064714731	0.0633549632549099
-1.35469489361623	-1.57140320329728	0.000499640136613199	-1.04967915821743
-0.76815287602329	1.8340608476709	-0.724152930373576	0.845088442409558
0.987662646645399	-0.374894190834297	1.05071262271528	0.504606180701055
0.514604437571015	2.22176242125237	1.13169038909142	0.620041417120814
-0.635662613617352	0.161584870169599	0.639389695497571	-0.353926553774436
-1.07249229173411	-1.7476142138896	-0.82306889952269	-0.601564939708722
-0.857932636335633	-0.623400708359207	-0.706029170291766	-1.09625724775178
-0.212997319953691	-0.523460590542677	-0.172120943553702	-0.561848752465939
-1.07860042424423	0.267548411623935	-0.320724601407884	-0.480780125525204
-0.470866834424949	-0.0832409654850173	-0.500031500861528	-0.241014384906957
-0.455221186889962	-1.00259222769843	-0.664125641301588	-0.882650103216403
0.30022120771069	0.0962399747946098	-0.622911666265032	0.772875420622442
0.1558488493766	0.32342171827946	0.762409005035819	-0.461368205410205
0.757657193076054	0.464592373275939	1.04984785733588	0.712789319177309
1.47877410945754	-1.80522367037109	-0.523985115073613	0.42843565482853
0.343220195813362	0.376490852604273	0.244750171043231	0.297337820357362
-0.785105839388088	0.333985210965648	-1.31615197668071	-0.600763495335065
0.497029745881973	-0.233404265562425	0.639736636589932	-0.223698788632781
0.0101037485525752	-0.245482579797819	-0.693419641906004	-0.244157908063884
0.209881064466516	0.730879287400963	0.529968310932382	0.519071063424862
-0.452933496452456	-0.33573651547247	0.756765245176949	0.704651518663935
0.541037521001457	-0.691389610782506	-0.379944950048319	-0.579280318554331
0.220770403316116	0.0269601805793203	-0.0358260164287602	0.469221529693493
0.291111863632087	-0.576903590158372	-0.210088879485371	0.110950951248331
0.52923893322657	-1.19326356457758	-0.214948131879356	0.812217016398797
-1.35148985882099	0.843106472954306	-0.289659247133725	-0.180367713007701
-0.418529236825761	-0.0818902692491021	0.1294403772264	0.55590349930814
0.174897473611675	0.0111493175303627	-0.285559863595925	-0.0630563790987309
0.217510445581229	-0.760422145131174	0.0557231477050067	0.478283194596249
0.294118149767822	-0.162224778846061	-0.524322298173001	-0.575436010255806
0.287915688625637	-0.856858355676913	-0.145727162875277	1.39819450381359
-0.056138888102513	0.639053104737263	0.909304398904927	-1.16742536124461
-0.139112377739035	0.639271685065007	0.552514936587892	0.281519765397142
-0.172533856187708	1.36791577548768	0.175838629506251	-0.207486734298067
0.387629926821142	-0.30781875872622	0.34191360214447	0.00717407829433779
0.576290300702804	0.387971396032389	0.565950043972075	0.397795873247571
0.320768842134629	-0.456788999110241	-0.437126499801188	-0.911553480499973
0.0453397531181178	-1.56497027921977	-0.180646981658069	-0.591748329465812
-0.0861300975031234	0.51123471689652	0.507704568766395	-0.0601889946567504
-0.46126070400187	0.662567700119367	-0.180696230794358	0.254341394380694
0.112918024080249	0.236619393215661	-0.797694084800852	0.556781696277624
0.693991651356802	-0.824392927736716	-0.64076603555721	-0.437203302927827
0.144895484275803	1.43165297513376	0.578603839653586	-0.414078771201085
-0.40126998447895	-0.687785533174141	0.161117755921287	0.162226033134758
0.111341566901007	0.23542902490331	-0.0751126146384069	0.588590568160533
-0.577256916115524	-0.769874548326863	0.118497497057271	-0.023808861922095
0.934047158037294	1.47538785747544	0.641952164153581	-0.0927904816159224
-0.218488547760282	0.689784231649319	-0.174290132216597	0.607849142066321
-0.390039255526885	-0.437667520472984	0.15022694312904	-0.0643189193674985
-1.46642999343325	-1.08156022314495	-0.359607391162188	0.121961931190184
-0.0735658038078147	0.480650222425426	-0.227966794232765	0.0949082503653565
-0.0540340290920438	0.402242290742859	-0.101797696541194	-0.229765879593752
1.14742838244872	0.382943846567996	-0.408982403899492	-0.355606536489964
0.155779922449565	0.05926644865808	0.523076873326039	0.142570411627356
-0.522775297680581	0.957480944055301	-0.203560986002964	-0.298551937537697
-0.846982110271863	-0.52406449088092	0.0257224496245781	-0.655352341489615
0.256279470738058	1.03363718274149	0.731513106430112	-0.061035675830626
-0.0305602066082325	0.319955852451733	0.343639841173605	-0.111341609677266
0.113175366508906	-0.0241505661043163	-0.0579505863259367	0.0519960577793658
-1.21126691975802	0.123259966929031	0.454086866208252	0.723657431893373
-0.615723535356319	-0.845544098668258	-0.0755375611384274	-0.325948383652625
-0.567571139031523	0.587854459478747	-0.538513914884829	-0.0077405492576074
-0.360785144352962	0.253389621288207	0.603041540547804	0.576358303012852
0.354914403102908	-1.09988726794384	-0.253038497128847	-1.60280069827573
0.48798610956372	-1.12512897648694	-0.848698484962084	0.564604357002489
0.704773433015967	-0.283236676844765	-0.863027340979026	-0.485234790129126
0.470684537392678	0.57669895373705	-0.196700141108303	-0.453880734103082
1.35544496835548	0.614359344022929	1.22655675121489	1.27492648094277
0.862632606241397	1.93338726614285	-0.0847713861371217	0.538412864731706
0.342333367866635	-0.679729935693911	1.1305870308219	-0.683416127087402
-0.164629005464378	-0.467216355734156	-1.10621128397912	0.663361459068519
-0.273693980871184	0.100395326928582	0.579251159344618	0.182484620004134
-0.495810694187493	-0.155376912563456	-0.333144423029198	-0.297507527894419
-0.130718186688058	0.0884079561361397	0.382310423250798	-0.28307167164117
0.294719664250825	-0.0452673845774759	0.256513786830689	0.464511470928335
0.612515452114016	-1.26971396543782	-0.258832422383235	-0.170829656970385
0.119054550456596	-1.31072598555811	-0.19589585163518	-0.383634045378678
0.383738591427881	-0.908150223778744	-1.18060605800824	0.588454921674722
-0.953458670014756	-1.13185883111432	-0.675545957318962	-0.465527033225297
-0.771333843162738	-1.78953943377646	-0.399049943293212	-0.768751462120249
0.0664874134443825	0.626401137311115	-0.653138121653789	-0.380386515702252
-1.65878293570101	-0.789389371360989	-1.08665383890105	-0.918663922926201
-0.619001847555441	0.435945984850828	0.12266970127777	-1.5958708419646
-0.16374726118348	-0.132727660089612	-0.48758376633284	0.530070812629283
-0.239862387310844	1.14535319960309	-0.37492816573925	0.452909487236048
0.340047649355331	1.07323785636111	1.04099367623446	0.928570689549405
0.812713161430397	0.385994968502853	-0.774623530034524	0.166442414498714
0.97859959374635	0.482954513149925	1.15814057123095	-0.0505898172795356
0.366388685945055	0.481032615061328	0.255877988736682	0.184092870244412
0.492639820046173	0.183495382613858	0.451118140421753	0.649118207447011
-0.264966194187438	-0.520301341554668	1.58777261053989	0.662477112115051
0.0509307752024528	0.637673907490042	-0.109024328604024	0.268621909157776
1.01500751357512	0.555440110279313	1.19490597629749	1.02811145735414
-0.148702146036275	0.758308035801507	0.302518144926778	-0.191811148965003
0.458240131100708	0.668404118998107	1.05218139977553	0.659206627888347
0.101347573786743	-0.720244930101591	-0.0270799964281395	0.83701211649152
0.00248911135491751	0.076550508125536	0.249349935681265	0.824121307680567
0.0782033619866232	0.562179779652721	-0.050203462224654	-0.715612782280903
-0.160660721383706	0.389296530422834	0.0536086809034104	-0.220615817702422
-0.292429813935255	0.450773939709537	-0.0570363283078297	-0.687040714448353
-0.720954228006436	-0.82137049852309	-0.0186254785665735	-0.921800931102262
-0.713170007682492	-0.937991449670249	-0.474060407061647	-0.51733082371807
-0.292393890585877	-1.17559514656707	-0.811364194745847	0.0598104610266299
0.334203386757927	1.38901231022209	0.512510354730876	0.172514560354783
0.0646416746819468	0.398546249725953	-1.5179095421704	0.0721518711627277
0.542238687982789	0.26616461445125	1.06856257991485	-0.0473431603721024
0.805665152806082	-0.724044054916559	0.988294810862321	0.985455046976988
-0.158750523680873	0.668893393584984	0.333353710392241	0.103741937068395
-1.59361619515854	0.715923853658931	-0.428588166596326	0.221776888294001
-0.707006490725753	-0.191558327841548	-1.48004108876252	-0.418109191834188
-0.589370773832293	-1.24521798766082	-0.443937986617482	-0.144140942836553
0.0595015228111025	-0.302187374686568	-0.850944910812158	-0.35125378475739
-0.368117599801426	-0.759722030931236	-0.330831279635679	-1.16936788208895
0.0185158979811427	0.780718591569241	-0.346678497069599	-0.215295663394425
-0.689075499709912	-1.33635658653064	0.123947911593926	-0.790304664257217
0.620152049867648	0.381023285051602	0.92562674885733	0.249910492215146
0.775336584066419	-0.723086734286915	-0.113345308209301	0.610081051038229
0.413378344150028	0.577405126952542	0.339508129810224	0.409328062559877
0.923734319025579	0.470803555529939	-0.0496748863448946	0.0129251578531559
-0.0547404095109143	-0.526079200596097	-1.00587911154316	0.554419892345738
-0.498516870348583	-0.0411661499285464	1.01118649914964	-0.667417446983447
-0.241348614219414	1.58353329403815	0.0255310554406299	1.13163906839215
0.885258231969076	0.361447728002203	-0.524095877589801	0.103542789887923
0.250586689856626	1.29397292943325	0.254931702787682	0.533439102131824
0.0730591958846941	1.25159247429345	0.647566354536324	0.342653920639217
0.215427802857023	0.476906514736621	1.10476243081177	-0.56983544860999
-0.500597729579187	-0.106934741947802	-0.0193419320462354	-0.993505597920289
-1.07882723058041	-1.6361434398923	-1.22969267862048	-0.0571505461408666
-0.384855040859347	-0.794211158143829	0.154662803621565	-0.392691790392742
0.16460074779738	-0.623006493668683	-0.073516519115864	-1.17361435010702
-0.0808148476425593	-2.31803093450693	-1.3921262557228	-0.00857636817263707
0.354989020124811	-0.779638109324857	0.154519926416449	-0.443752831276151
0.0268366152236327	-0.557666746759724	-0.589360624446048	-1.00977726728541
0.0137689202795633	-0.751699815146568	0.102238026724349	-0.390782372829626
0.367502577702695	0.15710008456511	-0.627125190180413	0.465846115446605
0.315692277040312	0.645208938840402	0.314640546542467	0.270626126938746
-0.0280676084584902	-0.256561449243521	-0.380883652302739	-0.474648459436152
-0.059597552116079	1.38989609539847	1.1190776051962	-0.0756738308240863
1.25075033448051	0.749231575438036	0.477173821966009	-0.555849133267532
0.101911561918984	0.106390686782761	-1.00093641789546	0.489541417007844
0.18367166279348	-1.09787515416361	0.525154849085057	0.291950137133556
0.799523652780447	0.409105410659821	-0.0112398437729163	0.140740608410243
-0.374527128383307	-0.016889579407992	0.471969508446017	0.801303313347224
-1.14994996672076	1.14861292534808	-0.424520263929907	-0.531567836729948
0.0718488269303966	-0.667281908873853	0.0313518825378067	0.411504295624749
-0.473012061298975	0.413679688629597	0.536756099174227	1.14172215629237
0.010999710191067	0.671625805131158	1.04396981409255	1.31058337998282
1.13480599880134	0.983492870747268	1.5678364304882	1.29660965083393
0.61435513696877	1.18563857822646	0.470656339960783	0.7748458573166
0.000353700591902721	0.740734200147991	0.838630294646167	-0.609572947735175
-0.115649875806437	-0.377636278654657	-0.649501658313892	0.460574467107368
0.306587010804117	-0.947198839550695	-0.57700827680186	0.374468989844066
-0.358158169141317	0.00237910922137339	0.0835670502840542	0.647914684012819
-0.569914754798838	0.563784499914666	0.101342193036642	0.0244115992361221
-1.31751486494461	-2.03190387093337	-1.75857071850347	-0.545401572841646
-1.74353896349773	-0.764659361560748	-0.162535236494664	-1.35464227612587
-0.439340982471733	-0.895667253419728	-1.14923875381187	0.489047383539305
0.336974845260351	-0.39308365031405	-0.5711399522787	-2.32938023435928
0.0944909255492088	-0.455141252161748	-0.0727383811501717	0.14225101412576
-0.425296491619537	-0.114435772873139	0.756585788751692	-0.632931259328092
0.134734959129378	0.285089311515639	-0.451785645448064	1.34367883621665
0.425685544639252	0.618339959172225	-0.307967649982792	-0.770858451575602
-0.497326586872152	0.842756362778483	0.488915300785851	1.05654134063633
-0.416233438888489	0.92216861119078	0.285150734918998	-0.548362237050193
0.110156865201782	0.81513667088324	-0.286767481095771	-0.166125400354163
0.843969987158269	0.283082443555497	0.300544255179992	0.0670554001495539
0.178511503978693	0.00488398425421215	0.663102358982559	-0.583876038646096
0.635510875418253	1.10839118100801	0.68603744283635	1.07246225934205
1.65205675439547	-0.0151823309853566	0.315895935278116	0.489021628676476
-1.16437470694035	-0.634980127691337	0.0569125855354556	-0.641805483235648
0.078028021947532	0.173231642983287	0.96427226447124	-0.0841324605665269
-0.0964661601764011	0.840668497798546	0.317546282849546	-0.129306107913145
0.406572617365228	0.598030980393645	0.349212888462597	-0.303622335146626
-0.344541134255951	-0.52729931276387	-1.6061235374839	-0.288892700001009
-0.286780924793109	-0.425165048930041	-0.198377847395388	0.262478709549074
-0.558847344338892	-1.15455858679955	-0.507218692976355	-0.561575591421368
-0.254216368974475	-0.91332237467798	-0.849784732435439	-0.00659627220812744
1.19978844529833	-0.387551591252942	0.342787511964264	0.427547093612323
