IFG	Ins	Put	VS
0.000697283897774482	0.149123029296683	0.727952341713637	-0.0551358455382284
-0.433654604658551	0.572202931241608	0.769785223473848	-0.486841465428893
0.822112046166123	0.891929852118367	-0.141484708083193	0.388054539195908
0.0628746933234075	-0.897039857310531	-0.00336937123454752	-0.699661095236023
0.670330910217913	-0.529884540741018	0.526621862022056	0.762148331190514
-0.0678746457505841	-0.239523499832259	0.369957314223378	0.211198348444645
1.04440683076525	0.261124413757523	0.327383384123879	0.359490467710704
-0.13275085909939	-0.228872866437552	0.0537870919877	0.477929664697605
0.0199734909718066	0.0772599048443715	0.150761379275635	-0.420577849344183
0.765069448884074	0.973249434903303	-0.128788299113307	0.533536143171106
0.160497508378682	0.160646648182378	1.28650987759995	0.329282751348197
0.0813764712594777	-0.244349325459167	-0.449564457698077	-0.596178534553779
-0.57909186507198	1.07130468301475	-0.300028506377355	-0.443670464285198
-0.833049028589426	-0.325309977432627	-1.36719703356821	-0.535710850531146
0.141231400805081	-0.481248721522395	-0.0591768831433396	-0.0763813056753975
-0.798357798116465	0.650254738818883	-0.263427012789327	-0.180848015513865
-0.125245276658075	-0.498084402692641	0.39959859839613	-0.0760036329164806
0.54026668896335	-0.74465668789451	-0.472490057878566	-0.485110470352953
-0.537754453097025	-0.0892699277403479	-0.204657659602823	-0.356519498717119
-0.556463635710569	-0.0617230275641625	-0.254554419761193	0.44976359645836
0.0158696179235459	0.111479561038732	-0.406947878390244	0.357674007683361
-0.187245010812198	0.354749681425001	-0.318739887927716	-0.128576864566409
0.028296484798672	-0.717922511951376	0.273104263246371	0.391284724605107
0.136030824174725	-0.02648418454271	0.255826116490904	0.865775529169337
-0.690064567508325	0.0655881851014897	-1.07955939672258	-0.519454266584463
-0.142014172189776	0.272606460818717	-0.774970636473119	0.394385858774206
0.27493967313886	-0.487548845363996	-1.14952537682324	0.420781392236225
-0.174578024409978	0.0650420590776109	-0.630549694086571	-0.540504860887267
-0.325846628078024	0.229457639455859	0.203643078437907	0.0601420102689319
0.32837739032121	-0.848806439656929	-0.687665959571944	-1.17235121314811
-0.830132480266716	-1.52949967259946	-0.295075686212636	0.362747105873044
-0.344060349848725	0.0804053998570808	0.381890996135232	-0.191627740544969
0.586535709531073	-0.372653035795148	0.597497005311054	1.27937510298208
0.0440195622541404	0.212047752999428	0.187235182842603	0.200491230335382
-0.063385733462312	0.283819170523587	1.12905125849963	-0.466102176280963
0.0430445094770424	0.234510657560906	0.0114559577472216	0.825437415779525
0.435064440749449	0.0432081429612248	0.713476766934431	-0.679706294528379
0.00492403666076467	-0.201380318175279	-0.0595325408949544	0.178179118558251
0.581215017285034	0.544787499835049	0.782671769734686	0.061554530264829
-0.785211193433755	0.0203110733529294	0.494168273076	0.0573130029976514
0.0649275258475818	0.602088866779896	0.293267399731827	-0.194442780815865
0.354278276230149	-0.0029743667946906	0.16036569858585	-0.0451977843695014
-0.0721104179563762	0.984954624132899	0.164297560867561	-0.0430676099531738
-0.848970269036271	-0.484654428433827	-0.0086387171760786	0.196967392439869
0.268885822568552	0.217207640207655	-0.164653193331772	-0.0807634170012402
0.158043509993574	0.627715094776806	-1.11183018874262	-0.0132557882798055
0.0601350753611167	-0.99989731810454	-0.257484346403636	-0.449162105531819
-0.121919383847849	-0.932322645869176	-0.117517041581827	-1.18176410293875
0.171644712003224	0.543600577280031	0.161441194846288	0.918170882552852
0.551739880848637	0.574400811743914	0.429749425154752	-0.381236034519632
0.490325047464489	0.190233208907012	0.398445718122828	-0.420808808861583
0.156549073682522	-0.0604472670701308	-0.416894086579453	0.21047779733781
-0.40399265620988	0.021470796233093	-0.315436953571263	-0.353587327789324
-0.0715429966421472	0.5965362286967	-1.02342597757962	-0.277370739549554
-0.369599725016488	-0.335003975477262	0.201685443814524	-1.63639761848643
-0.176054540692228	-0.723471239191215	-0.193940562770549	1.09020792923956
0.258192091104545	0.929418824916358	0.662413561856514	-0.537938658147597
-0.0053748881828314	0.866534379824627	0.331578663068103	0.139611648112139
0.748277679347711	-0.515212519484756	0.534362910619814	0.912047455268939
0.579911380509522	1.02289716204951	-0.327040535001243	0.375646546104017
-0.539200358788752	0.333614132641324	0.0266781333806515	-0.0400558716345569
0.103089458910903	-0.00532727479263385	0.23047990769078	0.398334797410755
0.0495993515989064	-1.06796669992035	-0.560644214880727	-0.573120401401134
0.191315135519345	-0.723334029218482	0.999582820856599	-0.268809428784113
-0.36524017770998	0.616707171852795	-0.334867210596677	0.426067769575284
-0.166646270269266	0.175003919428265	0.569520399982834	1.49489827528884
0.767881078195781	0.691800426039682	0.70636523651861	0.301102551346822
0.709690544786379	0.246443293844499	-0.680351996545447	0.30770094127871
-0.354566131607535	-0.653371950707571	0.153120068967199	0.979578133253927
-0.20223661963238	0.263841237498419	0.0150557332531698	-0.265129254786359
0.417201042966751	0.307584458521585	-0.115762831956081	-0.302465933179459
0.454231067341665	-2.46726512995433	-0.511985439510775	0.455809092428211
-0.13062131159899	0.580031591095393	-1.02902885497686	0.0682897091789569
-0.396436603766639	0.0831455696774834	-0.419650993566901	-0.853070435767386
-0.961153926875954	0.445602696618598	0.631903906771683	0.619880762916738
-0.887012071367164	-1.23972607795256	-0.512192557918021	-0.620538166231127
0.182182556380084	-0.643833785655454	0.141794770422148	0.362236399449584
0.267342026745274	-0.193276891988629	0.0963878811540943	-0.997035589198947
-0.921265818447191	-0.585593944349306	-0.604567411849853	0.369741483468665
-0.588447591646877	0.380815085625657	-0.219123676656455	-0.845182868258088
0.0907607763460538	-0.665050034646078	0.579907259402811	-0.00990711109908635
0.335116257324003	-0.821299261715971	-0.161142753696406	0.213573557026489
0.703303068292098	0.603235159999369	1.03618231748284	0.358574334313487
0.455691565708696	0.526783952939519	-0.597895864186718	0.595401635937183
-0.381285666113459	0.282086423012768	0.918114179894977	0.400930999376987
0.26525135256009	-0.0606049614343638	1.31254974382274	-1.48398601431135
0.112470005715262	-0.167636942009294	-0.247030386247483	-0.405467977473497
-0.538342752354962	0.622335754217806	0.294314679975619	-1.43746540894281
0.0979493886595013	0.0288629067543325	0.490901083961349	0.309867159494699
0.2588107991482	0.658999672673052	-0.624285944618255	0.384471598518681
0.516279854017991	-0.406568419112584	0.285964276885146	0.0238438827278389
0.237169998215829	0.74259219658667	-0.335585860297036	-0.24427809705682
-0.211532811054137	0.422171047083876	-0.309110569594025	0.108815577922185
-0.00911423540354449	0.209125594238323	-0.487237345651541	0.166647279174962
-0.422128465250169	0.489502733358026	-1.45180805097289	-0.699256720046776
-0.0892992614813088	-0.733225567816306	-0.471826962502749	-0.102167897683991
0.319073259384694	-0.567148543242706	0.197061757910919	0.971448752335586
-0.382052679295925	1.13969742029316	0.407470777207869	-0.350335322726007
-0.553636793248605	-0.305397658457386	0.359021320301382	0.409185013072151
-0.6420035769731	-0.0600468906954452	-0.701863805343913	0.511309776506298
0.180503480498435	-0.649791143163028	0.034055096226819	0.660443334465469
-0.579424958141947	-0.542727165821529	-0.293949395692623	-0.184868303015221
0.229985910327154	0.601741675001669	0.0893804339343018	0.222028310233892
-0.215819848834569	0.0424610109375578	-0.36790921374444	0.0255891750637741
-0.152547816419382	0.201272949891171	0.83755290934322	0.315317105703483
0.119557806544034	0.369004862794922	-1.08039035816307	-0.434130662006174
0.695149608490288	0.121697157889334	0.903189176941587	-0.440057823662725
0.692689922637514	-1.23717954846239	0.38044085147034	-0.439052265206556
0.209846376139507	0.924933582622623	0.264102591137833	0.675898205438645
-0.0893645687659676	0.701773206092197	-0.381835933858854	0.257218806470147
0.601777841887853	0.0101510205292727	-0.0991551883388755	0.500581960627421
0.198157998708234	0.113632453313466	-0.127806018329401	-0.704516359821478
0.182432331683925	0.532707460939596	0.43035943136924	-0.140942192354702
-0.21600685286012	-0.00810655443594431	-1.00035237751247	0.813455793073032
-0.381073295477392	0.0780696987000762	0.475800902408611	-1.02799804959453
0.34663051568671	0.370861216937965	-0.38062514230934	-0.030007254176944
0.136512845342887	0.327237386642759	-0.130222008076942	0.528406768269468
-0.185547975177023	-1.08719113330093	-0.0521503431480012	-0.236837229285228
-0.281492434661451	-0.495657667211044	-0.583871678898889	-0.185718968465424
-0.0285268449650995	1.04582530251719	0.339324432348633	-0.166615402199479
-0.105687121557742	-0.930437305556656	1.03035287712482	-0.32298861818951
-0.621192638402473	-0.559410451819546	-0.637245728386217	0.522554138017324
0.024385165813471	0.144741808172291	1.22787699992572	-1.38482906396646
-0.0195483573577125	0.0878621997246278	-0.11912062460683	0.66610761899243
0.508152054636328	0.399852809014951	0.679055326809137	0.34064209434888
0.441609954473141	-1.4229337894057	0.432777643516723	0.905950494366449
0.137686086440891	-0.41529331744842	0.301247039443125	0.0931525548859447
-0.732754992883596	0.876577173111278	0.397318748096608	0.0746631430177961
0.48507438548953	-0.147612271376455	0.279854614413041	-0.369617875503736
0.665876640558517	-0.316522999213066	0.048213398352739	-0.853684189200725
-0.312554505547376	0.114224401452695	-0.390323142253608	0.314174679546739
-0.17937708543322	-0.409664955428635	-1.78681628411497	-1.09958483293724
0.12076105624974	1.24170399852484	1.00015255324167	0.12780384226533
0.215420112745461	-0.0292594840696431	0.857585521228227	1.46740276085872
-0.0792113929298258	-1.46655939501001	-0.51187900503566	-0.626909023687715
0.035519366112274	-0.685383075618797	0.724440047883892	-0.145706977299143
-0.473659933133932	0.512657193904005	-0.736144976357409	0.688203516556025
-0.713823319823821	-0.0317924856957254	-0.193516173100639	-0.232922253581972
0.21289255596224	-0.846711052586933	-0.172788749848301	-0.0403401094352726
-0.132128323847761	-1.01138920219854	-0.777292076578867	-0.420594950124784
0.336788901677771	-1.12999290465406	-0.639340088157113	-0.361429269913508
-0.163238183508135	0.60276461311618	0.276871124402694	0.423099585569407
0.0663893370651818	0.317262716428167	-0.342834979547068	0.0963438119255905
-0.183118012172875	0.659849429958083	-0.0114152594530917	0.121296723838568
0.441538163326766	-0.423374152683806	0.251306942411122	0.533766994779067
0.205048097718485	1.09186660656255	-0.438711065303347	0.11104316571303
0.37959140431423	0.980462683463359	-0.0705911751403019	-0.267584589081481
-0.340841914797357	0.0988611105062808	-0.485942639871739	0.280152965416522
-0.37366551823044	1.19308558447803	-0.0206326207289736	-0.714902196838966
-0.107435205265307	1.45094670625032	0.818855928165844	0.592103726218858
0.590887180858811	0.0909219829194683	0.676435385517886	0.678339272582311
-0.384499433400328	0.567229907184939	0.489744649721083	0.34862485678196
-0.101886012162675	0.51090523498226	0.78206925642298	0.0414736897532464
0.109021746792939	0.454564498583731	-1.09299572390547	0.379569443776468
-0.120161507612664	0.689286477835438	0.616560500457759	0.0875764497874231
0.0268683472796126	0.0875530044113923	-0.590470870267939	-0.428456852826093
-0.609053416100994	-1.11858101876975	0.0457059093402055	-0.0585832772384441
-0.459893988304624	-0.765268261969079	-0.656454543087374	-0.302639230132319
0.0436446187082554	-0.555058707186387	1.03409992762002	-0.0457665725970376
-0.00395234737050118	-0.969800069861637	-0.753489428024731	-0.221955200947136
-0.188387055802618	-1.47188190677211	0.293822837311861	-0.264544990420595
0.575980986575056	-0.233160333840407	-0.33751988816852	0.289887743357787
-0.367454936445488	0.118502619813955	-0.158412688037572	0.07763215106587
0.484691023569563	-1.18054928513934	-0.294372998387514	-1.12511700042496
0.0460718577900467	0.684749967211172	0.431624802492609	-0.562114436558063
-0.493049069678985	0.0687805598874072	-0.768638814744804	-0.277971176276376
0.120922174400729	0.378283617421174	-0.403847358735795	-0.202338332305244
0.613261165088665	0.501711337568969	0.217032905740496	0.644692654507463
0.762261058416575	0.535190816485389	0.346889605776458	0.166613153794797
-0.0401089459257025	0.0977734514369682	-0.0197924536204711	-0.806099438349981
0.0409685678755006	-0.00217408906589202	-0.478774673283809	-0.216595738096807
0.0234125930805354	-0.0273827402996677	-0.435136568339623	-0.414043597004514
-0.641946246991821	-0.168034043077455	0.477747321228165	0.318813822678179
-0.175235440734179	-0.126815617120625	0.238525776461296	-0.307399016456245
-0.223561022484558	-0.660101265723972	-0.299698092934013	0.188934929712336
-0.455839916916668	0.106632139059861	0.0688307198676828	-0.377324757688206
1.04826635810165	-0.0127064935549747	1.21289500185085	0.28818666303185
-0.291873486581648	0.68435769662525	-0.554416702759335	0.854981865303448
-0.169485706017857	-0.0639395821864295	0.905272084666596	-0.336334111514363
-0.217256998207246	-0.210206984845729	-1.4987418083598	0.0694908907875612
0.137166002624644	1.21533779828264	0.848796545184946	0.590697978120633
0.281946357463985	-1.39676849946052	-0.143916708877875	0.00780127953243714
0.759676469755666	0.0709097694586875	-0.552322680298382	0.936943371849554
-0.358770644577783	-0.732374996638907	0.680717006595232	-0.311894481362303
-0.299419402465408	1.24782009497983	0.410525415319843	-0.0874696673194341
0.225096600232474	0.205488947705704	-0.0988748616623219	-0.20817041729487
-0.122479744413394	0.446192383656803	-0.282028901298297	0.0996132587385841
0.471553874197901	-0.0483614494800234	0.154301989082448	0.289764711542819
-0.0603840325422363	-0.132441144872043	0.654243515921274	0.48259975219509
-0.319414722251283	0.192292004132051	-0.771960329650351	-0.0818389330272721
0.626504803464885	0.733060931681372	0.244865951098602	0.612922910151857
-0.153254110961544	-0.30628674914777	0.180745172594156	0.437457597115986
0.0113582959140079	-1.18036113003659	-0.509170643620517	-1.29564497743297
-0.351360257939768	0.263517053712834	1.23271921646308	-0.181590283625706
0.125493111481071	-0.091237308482442	1.04050822913389	1.2248547406358
0.371829515100921	-0.0630602820977584	-0.96118291019633	-0.530247443109548
-0.21521120300683	0.10773915206396	0.698363055342476	0.339785909201274
-0.172544610620062	0.668019266620471	-0.739819414623093	0.463166921575866
-0.0547401898145708	-1.10085955462868	0.811576449716434	0.407423936795501
-0.524244204425847	-0.211013912017091	-1.04690288048132	0.481552214571041
-0.129581925613599	0.159651063942707	-0.0814141860711422	-1.21913890197222
-0.0785167746470089	-0.869508455534687	0.614190174767859	-0.655923005811259
-0.89920154851103	0.141127045583542	-1.13325672556661	-0.196942089284185
0.136868723584039	-1.18854494499452	-0.0981900260354531	-0.0636555851979606
0.41720645863555	-0.731127053714775	-0.608199325572175	-0.652805930683754
0.509793008705938	-0.102814189423514	-0.130040407059045	0.25920537395498
0.265598363941188	0.780183296911398	-0.154016980232241	-0.100182468625099
-0.469205084036813	0.659809417525893	0.465304790138093	-0.784728092494022
0.108977264642081	-0.672057753372699	-0.1085903285716	0.867640929208774
0.627995782733819	0.512778403009515	0.957444233059785	0.414938689314479
0.502240048024928	0.179587328038005	-0.926352601884007	-0.0303879521546101
0.138664228330817	-0.0584042173641912	1.44714849465858	-0.202299441386775
-1.04331414562375	1.11348039606382	-0.892788136407961	0.225990908814337
0.147807068049961	0.51818133611	-1.10741304113302	-0.353313343861968
-0.106088701851459	-0.128976565543346	0.857425590440366	-0.00634694970861417
-0.566606953902327	-0.423519851812668	-0.729569485091349	-0.17786397510273
-0.0474717776052266	0.027188268321036	0.939920235628155	0.393512147809855
0.378210277504181	1.13513033822295	-0.616645003801158	0.606915445752015
-0.627752018539184	-0.775905005872196	-0.65982332664988	-0.204267797070243
-1.12147465602882	-1.23760952617573	-0.953151938334756	-0.523862970291972
-0.461718651579142	-1.65408272049331	-0.512951832152891	-1.64913870153651
-1.08912261826222	-1.30835058770983	-0.215356842809973	-1.25076919156029
-0.532623468228836	-0.656657148370328	-0.82293613463418	0.264417992923292
0.238616795010503	-0.107143445041718	-0.369952745617822	-0.0265355089271912
-0.454346449260202	-0.0319962214145267	-0.0835540679861166	0.294105373796892
0.821057204728653	0.62657632102562	-0.177346910064639	0.52094237840756
0.474172650422891	0.908214721822185	0.690422149960168	0.169616964947487
0.786219779535511	0.0154951491331699	0.820755674629775	-0.720752897255515
0.785728710093418	0.135765228445428	1.11218837680754	0.778820799563463
-0.132725348239654	1.15658529461485	0.591336526978772	0.634972857197359
0.852999878212772	0.286798903216737	1.07421829589148	-0.305517340132312
0.455385203138678	1.28172761251657	0.241909803275478	1.05258381220472
0.368069566613924	-0.156447849084011	0.270041557398156	-0.235047132194464
0.203579526818667	0.548388816774289	-0.100457765629444	-0.139924267527392
0.107566939194291	0.373281119966739	0.647046116148227	0.317585726417521
0.483214888041396	-0.276354431598906	0.330308708736914	0.79082500681668
-0.302595935353333	1.68143663391483	0.511977669591808	-0.986629981253857
-0.07520247022699	-0.355559298059275	0.0711193394154679	0.0863341118235347
0.274979416467262	0.421962699359026	-0.473950893887187	-0.16666563759158
-0.0663914286482926	-0.00987835271519691	-0.0758501541524901	-0.349514322834281
-0.0431247170644707	-0.443524358233593	-0.422920052610844	0.0135431399698788
0.370976897842606	0.380289157234341	-0.133138386712509	0.6220239595137
-0.000331284446347419	-0.569663483218088	-0.0685337732209075	0.26372850218963
-0.544265481997977	-1.36371219618764	-0.401057544498519	0.384776167298395
0.149126423247414	0.558311081313624	0.895170074252377	0.96174144652089
0.593065253373761	0.00261637729958131	-0.443576307483141	0.441817957897927
-0.454124300052365	0.827815330353078	-0.0841447803728573	-0.987469034449639
0.752382216302468	-0.514728469488547	-1.03934637545784	-0.000599212477750353
-1.22017971401074	-0.370940416023821	-0.560676484611574	-0.725311533389512
0.270765588497738	0.120939056257961	-0.630921197994036	0.254057423295005
-0.247346224147258	0.748617671736629	0.40604336895127	-0.748785310548238
0.271446106055492	0.478651039467332	-1.04457178634279	0.223589846692123
-0.740976126218622	-0.00747298607281223	0.481204544140409	-0.148870051860464
0.141669099060597	0.222381856536903	0.969595659341112	-0.473870783091732
-0.0470176132872162	-0.263573280688812	0.803687251230228	0.775458097233313
0.49385753388313	0.170341761324474	0.246506484592602	0.0865021275806881
-0.54921225940237	0.921744178162366	0.658056403877974	0.695552063583407
0.501399897537041	-0.0542853274749084	0.80120869682761	-0.48044203971189
0.640966764513371	-0.219444628032911	0.603249156175809	-0.261619918023045
-0.19964310827493	-0.0130537764122046	-0.557284927958831	0.211220238049645
-0.10826608351375	-1.68522051235501	-1.10725137172773	-0.319166276203974
-0.329267409545562	-0.232152090079103	0.491349196902343	0.355950731420191
0.0738385898320773	-0.337859260087884	0.111226096272116	0.258534123279086
-0.49472642815787	0.727189143367969	0.187734341691287	0.261442516670285
-0.482257234278312	-1.18401978970862	-0.941702304368521	-0.0378413165812667
0.131119106034951	-0.0444363665401707	-0.84874121080979	1.20851323287385
0.394609664317349	0.171650914162361	-0.694441026802503	-0.535890773780879
0.49208107916337	-0.543758765920796	-0.084886976401279	-0.416180173267535
-0.988441363835267	-0.376062674229874	-0.431738527961022	-0.588081194483828
0.0386843577066821	0.606971890543676	0.420234820822442	0.709877381202504
0.0878203794763572	0.174942570684081	-0.0149467813922516	0.453512221940281
0.425631463841239	-0.218529986277146	-0.250078498571576	-0.0656617893100038
0.36504075849349	-0.495066970579657	0.231862752115511	-0.0547058188067296
-0.0282240377799242	0.416679958031819	0.276679573124285	-0.795391973543435
-0.496171121776379	1.14112976336581	-0.739675137726366	0.160684767084813
0.0990062683992411	0.0802686037229007	0.097873571523177	-0.689112775369008
-0.0213697349794564	-0.48702547793529	0.564402708197645	-0.177129371320081
0.00420442724436172	-0.742624120389742	0.954436902135503	-0.495263521736898
-0.32343445972128	0.497147480637735	0.303552224730123	-0.557532560294282
-0.204316959733197	-0.572799263368421	-0.292961459290837	1.17253915345657
0.253578370675884	-0.58438489463162	-0.0827877134368782	-0.643563407208992
0.0590334919087772	0.230257917211121	0.403454120732597	-0.388923414641339
0.343634127471398	0.468966636866626	-0.134280262700792	0.443870912490825
-0.234753595758796	-0.48941062904897	-0.372411977823425	0.161614803854209
-0.900551999448285	0.0608307917159419	0.13224178083444	0.292066850719479
-0.0974788400053336	0.0555169799437792	-0.271720449676875	-1.1087588833433
0.15029299520255	0.832034411983909	0.114498185428977	0.598709098546227
-0.163121787138317	-0.0999016636253971	-0.0957254484755662	0.223947843592734
0.220223661231144	-0.33927507208423	0.270157036121736	-0.587885558471667
-0.142390745227707	-0.401984720079864	-0.371619076037445	-0.0768391207378176
-0.258888974894346	0.820825175136775	0.504109084102404	0.270297689154475
0.658900885085662	-0.38861287285859	-0.19246666485597	-0.826360234028724
-0.861728887855927	1.42055701915774	0.613883231896886	0.29637099895988
0.319669747885055	0.468783845438826	-0.780399767225741	-0.332340961288842
-0.255138694428833	0.339360285927738	-0.0177381822494354	0.18793759550113
-0.322461250926002	-0.986625026720003	-0.560427376515451	-1.14113022839301
0.204348333776982	-1.07228353809649	-0.935282126072508	-0.834274942989731
0.948849894769315	-0.0966352755974037	1.11233603965321	0.0836867247899549
-0.0148168220673295	1.00350702560609	0.136815658732798	0.150891321717722
0.68477433659574	0.684371312699833	-0.101171482425327	0.831749238661427
-0.018259683633076	-0.273811598697251	-0.731251813591522	0.418194481398867
0.414969787824628	-0.812574719433132	2.3627068498018	-0.0323259897340116
-0.837815010580033	0.28871582536887	-0.969655149487569	1.57666184852237
0.512945144808394	0.299443054098974	0.305169777190668	0.506140687544994
0.498533278215412	-0.647241948120905	-1.26771649835496	-0.772712666668284
0.0207665105758782	0.236230260956741	1.11580865918181	1.19341343552556
0.461359246716658	0.648938529410299	-0.852507419155836	-0.0862704025866333
-0.442585617722132	-0.215628356751891	0.391103771065633	-0.475189266920982
0.623196257576926	-0.307202984489183	0.407290738605436	1.66044397677097
-0.0716628933579395	-0.370566644523047	-0.197848705129841	-0.898260644000678
-0.0014617087904152	-0.179564764935049	0.490034815659104	0.0520878539814898
-0.125627403977698	0.340449006276499	-0.2469289410652	1.11627371154376
0.0918022014934292	-0.00561456633011723	-0.0263568044129832	-0.0531226936534327
0.0603090077627645	-0.0848234911513974	0.583635588969732	1.1701679699453
-0.0244174383617373	0.619139171829743	-0.12188388102913	-0.652646365280453
0.112650994095435	-0.747497153005966	0.0480970815228308	-0.332962646749736
-0.285461903759006	-0.0317648345958186	0.0465135160521347	0.162515505430061
0.122984423657698	0.155983088059005	-0.441500172520564	-0.176206754744887
-0.519060208900706	-1.29784238596846	-0.36411839220475	-0.772794529811624
-0.858396554559046	-0.594455970183852	0.744393734334888	-0.305816919678012
0.215699952535747	0.709009230776466	-0.466602414881772	-0.00513422153732212
0.412047144728061	0.513793455994665	0.232767444302039	-0.367026329219879
-0.503532232410708	-0.698738303938895	-0.678515674868517	-1.1216360717628
-0.203967838827726	0.0821923662395801	-0.937492291948718	-0.266044039734156
0.181063767510497	0.744761696343082	0.162186067026182	0.634409453532805
0.0380105672692515	0.399774520802085	-0.555392945407357	-0.709429964793828
-0.308882678441014	0.769837829979226	-0.166864833898119	1.06696989152434
0.00345424934870922	-0.0836007091567574	0.497660384565564	-0.494501523394008
0.0711913208806139	1.34428294540304	0.47629750284969	0.635437532880459
-0.444759121945903	-0.508367684026503	0.401236518934147	-0.693528355683087
-0.111560812661416	0.72708068155295	0.66966576988509	0.190319169512203
0.5519699606062	0.156788048413971	-0.293878229453914	0.689589686592085
0.0120422205449346	-0.472865469748733	0.895028623080874	-0.217760799590316
-0.300742381692077	0.00737120529086782	0.0240258839141985	-0.147437798620391
-0.736609443194379	-1.63244202756428	-1.38479272945226	-0.368267029344862
0.203039298432917	-0.187915736764838	-0.519410998424618	0.0744959434086638
-0.397432002586353	-0.372701878966216	0.0465973473226546	-0.42008343422295
-0.0648075828754664	0.489999390381301	-0.116478852591267	-0.0327635045075503
0.215321509752978	0.977334630332625	1.08486871757162	0.621816941392158
0.610508139381567	-1.08727003497356	-0.500436674033045	0.43399190510874
0.437591997828349	0.295147889170709	-0.411341869212033	-0.37733902064857
-0.157352489935478	0.583798077755938	1.63680850931647	-0.258120863492369
-0.0100777676701988	0.524097331070348	0.0700934486557037	-0.109314310305601
0.346541317250443	-1.07973551944275	-0.410549830202578	0.266157528732275
-0.216385938876794	-0.452944594400116	-0.641400981335827	-0.82971235392588
0.520804835354774	0.547784142401381	0.360153136014227	-0.143530870163071
-0.946636082730589	-0.404628947478651	1.20876468488109	-0.981365511375783
0.694894876563009	0.136730735167251	-0.0974544100282318	-0.0813959318842278
0.0613762829772002	0.838331999097993	-0.475448218057229	0.200733510655272
0.679211204466355	-0.626550098261623	0.521371269513032	0.675104061764689
-0.280522375238547	-0.0163735030872038	-0.766629032738241	0.911580489820139
-0.0906948544131636	0.889470012561254	0.249980611745527	0.810117304874243
-0.466270157601413	-0.816828322054299	-0.181876643968647	-0.918947556180219
-0.186034950179847	-1.31892496117115	-0.263257301595699	-0.985950089701385
0.425473870092746	1.00696987463912	-0.383890454036626	0.108855975996763
-0.116277612353348	-0.151351378912282	0.820425414679623	0.669661268941725
-0.00602560877051804	-0.943204372032058	-0.923717945582784	-0.221423709013265
0.552052410854386	0.269568027466044	0.0592010853377833	-0.0865611137913893
0.0877966437388362	-0.30240795736859	-0.185680440734563	-0.186153005588583
-0.464958475528216	-0.702691687330542	-0.144509749469611	0.907766476462392
-0.0803918185417644	-0.0115215136650763	-0.143668243465911	-0.0245829077851635
-0.0801221926928126	0.276733614158832	-0.479762692171345	-0.292399258923967
0.389717474105648	-0.0930587809528903	-0.638399690119316	-0.0916452581705628
-0.424364963595412	-0.505615210101371	0.0429154054189527	-0.586289662833212
0.525133951247081	-1.35699105218589	-0.0148938898593346	0.419947631124846
0.247954515414518	1.35450624925259	0.312525803204213	-0.911429374913866
-0.576733691996069	0.508008734881444	-0.610815983936313	0.83463381789064
-0.645401823003356	-0.288049258292828	-0.289146496760398	-0.731077280368507
-0.297059649700964	-0.10702723451166	-0.385557064813145	1.09701043165477
-0.104623334578663	-1.02174055865428	0.683394505299325	-0.887968787409797
0.117619452062477	0.776597382415639	0.432183067375725	-0.559562319790208
0.125004836399683	0.444124319525356	0.0733570891734515	0.025611367854119
-0.0483508115958107	0.290510311507528	0.331468910737659	1.01599976719256
0.636155010267362	1.21982565146285	-0.0110913531500864	0.541759739587983
0.646394908780737	-0.133907170466375	-0.121154811260435	1.33137949997242
0.256067488337612	-0.161670904500414	0.640008316186657	0.294571491297292
-0.684519074217106	0.628414813312138	0.973094827322923	-0.244859798858208
-0.607916067414959	0.448310616744437	0.190672260498606	0.88191339465456
0.064343115044807	0.244472108392115	-0.484081427150528	-0.567827144092997
0.931252433046476	0.0443416439320176	0.371289405551859	0.497945101773555
-0.139392455445788	0.678261481661387	-0.178475139362218	-0.432398329036373
0.233742254953197	0.447099970848473	-0.0902062907042018	0.152661951064153
0.144275163611716	0.613947542053911	-0.253677506619653	0.908032987056415
0.0700654918546736	-0.0700856322624793	1.15027888922728	0.0299393518725243
0.340851504744287	0.898382659114308	0.442051016512906	-0.888660829604873
-0.0944253117549874	-0.0264376786754187	0.718790578853664	-0.135143418330962
0.15070190489149	1.04536638691577	0.310319807161076	-0.166767502117695
-0.263221958170435	-0.821332671119716	-0.798531732468323	-0.469524234793104
-0.389322900366803	-0.894165547821747	0.274134513672259	0.517457093608428
-0.524038847570455	1.09775478962764	-0.211305980321997	-1.10822721497121
-0.129326776390523	-1.12397358952947	-0.127283887312852	0.613724421814938
-0.0663693458007416	0.192481290589598	-0.541088896014464	0.38141411505293
-0.116579333350668	-0.792884396384106	-0.617114805044324	-1.41280203494373
0.111281108755904	0.412249826203281	0.104465523882857	0.836806814802356
-0.822456704143851	-0.476926444058749	0.61284543500881	-0.59431647924804
-0.350964600077644	-0.931957559729983	-0.550052712413211	-0.560229682082067
-0.239403231794167	-0.994647706363739	0.132528269226096	-1.20479801827503
-0.503550911163544	-0.459202876677432	-0.916484533994299	-0.569218536872214
-0.336221309344762	0.148098986737213	0.235357155382494	0.778771331688107
-0.600681166119566	-0.943288377360077	-0.686453201394878	-0.370199844186843
1.03449281445126	-0.0987328825673167	0.533891194865848	0.00851017796298603
0.55361599856835	0.278104177537057	0.0279715027243735	0.665470031214591
0.916249518950743	-0.0328715117288993	0.00566196209271889	-0.616240974392551
-0.0108309410922029	0.0955642148994813	-0.228237802151268	0.357592288365382
0.485039731837974	-0.975363084090315	-0.0145489045342285	-0.129795063211223
0.551444664092908	0.535968253952849	-0.64981808176867	0.281891373047421
0.474642762442978	-0.931993225690696	0.333133895434628	-0.126336299464075
-0.462683110702345	0.48270465021813	-0.709573400198035	0.677876559297236
0.253071084020704	-0.376987138313783	-0.0210442277843458	-0.203316310842669
0.126244210922481	-0.450746170012034	-0.259501229394748	1.58871611508655
0.786485474524174	0.408456806603832	0.788179191086459	-0.459220846674041
-0.650428660248564	0.589540632727369	-1.04913251086995	-0.299659090011539
-0.0488341168678917	1.1525278673691	0.308484681396862	-0.130671698136693
-0.313230439336173	-1.525481630282	-0.184382233739871	0.128304354133437
-0.31127800185336	0.987716905664434	0.117850933886067	-0.0377454994795483
0.0605645218857044	-0.445475769130198	0.481452615530724	-0.292751829712019
0.360091536486036	0.926580371783121	-0.286715178584948	-0.0522376109200735
-0.360844841482884	-0.512766256405772	-0.0699811059752412	-0.522360149610213
-0.359827028699626	-0.476824943304789	0.354557734766487	0.235048892207142
-0.91796333817432	0.772602883836987	-0.259807487598924	-0.70605577776256
0.466383070959317	0.385203902094175	0.908943528670278	-0.0547730693026065
0.106785947827696	-0.881552493532309	-0.245613501423626	0.101982665479659
-0.610974407598334	-0.0314720553810187	-0.551579376893581	-0.375210029736212
-0.051307894589244	0.150517327761008	-0.134670649146965	0.775245070970234
-0.624687248709032	0.197708143947707	0.646993584753813	-0.503898448284953
0.472196352675129	0.437670015952132	-0.135797959750607	0.884911786531682
-0.539144790587732	-1.08647459134427	0.494121207460273	-0.223827884943449
0.167509548742283	0.806894783163382	-0.141024464032605	-0.524143171793901
0.344290551963005	0.107052837450108	0.17165599374487	0.0189515527087263
1.0006616187751	0.694548533337024	0.190192473183808	1.11746012345234
-0.170849456578921	-0.13740293426229	-0.536423886350361	0.107175039557365
-0.450801919519226	0.0173291153880181	-0.205578428605567	0.533113500842058
-0.00174000518477588	1.24766413185828	0.525036442076932	0.113600191843233
-0.221615706421147	-0.355884378701852	0.385726651759004	0.805176739013132
0.475217312474601	0.283231981999984	0.217154846876193	-0.612750908095789
0.157557137895353	-0.496925082445128	-0.905096524947027	-0.030522116679618
0.262977630797395	0.196798215639646	0.20236056178474	0.119311119041532
-0.936040322267674	-0.454150442776764	-0.691702598930137	0.295979387989256
-0.080900421154644	0.347666061437723	0.77191033277905	0.311284154187803
0.13155645000131	-0.016409693519793	0.186315875967041	-0.330248529142237
0.538760072115596	-0.286187917075463	0.509838168550964	1.3163788547913
0.628048956488659	-0.0305610916680414	-0.0102201833363528	-0.22367942592335
-0.206707621648656	1.46642991376687	0.181070226428975	0.250036665400131
0.533287133558819	-0.221856947644998	0.845586567614611	-0.49569352052873
0.00761139798571867	-1.03533618309807	0.300460298574503	-0.863171045692476
0.853685656838554	0.58592286338715	-0.246221895355205	0.279425029609583
-0.28137279830059	-0.343331171492824	-0.064200536045458	-1.61060927439073
0.176525740267269	0.68465393404636	0.437499300475283	0.977005186151625
-0.34042685866632	0.238197725359325	-0.0120089744912823	0.52425181191177
-0.306891331484759	-1.82753462643242	-0.644216092942203	-0.930117045536418
-0.19948125050079	1.02157527862902	-0.198086143455302	-0.198775861132732
-0.347025049436538	-0.365052463656727	-0.362977356288774	-0.835210696636594
1.04509343459541	-0.292544242594523	-0.682664124587988	-0.665864803018557
-0.427283005698788	-0.0856856356616867	-0.808521591086616	0.510758772782091
0.745299098424839	0.236154777981672	0.207827180931134	0.705213827255682
-0.450446402308376	0.0925023905907501	-0.57540669488922	-0.477866210029369
0.188447414701315	0.161626474555911	0.156223201208598	-0.417806647092992
-0.399811390457065	-0.555207356124006	1.11054676950396	0.409827013532526
0.837480422487924	0.294703354420455	-0.193610009260491	0.551807768725114
-0.286371076012681	0.719980532231732	-0.412671113161512	0.213288483910743
-0.70652973631437	-0.215113631313961	-0.380873900381255	0.230644888882697
0.0427887843265901	-0.406810509189322	-0.32473893072794	-0.172479121738376
0.0569423973638011	-0.191180674361777	0.632023666674689	-0.0851857875337975
-0.147274593271169	-0.0597220751622627	-0.0463556884146697	0.208686158957348
-0.32966860047603	-0.932690472372763	-0.593279801893931	-0.854453775502687
-1.2211979583697	0.0150410630278226	0.0112784061442396	0.158894636381363
-0.522350439660529	-0.601378512418294	0.0259210735090788	0.127775268433526
-0.484265498500606	-0.828343357141896	-0.535700883850689	-1.00497660544318
-0.383325232052532	0.0469274028224669	0.431402913025686	-1.74034734835852
-0.561144916896757	-0.669520382144445	0.86432699165497	-1.125374855693
-0.119478667631936	-0.0289062867444718	-0.173481962630834	1.11866216142563
0.404168164864979	0.381187167914097	-0.420448885298109	-0.146444164654896
0.193638147906434	-0.470148976446596	0.578795673000434	-0.421444101013854
0.222071670208413	0.603496219856802	0.187404723156992	1.02463971128308
0.421470012290931	0.176899104052524	0.367451016705871	0.628454391735378
-0.193499817626668	0.676233085137062	-0.0821367894969625	0.378305994223083
-0.2267761466035	0.0930637716601966	-0.027713266642942	0.707601068573333
0.216903271979723	0.724366893114122	0.193140430653473	0.837415656555207
0.289726209492939	-0.183411276059211	-0.15715914167664	-0.541459159212136
0.778639578126898	0.654606072415806	0.629739720155504	0.0433599838276344
-0.47033443010218	0.487164883617038	-0.307274228020892	1.22086146354931
-0.3578643392872	-0.592978007600237	0.549748215810301	-0.533230440687876
0.441929752982232	-0.122263150446569	-0.941467704298957	-0.132048772171334
1.07079445923291	0.552318263037787	0.279501837129171	0.0553289770029144
0.955533892218577	-0.215619323129422	0.898211246709862	0.912885688628081
-0.399447539609236	0.45962003718558	-0.342459907664672	-0.217727331355428
-0.525829483925842	0.123079077425637	0.140986290121369	0.414673573560093
0.11649164522491	-0.426732348707387	-0.0220890423597046	-0.581861089264575
0.942717764608269	0.899342154968247	0.562861474382839	-0.245522894097866
-0.162103763896695	-0.12219720173612	-0.309278759541654	0.300465561985536
0.187238487279321	1.04940784407349	-0.47066269695398	-0.20697727909595
0.196498907705446	-0.0401123925865785	-0.276554093305999	1.43803534325682
0.267188770925125	-0.297088647363398	0.560029490207008	-0.442971950751815
0.108698140536641	1.03647922148798	-0.953527905853452	0.988101599331852
0.384325099492438	-0.189056703705847	-0.0605198578163448	-0.116602190062514
0.524315206798282	-0.177190743868858	0.252731529127906	-1.37067899853393
-0.275308794664208	0.767710663438119	-0.602781509880866	-0.14467151888372
-0.212496469495675	-0.955670852333418	0.213922415946128	-0.143117354420318
0.0518248655605088	-0.530911563941663	1.26542909732459	-0.427572976893155
0.451533556208353	-1.19056110924169	-1.03237627244414	0.326498626408349
0.14409662612598	0.70591754791129	0.248852039317483	-0.734227430190659
-0.835539093668414	0.174572458828538	-0.616083670045116	0.948024757548863
0.246298530143207	-0.500248829300685	0.112464477092573	0.375057610982414
-0.721249005694331	-1.206302171261	-0.104103996224529	-1.03399280437598
-0.138337563592	0.274594482972515	-0.148040494464977	-1.24814411370082
-0.546348355385938	0.0410222062806595	-0.185084038196766	-0.333144823702393
-0.344337682007051	-0.355130344920957	-0.287088830661787	0.637452744063386
-0.35684367616964	-0.168074686507124	0.219416096043843	-1.58451898446965
-0.42959206448477	-1.22017809603972	-0.172131908721582	0.743596392248545
-0.293876538261522	0.246868845881548	0.723450749489918	0.0492632049634002
0.134424311929822	0.756044075665546	-0.0707212075169963	0.110568258836421
0.22932683695909	0.219386806254607	0.610470394511055	0.501199922110116
-0.752392938947331	0.386022319089159	-0.0948730594869158	0.228742896940184
-0.154477416757322	0.476918331932179	0.0110392533071264	1.13480042502845
-0.204062506464364	-0.583106701495926	0.747721515382488	0.10166705686757
0.3418988803122	0.138792821771887	0.153811212957017	0.637130212691624
-0.226978153310563	-0.388759690034275	0.53578578580516	-0.0314147037696699
0.240186368301405	-0.102649791380541	-0.809248376942504	-0.668300986834379
0.513421053789234	-0.853702552410485	-1.53976377955444	-0.452673738109406
-1.0595588533073	0.122252497716687	-0.524169494430121	-0.022788571128707
0.311424841751387	0.661500203256734	0.172640102176907	-0.685948552344181
-0.406358717347027	-0.25940550457605	-0.946496293302883	-1.06789936844022
0.501171239807885	-0.208383665192545	-0.145706098818757	-0.0581356233819478
-0.299618842411208	-0.403676332308605	-0.0721082090169915	0.171914985772992
-0.484832054907114	0.57612898466731	0.979736971147319	0.0126368076580621
0.0476897586482676	-0.411960849721157	-0.558410465845975	0.264900439037387
1.02885609995663	0.280138336275032	1.10478617674401	0.0776252249120094
0.135979262145504	0.705228151614406	-0.248417201501115	0.410112701593579
0.384035746767097	-0.204687920972341	-0.469248159893705	1.11807595698765
0.898711840690067	-0.372660182916508	0.845860048097569	-0.102264903614086
-0.331861383118265	0.21631238943573	0.414138322399751	0.404294558918322
-0.641185393350293	0.0825775139004291	-0.189914406227461	0.085950089560964
-0.170820834581279	0.355355446409379	0.682705595675453	-0.394507587304985
0.452638946267768	-0.349318584041242	-0.468360655765006	-0.097848962228421
-0.382369504831915	0.322334946279337	-0.36482266464825	-0.0771450933476047
-0.0778942329914469	0.501604479994619	-0.0328765726968214	-1.73967842012717
0.28587021377713	0.799769097237561	0.57096189701055	0.671836244753745
0.387336996590091	0.3326612090668	0.343967071263631	0.165446859974625
0.0534586225771883	-0.798194093285638	-0.627077425561275	-0.598083400521006
0.465766102241828	0.988309705950425	1.16511359649176	0.478051011748641
-0.496747958444256	-0.276721133176247	0.538097105238572	0.936042061332749
0.510409941512092	0.181112127342352	-0.131712852827775	-0.293428845864187
0.568319754030799	-0.409968367566241	-0.243785552646263	0.151176836860557
0.353359278218968	0.292045302776196	-0.0767249195837657	-0.00351657035116056
0.0235504081751969	0.331457709961695	0.233925448777288	-0.338845095690516
-0.31385057886639	-0.802537657919603	-0.574850525144973	-0.640565033363473
-0.850595893514452	0.546478306597906	0.35849275241247	-0.249504169183936
0.306212621968905	-0.723685171098236	-0.704191249966331	0.297107591200228
0.322074282319802	-0.918299083121978	0.0442947996553129	1.0743095573193
-0.000539892097047769	1.14321279039902	-0.0112909450396679	0.0486994567459784
-0.209986152921554	-0.480896304018934	0.492316103713976	0.666607800835651
-0.00636007970253376	1.29421068752319	0.246704112514221	1.17044299597773
1.13061913758079	-0.120251591958137	0.162843016118042	0.870640275399387
-0.160529790528985	0.304355832836749	-0.0670048582598702	-0.163205052089194
0.347625935993441	0.120173753066999	0.782074056795659	-0.663799896981563
0.0123879111419621	-0.379985091657983	-1.28009574056653	-0.212021545623144
-0.153989395680991	0.05421653255171	0.790943285759589	-0.26437975502293
-0.571418134868001	0.284908004270778	-0.914706250379452	-0.687397884667065
-0.0599138561305447	-1.28398535525057	-0.664593099633615	1.19447761473304
-0.652889041985349	-0.867870081521276	-1.00535016447928	-1.70315422843252
-0.312699565580622	0.188771980292617	-0.724568734879186	-0.143548867174573
-0.559151171440044	-0.345547552491952	-0.254945452676795	-0.735919976284932
-0.154939865184347	0.271067782719185	-0.194092741055547	0.534264261547481
-0.0506678285208562	-1.29523300664244	-0.295470656608473	0.049898451462639
0.151187800898373	-0.789367501672182	-0.335587728624236	0.111260660017667
0.299011274536137	0.0300358963639191	1.42755504302112	0.510239331968806
-0.0952476756873759	0.716274813000726	-0.587477300018457	-0.664120520923787
-0.254929004373808	-0.296251313303677	0.999647108192437	-0.683393375265129
0.354704357064837	0.500668657196855	0.267357827410156	-0.047077948623378
-0.451183701989944	0.0274869613819274	-0.0972783893591527	0.43820563922188
-0.234557623626581	-0.04603766248212	1.01396540795882	0.404655985354804
-0.136870781939841	-0.0599523064294692	0.901083119884739	0.276855136444062
-0.668448184586331	0.871937134585892	-0.848690247449677	-0.0959889876076218
-0.16537549677733	-0.646689145325878	0.473181515688636	-0.273693809413094
-0.262423435059471	0.285440268495846	-0.135108133760043	-0.777693612625464
0.316045360980728	-0.140219155210602	-0.0507406094316481	-0.175723958396579
0.470133132092026	0.299505939569499	-0.455743096493014	0.970923176178918
0.129830680200522	0.35876192514708	-0.329791540365318	-0.325490815184884
0.00158400444400692	0.022636349202212	0.189087594716481	0.207686473382072
0.354241804161606	0.744226611322571	1.15956346748298	-0.497158241393095
-0.0921629509733757	-1.10228491549643	-0.602439943726755	-0.538503362396351
-0.668204674147287	0.738641627577175	-1.0331246152737	-0.286196565896742
-0.177179871799164	0.134673076608148	-0.571710069492653	-0.414275753993734
-0.195786149984127	0.237595516643482	0.112695809469281	-0.698004801353006
-0.113063201810723	0.672562948508059	-0.171655872097888	-0.753647382513306
0.789331056841254	-0.875868534994084	0.132151073636486	0.621341594718363
0.503756820982471	-0.112188081255317	0.239420964420532	1.32211446764923
0.120089163111965	1.3095758915823	-0.120463857245846	-0.861990653593318
0.137095477557835	-0.908921866354631	0.129257737744773	0.0540453547179795
0.342985561700936	0.0820220204653861	0.550301981668346	0.446438849931058
-0.00868125116466765	-0.188988520266503	-0.579736857065553	0.326566624588817
0.355417885238738	0.236875482708503	0.761719317054762	0.361608944686829
-0.141751435758417	-0.476893872377283	0.438805884775805	0.854176607843969
0.30833202557056	0.278744355919478	-0.0665322774526933	0.0125851479726173
0.319732485255859	0.561605790317941	0.11263925449675	1.18291393686124
0.236917542334447	-0.858137655877033	-0.444348976146284	-0.352901617846475
0.267804013620903	0.460402377330283	0.456027228129847	0.63806271861535
-0.147332211289247	-0.0304970411023474	0.415079898566224	0.276718634078766
-0.29071828977584	-0.506629605263156	-0.460633317991503	-0.0660393380335361
0.0369321959142748	-0.274227056816722	0.130746286299971	-0.116246607835772
-0.24611141260807	-0.108194323648131	0.0482906654337618	-0.530109294909179
-0.207903895743992	0.448093722588358	-0.0713270955444986	0.619544647527283
0.0155110369936128	-0.625842857286562	0.893360649478929	0.162804493965656
0.593236281392375	0.372692429039973	0.101248948246054	-0.752345214001043
0.476559489901234	0.195460539575702	0.00969845726783824	-0.474127072593963
-0.391742976348697	0.689798371893955	-0.232957643085804	0.758183655288292
0.272657046911481	0.0953174805995857	-0.315996337081725	0.793800753313369
0.595187339166996	0.256522289384749	0.259352788552089	0.407765132703799
-0.486337663107154	-0.35170140962246	-0.368607044848106	-1.17363706520976
-0.0579150831150356	0.391323641755121	-0.0384101418119677	0.164116940140992
-0.2862447346823	-0.301396646817192	-1.19173217703067	-0.278180560346742
-0.979753941741651	-0.843462016758346	0.603347755185772	-0.307074539250418
1.03293433316032	-0.757581557052062	-0.491561034754428	-0.243618366138334
-0.558888220037025	-0.454649471175173	0.285985978875543	-0.161110543907886
-0.365374299158506	0.290031777361407	-0.680215129886898	0.11947370504541
-0.651064869659244	0.578307072182217	-0.000572964011509989	0.133849280774871
0.873243588110375	1.11770884027616	0.233305397126066	-0.0863196741389573
-0.114511651287337	-0.126545466515592	0.287353917528094	0.698367825697959
0.0997799585602712	-0.736115938008716	-0.0127710453491414	-0.406163474197178
-0.549518778886487	-0.779556672339776	0.369017894363927	-0.963649263103844
-0.353120400323066	0.522849034122202	0.0993819235825417	-0.220606716683477
-0.240271580437754	0.4905231504935	-1.10376095146993	-1.92300674655009
-0.206452206377717	-0.158423012846637	-0.231281581357155	0.58657354053176
-0.407340263425667	0.0161312673837492	0.863485115455394	0.951890534149343
0.298832028633083	0.424651657303003	0.124831576574205	0.350169022061879
-0.0783798469480638	-0.392692739972125	0.357447851617624	-0.165560120757866
0.273286336678509	0.798915433526022	-0.805332337930954	0.852401811480585
-0.0433975368741524	-0.174807798481379	1.05162079054998	-1.24137974766439
0.0184837272534012	-0.914867976817345	-0.826928134160151	-0.155817265963784
-0.129864859954448	-0.838786911491139	-0.304189929529618	-0.346958584688974
-0.68971574354136	0.320223151851734	-0.344535682731624	-1.0099307637799
-0.631212568945033	-0.291670868823496	0.203557799423616	-0.442865405248962
0.13919750899524	-0.40921192059709	-0.358842224428577	0.809215904064036
-0.0687902324363955	-0.168364336422864	-0.353001582130315	-0.569543575380186
0.366170023910557	1.24907619040873	0.247623536429476	0.796249228410048
0.236155506153389	0.0102262391244382	-0.161492671201236	-0.375343515421216
-0.014955173417305	-0.208827277053991	0.0513796889473228	0.360516643463018
0.408776012367353	-0.204189168829085	-0.46109701376237	0.0216122489725726
0.0885600957511808	-0.367275331520296	0.176583979197699	1.1474344308917
-0.154997486337283	0.544928595156763	-0.139031045364967	0.489966060920774
-0.15112244724192	0.45595189096767	0.102841000316573	0.0445568044670744
0.0630497416047093	0.0877629577442807	0.452528430073598	0.381891098911992
0.634414835632718	-0.144657494215217	0.00467774380456161	-0.150741062291686
-0.214837843461593	-0.351918986919305	0.539396894823479	-0.106308027401468
0.833018891743514	0.555726914708494	0.555248037405645	-0.0558478171933857
-0.0118812476103372	0.347850031955158	0.116456282384806	-0.729343423370694
0.130085335073578	-0.644802821897516	-0.0776327424091557	0.21913012818151
0.436013125262931	0.123181146068944	0.41980038300035	0.608786598650619
-0.179697396242297	-0.013872464926561	-0.518035383160703	-0.255772489904313
-0.38641135393382	0.3603106325162	-0.175245295494463	0.00747956865584943
0.336222399742436	-0.219854207010451	-0.266494780433313	0.164460245708695
0.124791643967578	0.142478593641897	0.125911359675459	-1.45072816100465
0.0181608550149406	0.636211284092543	-0.0483150133835603	-0.09016189265038
-0.604285331648858	0.644566615573041	0.0261570575478799	0.533124700912452
0.407781188231612	0.665666925881138	0.119317086363137	0.350545805800667
-0.585422486865839	-1.13521959423582	0.143201913019139	0.225050250506638
0.764387089736425	0.682830032018211	0.689799295171327	-0.301002427224666
-0.697628095439635	-0.844422941576125	-0.24968949936228	-0.870642492839122
0.115713052040463	-0.61819134496964	-0.281300140117849	1.39421489941513
-0.432297540460014	-0.183144897245587	0.145593277682639	-0.335861505408324
0.186669786110261	-0.818845408221643	0.0931933735816527	0.345596692950021
-0.244610234842195	0.607598921525535	0.449623937692526	-0.0576239924854745
0.358119734598691	-0.274611365398992	-0.403748559928039	0.234743186200896
0.526261638601682	0.606254224104531	-0.0542529125150524	0.190825872792089
0.193665704739294	-0.269278928587062	0.146504085933342	-0.273558508073969
-0.215879047764669	-0.23178415897547	0.0979613869227558	0.767238346429665
-0.3734958537539	0.333334278674316	-0.37697744906938	0.186060161002588
-0.451580472304975	-0.538047504867371	0.137623205496479	-0.0898662675657144
0.867460030602211	0.18665090295818	0.499343724212484	0.677834458433015
-0.411472996734674	0.398906867272107	-0.574601443589638	0.776490128032159
-0.203291691617274	-0.524088188383796	-0.976480797186294	-0.681933331811262
-0.269676393557603	0.758136298536947	0.357814208842108	-0.682361174737412
-0.117461584988425	0.550645016875999	0.309405348511311	-1.5641192031677
0.39121255303478	-0.365757864912155	-0.209309326724421	0.427626521599413
-0.44533184044195	-0.338814569172822	-0.0735023834664795	-0.103912950905684
0.083235339177719	-0.518019723073821	-0.385099310468064	-0.153057854818897
-0.366129030437377	0.115198719827719	0.297366479197348	0.594632254351691
0.202384173877129	-1.11632252043684	0.448697047415671	-0.742577818681086
0.149874456075515	1.09266777181206	0.0303998601558548	-0.137268219203072
0.444851104442501	-0.34251687560364	-0.1934696867097	0.335068834655899
0.181367681238444	0.125503398086764	0.187605952605321	-0.409185765125525
0.194229050258453	0.47333172678291	0.0492627058596355	0.372299094045816
-0.110383070301855	0.273634588344382	-0.773280203786358	-0.247334308336612
0.91984114071135	0.348144412289288	0.811360435793772	0.259300702855553
0.511627908576912	1.06866316782233	1.13464511676946	1.32514495325297
-0.186817731089732	-1.44588353798841	-0.919985877456318	-0.351316011539772
-0.766302911662824	-0.360523897273332	-0.499560790209044	-0.400324839832473
-0.722445872532778	0.21676845188737	-0.3848649256876	-0.237629225792804
0.127455886887794	0.38073520635693	0.351638555246804	-1.31009425955376
-0.0614126712746866	-0.857143942687485	0.0796828383260437	0.932752024706671
0.0244875896433053	0.523944393745256	0.918060723004551	-0.541772483456705
-0.204569705704033	-0.53308158752997	-0.350486966845522	0.124347641309458
0.554695990860665	0.2064979496019	-0.0245971084494911	0.136788862593044
1.01995348342826	0.439187629974989	0.795310334375394	1.46899252393951
-0.0925002130572529	0.928724527373574	0.341345159723557	0.567595192688784
0.0683321329339481	0.368946151223477	0.394971794875149	0.861629837380843
-0.499607569816245	-0.456104051867881	-1.44755185206153	0.30000703353994
-0.156921203966003	-0.936457111295463	-0.405449682127474	-0.116996731466844
-0.16195180632446	-0.849885963098538	-0.314944803407938	-0.572845900870865
0.479860984980544	-0.0428096014193513	-1.02829184254969	-1.12870251679355
0.0803264374878492	0.918492179844311	0.654045543413788	0.126754520710119
-0.0141643098318665	0.671429520958318	-0.431185637784528	0.189216812800049
-0.531867748842821	-0.513666546394325	-0.821999241632308	0.191004016546168
0.211915701525695	-0.277206298436878	-0.304356651844813	-0.782438273719428
-0.669321789837357	-1.40573889255263	1.1030393977901	-0.99954368824098
-0.283612829559511	0.947934045364353	0.446306007780184	0.116458155872415
0.0419305540074792	-0.879003857831653	0.380755202492203	-0.904490282459967
-0.381902945796461	0.753296933836727	-0.215603090585584	-0.300083042782912
0.424572527113921	-0.383562397613956	1.00744330829552	0.841648136560354
0.0590313636905213	-0.260643105290492	0.0202110963194304	-0.446029403632858
-0.10027066689141	0.20496305483828	-0.0470386044247964	1.11626575397597
-0.00725409193851657	1.14475325504537	0.592073725075991	0.152743957535837
0.336777222160292	0.722614085829138	-0.747902828624164	0.0194165828605267
0.195912666020175	-0.374093466361714	-0.2217531756301	0.534636424864881
0.0311656700165977	-0.18988386749916	-0.372625306795822	0.0691809765303227
-0.929218365808405	0.214841634913389	1.17724627573514	0.234378645315269
0.311668304765362	0.0730262642644906	-0.541166078756198	-0.870473270550536
0.343105580207274	-0.177879346902832	0.303012571712294	0.733056263574905
-0.692520995630681	-0.271021253049055	-0.170747964665728	-1.32956823627612
0.144565578571086	0.693011098773517	-0.236197036682565	-0.658098895917377
-0.0419051022433535	-0.28664247713164	-0.313693774725366	0.443826355729291
0.276485449806899	0.856567188108916	0.0472075879342679	1.0475720361749
-0.168099769722534	-0.472482731440015	0.597112195906058	0.765127849386362
0.181248521755077	-0.411774289040959	-0.337166807715908	-0.410408598247135
0.0635035848620441	-0.475863750989885	0.0908867721981158	0.0796316948749541
-1.26846125501282	0.041312984666441	-1.2471856676831	-2.07825108347209
-0.191292694263927	-0.217245392584424	0.728306126610388	0.555205658285124
-0.458391416662392	-0.45295835017954	-0.160580119250477	-0.835553069438904
0.30362157206276	0.69570339081965	0.837456276018199	1.02102318936321
0.634748180063827	-0.841619323414542	-0.0242872364857997	-0.0914042982122945
0.912618887481412	0.59622600491896	-0.155590529210635	0.660477281216347
1.05033405988441	-0.123419009960181	0.757342716314441	0.212600647462209
0.301486267402227	0.0814390552085325	-0.342686527516311	-0.0564484688707474
-0.0577714553578435	1.36757335091362	-0.51568299198799	0.679017579811927
-0.201154864696219	-0.399351395303024	0.124750095872276	0.455623288378608
0.00180078259697583	-1.16244094401024	-1.25709204049836	-0.130226009297059
0.421889790113844	0.804352334314552	0.319794163502271	0.100955401647371
-0.709735620668553	-0.0228921506232009	-0.158662344098367	-0.00545790373246528
0.0420424520934864	-0.675843113512496	-0.0410480906487147	-0.209165768580935
-0.0498977786611868	0.238158742035531	0.339267143880316	-0.105728702320691
0.383882208121912	1.05291945417426	0.816185637244517	0.266209710196745
0.160813456585573	-0.373298755123486	-0.129687131840517	0.223848429843849
0.281667942996616	0.282319303865288	-0.132708036770162	0.763551985391375
-0.708132743852362	-1.15590503133578	-0.606832931598275	-0.870843254697383
-0.947685776061444	-0.55289452024211	-0.0653014017513963	-0.372214801897086
-0.144581695835162	-0.332362677244616	-0.0115145023912687	-1.12703789463524
-0.139867282741689	-0.928356796179467	-0.23773300193424	-0.266318730901745
0.216543678110037	-0.00928882564082085	-0.229006926073926	0.242022978114621
0.0480473905393222	1.42294870863424	0.39042720444631	0.110471995626131
0.432185638150035	-0.490658242144887	0.0968912761782192	-0.0180439300382243
0.66772207969774	0.212878463514075	0.845252904858711	-0.881102604669711
0.0430003162157145	1.53899285945187	-0.152801160857312	1.0271667297591
-0.175211101481156	-0.433230956162737	0.530315273862668	0.483541398034601
0.256495251136365	-0.0996641569816379	0.160381310162246	-0.801065199178572
-0.677846116666707	-0.541185870414645	-0.0611057665473295	0.296038048098838
-0.136449595944154	0.440858864655456	-0.0643198765493243	-0.204619147016903
-0.0901023898664422	-0.362227847294485	-0.0325784354187846	-0.24456676783507
0.0711071672626273	0.319534651684635	0.394617110326582	-0.177485823933674
0.273257105796959	0.496985429318183	-1.24627053758731	0.299643533355926
0.0297424146639097	-0.297070999046314	0.111342042315395	-0.703107247618027
-0.328553307989218	1.00061148599908	0.22284881683353	-0.293642457921098
-0.0637229605370342	-0.332378489398764	-0.504762148118796	0.392072463711094
0.252594553567804	0.209126906505798	0.438639920992979	0.839131001617602
-0.645113615249878	-0.581631747473382	-0.291913837114762	0.489804088869161
0.0119589676116136	-0.315924459480602	-0.160527961051669	0.299041101494795
0.56883922345414	-1.38723748314799	-0.481953742198472	-0.154509683911286
0.0893471225449287	-0.33275001706144	0.458208923750193	-0.982449289798186
-0.133534808875105	0.0489415949545151	-0.232691652337052	-0.335601210987661
0.410370506243151	-0.555960518634661	-0.841645517097465	0.47245804402803
0.0305267070215055	0.96247620412027	1.41334732358464	1.24022522107599
-0.599098741815315	0.686776713988585	1.11212452539907	0.392616668888011
0.666656953785411	0.716624447416237	-0.69868426054903	-0.561891128839538
-0.361313297593882	0.675286403755991	0.461624411693112	1.56059465611241
-0.102321030600107	0.270847131111268	-0.116441537595013	-0.135920962524504
0.15970631950648	0.741525273897108	1.07331625901479	0.191821138275766
-0.158172391469461	-0.415292020299664	-0.619997674026676	0.387982177332653
-0.400776118942131	0.0245727379740315	0.162054591906572	0.151603494294287
-0.0734250043215587	1.25934446520741	-0.001549103527219	-1.59975107518173
0.53185173190702	-0.583875485162208	-0.585831929907995	-0.654237863792003
-0.15678034686047	-0.892042251731371	-1.13369221804788	0.146947514243228
-0.248772925837023	-0.885318720407249	-0.635317223369265	-0.997639428099766
-0.323708519736819	0.21161992305357	-0.248503491420567	0.39125891099893
-1.01799647988949	-0.574798830276294	-0.309536963741854	-0.971511508720096
0.413930743279459	-0.423690530119408	-0.285217089005981	0.218805022398058
0.124418315821273	-0.418426542413235	0.657988113163451	0.165559459009769
-0.573752631859109	0.292813066740051	0.412317941714928	-0.248953267215381
0.143030959059958	-0.0858498327417311	-0.127021991277327	0.0614901768813793
0.753671217942469	0.0461149112236687	-0.189596671924763	0.030315535220518
0.0185325606467421	-1.39761550110797	0.298207874957914	-0.642335804027399
0.448848410810236	0.801960906471745	1.09438562209495	-0.0659740396430011
0.656779168517972	0.0936214764819649	-0.210077436562871	0.143436143276674
-0.346504322193777	0.400809631189469	-0.11403893249348	0.540673272156726
-0.356035111354361	0.737949457345355	0.588099909868904	0.225728093889559
0.552633348627273	-1.27443617610812	1.11229885897915	0.261552984266421
0.381440934987477	0.494849983569931	0.0657511016128133	-0.046245090963011
0.149397610989039	0.270005337552392	-0.977888425073063	-0.453682504498432
-0.464341339328531	-0.336230351260603	0.188077941937543	-0.21261076825917
-0.729227842175786	-0.525113093222886	0.0705244575587504	-0.386859436671045
0.20048401158259	-0.143963332254844	-0.500074595056727	0.458597581216483
0.322250858775406	0.0607923053128032	-0.441255757126291	-0.272623122373429
-0.347329901075135	1.12836601379573	0.78144007436336	1.3597298475687
0.1689433653614	0.455475704894359	-0.44182774026772	0.218787070145445
0.0134846635484798	-0.0379614491407841	-1.06286043306918	-0.0941292674774212
0.922590484546561	-0.104125844055497	0.402570704250333	-0.107452672485382
-0.394599449957684	-0.423376489205689	0.237403779715751	-0.018264608409775
-0.140948422205316	0.508043586374486	-1.28464956717028	0.121663024958173
0.274594222492027	-0.130203279639167	1.16078652528546	0.679204632108239
0.0151568870126532	0.0962490471285804	0.306418938877969	0.165409548187082
0.302174679659278	0.0554566187596617	0.0780563670053331	-0.224952818988139
0.739243048286289	-0.749229494630683	0.388889287713894	0.452432066270745
-0.932359273246104	0.955195206243462	-0.212459024182047	0.545730624342212
0.0608762049229001	-0.726561972999497	-0.259110392481816	-1.33712321463847
0.593341134851889	0.218749400912469	-0.182381292056431	0.388349832397183
-0.472618153203455	0.191218540451839	0.0378496856293363	-0.189356475262393
-0.164009547211797	0.285880727649024	0.484961199288202	-0.194309818960109
0.156020487698833	0.132879087434805	1.11462374905584	-0.626952531962842
0.152656418236302	0.809814142177031	-0.722357986753529	0.986948309583478
-0.268052728193748	-1.2873353044358	-0.623793970880486	0.0109021694645467
-0.944072742406045	0.180318835323881	-1.13835355840865	-0.606423155882751
-0.213947725657446	0.00592208568123884	-0.292835539231993	-1.50402734978953
-0.250748519722314	0.486717432131517	-0.646550624784856	0.116196797588586
-0.307977309217947	-1.33777111916462	-0.0603264715498196	0.291767049976898
-0.344983772179829	-0.0597602608242904	0.439788087364476	0.221961737612987
0.121309778585367	-0.64210495261191	0.189096080695939	-0.537360837508517
0.575008327692591	0.79208080958432	1.14100506428189	1.0506937927772
-0.530657533719841	-0.623384825482747	0.605256140959655	-0.251489194461688
0.372559797556306	0.647791158065815	-0.0636972566763259	-0.0393086878339493
-0.143867685326156	0.346591050061219	-0.246686975360876	0.147219125619766
-0.225740196295101	0.473696197105816	0.308698430716185	-0.319212750665121
-0.294389992248797	-0.0657751410549992	-0.533551044842433	0.353011532935499
0.410993277358517	-0.163771582938608	-0.166443330282486	0.254622988458222
0.113606981615205	-0.177153772219697	0.233331428916554	0.50018960706107
0.586052343843681	0.359477177610141	-0.124486242936889	0.805661153801607
0.592862717178133	0.320304597895798	0.333238442311134	-0.329417447517497
-0.0444570076874194	0.303779344951432	-0.992617169802397	-0.612992093005601
0.648005038914316	0.652214887082874	-0.169275832456182	0.293283065485573
0.154043657031632	-0.892973130643608	0.657895764736325	-0.125029087182179
0.00145170640899144	0.877717509680897	0.659902682856923	0.464515907268301
0.786675931672759	1.55047305961057	1.69138411174641	1.82277462482736
-1.14989803141154	-1.09804039805294	-0.929140970825106	-2.2661672064608
0.0997731126656025	-0.0888786354161093	0.104555952114113	0.272756237929448
-0.212607664153107	0.0492961115959102	0.741147992043158	-0.0508778649000934
-0.00151347663970028	-1.57448295672356	-0.217937762096738	-0.122612990127783
-0.797929010065904	-0.238029379119903	-0.995177717761612	-0.886946261367248
-0.115766546428315	-1.03523818267016	-1.0324748942902	-1.11466189372348
-0.755312483028129	-1.086248129419	-1.21882791671326	-0.41313611049845
-0.435146276711098	-0.246463099839282	0.281534975670379	-0.237311064765584
0.301988132803062	-0.950307369751044	0.583265467735605	0.0657912009866834
0.493558567134801	-0.329453654209462	-0.557875785215126	-0.0256536960858047
0.531159521250878	-0.216099346280182	0.467621167609291	-0.417234560006132
0.0704105402558923	0.590289097537733	1.28887140506956	0.358822130279015
-0.266300694198104	0.612126350240249	-0.804169009696239	-0.791533904156626
0.327184617093458	0.124115757056184	0.40647390027365	0.977308354332958
0.571374236570238	0.606236816177995	0.102459050490191	0.303116110019348
0.0488470620130567	0.616065011728897	0.40246191512199	0.2654760325023
-0.264537519792775	-0.218076321491032	0.824984378759178	0.437798981478126
-0.290981768720873	0.345114909492815	-1.02528047413627	-0.0659864894326049
-0.11444224642463	-0.382589757366467	0.00502951320023104	0.139176636399279
0.242395824958333	0.706636090558631	-0.121727073821228	-0.0974850625977919
-0.119929243674412	0.593863373821511	-0.349303148210156	0.754695622848901
