MTG	Put	VS
-0.727286322384814	0.726157587263707	0.617854993979327
-0.437745002334437	0.353171492131724	-0.594054975116262
0.255978436649711	1.00377715894132	2.16571241989626
0.173181028229124	-0.173129001064821	0.882335602693768
0.800417154647404	-0.0227155624615563	0.649894271310769
0.464658738057758	0.439825518181929	-0.632141615051552
0.283291305828498	0.267385668298453	-1.27407743873491
-0.272115069428722	-0.125881674674261	-0.799957573786965
-0.29520043143233	-0.235460386693831	-0.0227658827659766
-0.224045451993174	-0.445393048753481	-1.56566223759372
-0.471797456791769	0.0663888709296408	0.28802709852134
-0.0576848063081997	-0.51659050546312	-0.20498750296087
-0.737604010009958	-0.104288710167272	-0.707617000229656
-0.0439215805566542	-0.0887857652922805	0.82304346825417
0.130239718707204	-0.459499650443999	-0.436833595783277
0.0911790885612744	0.0297142181769638	-0.409637284959845
-0.240584659922795	-0.76568108949185	-0.111033816540818
0.404693904383078	-0.610989879360352	0.337639879326841
0.0308788803697503	-1.00812992026635	0.573787772266558
-0.391719691487148	-0.680247592164141	-0.340239558330006
0.859007651498602	0.808727141653453	-0.22441219799481
0.410938804928276	0.857375012157867	0.251162632197521
-0.158860163244351	-0.155500109617429	-0.955856642464797
0.0338984325720035	-0.591210585180381	-0.673270858480547
0.313448397633172	0.312513681286896	-1.4628763802768
-0.442718605953708	-0.0513830005509665	1.14376784607396
0.510658233103093	0.765292245834127	0.48255033656824
0.363064055934597	0.0961157935242181	1.45189595412776
-0.201032515042462	0.62451874791362	-0.889562507865057
0.569325089240273	-0.314918270803584	0.6212520349278
-0.381968243441957	0.0647982767403412	0.396369595458626
0.16822172605894	0.0273640275968258	1.3130766074158
0.183234899045237	0.374815536957588	-0.556350885910248
-0.378075098390366	-0.909178792140894	-0.112810919962835
-0.299323877822287	1.23652966785169	1.84341241256091
0.733185568836325	0.0177144167192123	-0.113849480933945
0.302397433033087	0.532631824193072	-0.624446643572839
-0.196273501381743	-1.18896279167466	0.0872905511775435
-0.142672615684956	0.701788372230948	0.900718017999067
-0.0564325054351222	-0.915603649464232	-0.710853952738912
0.316536825441354	-0.764642401047199	0.448312008326896
-0.629321744663521	0.16565977170093	-1.33951679649611
-0.572422985837775	-1.20059927649846	0.0731102705132133
0.144911038414897	0.568938892150856	0.183784794672376
-0.274807268616731	-0.524448015934353	-1.09764661586179
0.225192953059038	1.0685618426192	1.4269045707729
-0.0884824940309986	1.03711955862455	0.132903617514424
-0.0265675232132851	-0.0113151190138942	1.37872198833993
-0.56421195417111	0.00850601561659551	0.300904798958307
-0.168007520002833	0.308303989800381	-2.29279919241293
-0.283305051640438	-0.15335269511493	-0.886340225159167
-0.0942101747248862	-1.1315050444679	0.0493957155897124
-0.155550418715426	0.41762905199197	0.75787764472124
0.490471612676051	-0.0383228875426637	-0.62505616121725
0.347085160897554	1.00407855403749	-0.274620397957036
-0.230793325919781	-0.648058621280178	0.0580857382307998
0.446130588996878	-0.170944866729561	-0.328703287762842
-0.416984091338829	-0.14483348710401	-0.495276408456032
0.422359252691563	-0.146018038712203	0.242462723572678
0.397922040047484	0.996482750444918	1.36542480215436
-0.130635297527958	0.00745232063834904	0.477090487926852
0.341564227355363	-0.195232604432363	0.470141524078033
0.0254914689906783	0.154629960823855	0.637937061830427
-0.0921807224591358	-0.786810299878987	-1.51954101904813
0.0685873180268046	-0.334474423269239	0.00356996088039032
-0.465490184326913	0.240640701582639	0.754350279208744
0.470460734366818	0.182741348814969	0.195708042440038
-0.146361751477455	-0.0110574531358773	-0.495119020159454
0.315667133213514	0.758990674816645	-0.056084929866134
-0.35457282836173	0.234868390830647	-1.12057243320932
0.22775097109791	-0.553276189324245	0.435254002198258
0.0722218886343144	0.764552778831323	-1.59264646585245
-0.407829907308166	-0.839718490627814	-0.941593169127802
0.165208292450941	0.462865746499545	0.24987697128704
0.0892456363024907	0.0347441174888541	-0.201785647537519
-0.0271586203272574	0.161999900364752	-0.352244644400636
-0.875609872168398	-0.23684206966516	-0.53190567653701
0.437012915928596	-0.991918294620181	0.579691260180309
0.142707503516025	1.03380496788696	-0.158021443410929
-0.0335905216660818	-0.779893944537895	0.416237802380775
-0.618324151644125	-0.778704464864395	-0.447132740901478
-0.173363053971613	-0.759642215194992	0.128996591141599
-0.209859078258259	1.05910738361543	0.232464276930633
0.542056675949547	0.424403202413773	0.92714890544764
-0.03661035724101	0.593092052949302	1.4887294046424
0.13574290084868	-0.694316297673438	1.16193710160184
-0.194258713212769	-0.177672055331116	-1.50009152622278
0.414310793969519	-0.216792445927309	0.508517601765104
-0.406318750109842	-0.182922965372424	-0.216543941620263
-0.201999471694067	0.450193928794876	-0.757069087707554
-0.555139380506533	-0.186230813992358	-0.592067172765167
0.151775128890624	0.702993009956937	1.37843340514014
0.860066634275649	0.124787423567605	0.251348437841675
0.271534385930822	-0.62753602524014	-0.666700247703245
0.676204579091655	-0.466039023365901	1.66197048151313
0.0105579986246077	-0.189433855764122	0.788252751536015
-0.453506839021392	0.30977155713119	-0.534913154269533
0.30006977324796	-0.292357625488901	-0.697233991933292
-0.684928306478215	0.511740354370286	-0.194392128034165
0.509925917533974	0.937349188555695	0.389304863159986
0.780852412384656	-0.343950809743776	0.798831743366028
0.232007761901087	0.00260760447956701	0.823166731688156
0.854093496532506	1.14931870072495	-0.614261057543239
-0.317889211057626	0.369031398773592	0.404885010955631
0.507418280254234	-0.64855921384266	-0.340258133947151
-0.625153654667903	0.230509840000985	0.00044447941925193
0.543365461566426	0.350851116922626	-0.813278642663755
-0.207414315030459	-0.94296728684052	-0.730513922675644
-0.656713173475737	-0.261495697658856	0.864000105804791
-0.326528141924683	0.381289819416351	0.305629577017269
-0.247768049907198	-0.881157454508136	-0.681928440991245
-0.739911793385918	-0.0271263662675161	-1.58727372230543
-0.306628307698471	-0.631508582104445	-0.568850840934216
-0.646175074446821	-0.491702513626193	0.737302915419262
-0.111873334242934	0.430918387956049	-0.699644716711512
-0.0818330020122042	0.190681074449645	0.920460165304506
-0.37279346099163	0.446226663334189	-0.947250422818815
-0.104175635845282	0.64442489441962	-0.276635078802886
0.161403636841404	-0.598016879654631	0.683948513494648
-0.376215871515306	-0.577225610299223	0.441915208564251
-0.250824933391344	-0.772579426439972	-0.245596466961844
0.198178683550935	0.606631877580119	-0.7356453479629
0.202675563061648	-0.691053455127983	-0.0477081122150338
0.0937304719324589	1.12883846637766	2.4282240179343
0.789947767777224	0.654501175754427	0.114111606875278
-0.323682899078469	-0.254896295281907	-1.7967051615089
0.502630682629428	-0.438056630899617	-0.15872939540024
-0.351202771592347	-0.161503668105917	-0.995117352526819
0.301194229102222	0.516006655288841	0.885211716726872
-0.808172134490354	-0.774699626514913	-0.372595229862693
0.444246334476706	1.06331955689963	0.39100920080108
0.0660150336053589	0.221937758658136	0.019307406989222
1.40183287429635	0.625336099197734	1.55460729855593
0.62802520913495	0.411649195981471	-0.967826143922069
0.287782235777334	-0.348282518134183	0.360861569803707
0.24457297912303	-0.404816618762007	-0.388611191846633
-0.53500100553967	0.0805040279495155	0.354969172210375
-0.171577108035369	-0.313881921441124	0.269298640034853
-0.580813996805244	0.516219153362762	-0.165601098596371
0.109677993507336	0.524381328987248	-0.251002825561049
0.294343416407523	-0.330582100994184	0.346846095958214
-0.255568342412168	-0.74634271907309	-1.74940817864385
0.111092474613427	-0.736508553945714	-1.51465580991143
0.391567584722871	0.632054803449676	-0.11579955183652
-0.0707747510330806	-0.460791195961246	0.566463892060633
-0.071282324713882	-0.314022300194789	-0.695872711178822
-0.510256266881142	0.169044885292779	2.05318137986095
0.128593406521784	-1.10984989552316	1.74503179600695
-0.238875178015766	0.701090126879269	0.167518748965753
-0.182181778736968	-0.624725417180396	-0.0309765659116178
0.147878043001105	0.375254868109598	0.238594914899321
-0.0432810928106082	0.597745347638448	-0.25725609040072
-0.37041536895315	-0.807445913753093	-1.5042621656077
-0.0938562544000158	0.407213359009366	-0.661795278039981
-0.426573879210763	0.310190311399546	0.500957589583878
1.11738948445685	0.758051483876021	0.80647749146289
0.0241943466391798	0.721189976427662	0.212939868972184
-0.45641191681611	0.620105188780727	1.1746473828115
0.137526171323594	-0.449995134823446	-1.33656483555875
0.371125168163116	0.270209948183837	0.53627973254292
0.127404372291405	-0.446886665189629	-0.0727718970112419
-0.0781453189954391	-0.168160348100713	-0.458320591350413
-0.205391681835088	-0.819871646911043	0.277017610832055
-0.583386891859285	-0.281937491711635	0.108597383684645
-0.21726649800611	-0.837786181197669	0.0608728629864043
-0.107004273373605	0.187620712036089	0.912799920526805
0.0373711372704833	0.422502476532738	-0.615534953503228
0.629373633299654	-0.882609537485304	1.74259457822692
0.284848128151339	1.04636917479357	-1.15727667526291
-0.00954705790011266	0.864830083472777	-0.174570888837289
-0.030374339123304	0.0755386975974904	0.531488856301852
-0.258263685176436	-0.0834036057879889	-1.25910531310985
-0.223464641073208	-0.903996895134461	0.336707023107878
-0.176319533847413	0.0958902823908334	-0.63999582090839
0.783367490358033	0.899480169488507	0.0664425210335784
-0.0857710912012754	0.181646570042986	0.862711989830597
0.243095273922344	-1.67353968501908	0.642076983312676
-0.177904844190466	0.889404285474066	0.873574201753381
-0.977170269927228	0.246632065305027	-0.991741071466613
-0.461484613566477	-0.49888861809856	-0.302307729993613
-0.768251989054133	-0.524840778104787	-1.69348953379203
-0.389923702940476	-0.998221884860003	-1.1407419543159
0.869479454864944	0.290407806325671	0.33782108822907
0.326395105212501	0.0791780323305589	-0.371543899691994
0.551330221648209	0.488799242170953	1.43452263817923
-0.135043935488142	0.207740467187043	0.665269082463625
-0.257169803617521	0.49045145643666	-0.468428473007278
0.548051667961145	-0.687999727517915	-0.45864886174393
-0.178513098718297	0.286374602169973	0.669008876082865
-0.248053908412001	0.0648730499985761	-0.78522217537546
-0.109814279519424	1.33372902854168	-0.485341032986785
0.248459650310323	0.262170671033676	-0.81811176485813
-0.590711295520675	-0.731970329542469	-0.729186684007473
0.336397214181216	-0.234420873303907	-0.209827489912151
0.493709677094824	0.352470377754884	-0.0419361692660576
-0.0799743604170658	0.173482274750533	0.272241629460531
0.274136247669611	0.461891115502569	0.809035309736396
0.703452039006997	-0.334626117805729	0.175410894905588
1.17035490825305	-1.12274055097534	0.626610085899301
0.250898283292135	0.266418268509562	0.229380642759775
0.372547174169991	0.106808480101965	0.255100452345469
-0.377538555097612	0.970972531134058	1.03397409331729
-0.00487079291157802	0.234136907536716	0.518718943776664
-0.245576983299983	-0.105414253630321	-0.527225547726474
0.00701844172368682	-0.775738257723956	1.50283051675355
0.303635614697334	0.369813951972231	-1.45255600123019
0.0196851360775495	-0.39484869773778	-0.231494509131309
0.0547567606919659	0.623300068027703	0.374136057268678
-0.105338188024307	-0.473672100327422	-0.990454552872833
-0.973936764829792	0.0964632535776768	0.596498359107573
-0.945924851707133	-0.625206774292013	-1.1980096298839
0.187702655594091	-0.728980659073781	1.14852611690187
0.00517370772347036	0.44992645206856	-0.310905669715818
0.310835659137707	0.222180011055045	-0.177997087282873
-0.546654193610944	0.0812758856493276	0.104294430179758
0.213585603419466	0.554351445758842	1.04454231543979
0.456922662406301	-0.232563051524694	-0.342284504867228
0.359357660744979	0.67502699428711	1.13035771245637
-0.186464643681249	-0.01133235424005	0.268849284316196
0.10838717834279	-0.0654521617704806	-0.480856802564721
0.0325561538869592	-0.564193180729542	-0.301325805692997
0.217747172638054	-0.496435620288643	0.863539119438188
0.792933428185927	0.191319045330923	0.580687692673002
-1.41548118692351	-0.711884508888437	-1.83157833628131
-0.170321725949947	-1.56467062800464	-0.396273665825323
-0.488366810523027	-0.0632447183823691	-0.630525074621945
0.555683521063427	-0.192156134771112	0.139804970973075
-0.0515531803613106	0.43213683067957	-0.453666361183263
0.283702179406224	0.598317864512142	-0.949961411384625
-0.252747432187866	0.633258674114588	-0.266339196053662
-0.465246886696265	0.0857392190773857	-0.685014828508602
0.588033619167179	0.587831110755531	0.8231450661272
0.159041069727799	-0.0690790394149157	-0.53178900406792
-0.186359248739046	0.566339049923899	0.393081534797475
-0.110192019545248	-0.239828968998156	0.217163747433566
-0.120883853935009	-0.342396513901442	-1.26576178603657
-0.206003693282745	0.392397453991725	1.46464698504232
-0.179090051223236	0.539481001487382	-0.840391761743349
0.287950579312543	-0.536443758104899	0.666410462540089
-0.757112469697304	0.0113435151960014	-0.38381206470536
0.113631467347783	0.181538223224124	-0.622574866566487
0.0769492319851272	0.475605719540743	0.558062248806107
-0.108509791125819	-0.593548303039241	1.21252848740197
0.238486660052178	0.444494236931567	0.911098755301422
0.227222784744928	0.697681644510379	0.855193397765653
-0.307292647220521	-0.406596260508527	-0.0781863965049851
-0.326344867375008	-0.0251933887602251	-0.0037372886386447
-0.396220346707717	-0.0131352828246119	0.563497712439372
0.316045095519844	-0.186180331835067	-0.176412929696858
0.56980739204777	-0.340255121192262	-0.469759302079879
0.432195145103717	0.657911008910239	0.0168768683301678
0.048506461446769	0.0433692738781482	0.280280596428411
-0.181903809158614	-0.344087159605982	0.457782388427093
-0.297296663927576	-0.297343916035373	0.41880245207856
-0.0233106858742093	-1.1059416111329	-0.474451238486621
-0.288875457034579	0.170083250711294	0.108334007622784
0.31210065165472	0.544421457026715	-0.329406519539463
0.161731839148555	0.2235661598532	-0.609170460373118
0.105053073428874	-0.46477655874143	0.421273513698989
-0.0491197778853514	0.10213901122536	0.153821830844777
-0.0121776677365032	-0.102864658683581	0.0231541506058852
-0.405892072713555	-0.271201357317807	-0.580058289350446
0.458616882915247	0.27613589467237	1.10809092153505
-0.422729227826037	0.140425640217394	-1.39940470711987
0.291649018684463	-0.333981463573118	-0.486497839243933
-0.925597138584889	0.658957554506683	-0.8562386367107
0.494142966853235	-1.10107055326477	-0.913313794944614
0.0680241102904204	0.631121300615663	0.16861027892691
-0.0445258519504625	0.382573695988387	0.60111461630878
-0.803979755775256	-1.0735012925274	-1.53674054057103
-0.0342355248226139	0.0595751074392428	0.351663692464942
0.139999814767645	0.291455169178431	0.452308399460586
0.696037529248621	0.0921310532369983	0.0248487452997507
0.188879648739016	-0.618785474857843	0.172813607544179
0.284271121789682	-0.193329478408212	0.134304725150675
-0.21481580747839	0.800208046395265	0.65060062054876
-0.272463979546555	-0.570622084346214	0.383283125871706
-0.247640055055665	0.545084096574774	0.0151118123156082
-0.0177817661923244	-0.768146033536271	-0.42574103049159
0.838162497618644	0.954350657676091	0.965663074704181
-0.264053346499382	-0.845818032113976	0.105374884061826
-0.0660504947568399	0.0572468669840514	-0.659896748007934
0.171366517231932	0.412867688717768	-0.55359001519939
0.960987272725543	0.441045203074813	-0.999197462351943
0.0168057657380885	0.202561333107502	2.07527415767456
-0.0291892003420724	0.38485455434776	-0.279736880424478
0.118397949636831	0.454560830842868	0.488348295917537
0.0437909551913764	-0.276142897881065	0.146137747317158
-0.191964351778303	0.758714595011936	-0.830431496143824
-0.0981132746807248	-0.45720099108289	1.11473254566691
-0.320093243545199	-0.0576683808260846	-0.372456439543989
0.367154734892304	0.241007996471739	-0.657690767968752
-0.113739171189659	0.332912352548847	0.401872711647991
-0.0617013781255195	0.33575705467593	1.59459351549773
0.00147433572021773	-0.280803572845185	-0.672794712561367
0.112799418188139	-1.40852832750178	0.566754135919337
-0.182001985381296	0.612343385482841	-1.39948368697131
0.110143937113184	-0.0948645530538041	0.284876634238956
0.307024381046264	0.20461176470211	0.447430726444625
-0.0116053468850148	-0.995039171913974	-0.328649533177824
0.199347427172685	0.239442477985907	0.0240661502923222
-0.0909974698872267	0.338443094627096	-0.258401973685222
-0.689201009622005	0.267603171699306	0.716643984851918
-0.971801978354371	0.637002832154689	-1.47880288806992
0.11675253044929	-0.707476643624476	0.553672778541669
0.254749941758943	0.16856544162723	-1.48452233950391
-0.286199985498926	-0.374165630989157	0.579504684883119
0.226375459651388	0.773473768868742	0.221924593274319
-0.352233550407838	0.0292440726891855	-1.41545269998348
-0.12424889080846	-0.296833918926315	0.350938696374229
0.118677759185054	-0.407451778204758	-0.122598856111968
0.0558376708239172	-0.757433209986331	0.487531896598777
-0.611038934737193	0.0171050172866271	0.956041682676959
0.046056718630566	-1.09838074297874	-0.0290331679257958
0.0582082033243933	-0.33127991436951	-1.44513424272305
-0.236623173026693	0.431186544478811	-0.660621276011699
0.00204510421918546	-0.377903385481578	0.234237604169666
-0.547629796152887	-0.138248972834928	0.456220272955616
0.375226304636708	-1.07850671760141	-0.460429409317
-0.212314586053485	0.657390657551218	0.392194415929566
-0.409846667724175	-0.498484831567734	-0.355829231891328
0.554035647971703	0.932465842259777	1.0930807202999
-0.261439760986341	0.522466009772171	0.335804903984335
-0.231793012400607	0.231153218543064	0.420024062290021
0.231280084955027	-0.157897523494521	-0.2613695920871
0.33290744523593	0.523725159900351	-0.812974502088141
0.0402434797305308	-0.328163919959078	-0.457860077043017
0.900206617535795	1.22960976584794	-0.742305175567582
-0.122833272500699	0.0991369405867158	1.33511334093049
0.277022600339378	-0.426522546296819	1.60612565255741
0.155793784406278	-0.280724963394594	0.803520489408411
0.309009901358622	1.5457671476695	1.68441879193605
0.312167881789159	-0.320183396349995	-0.33299066274451
0.476675321872431	0.620623047749694	0.423261742333086
0.407882615435193	0.18082379926147	-0.456570039648142
0.643352435270014	0.164632418775953	0.699484167104329
0.60918046414951	-0.837902189060024	-1.14755502384543
1.20520983628487	0.667403399181892	-0.0200759485147233
-0.694983508308535	0.816644251594037	0.914724060417152
-0.0198067728583824	-0.502889729179282	0.122605125593048
0.0867889584535517	0.415215100631795	0.980893122786972
0.0291479518943022	-0.371001282911089	-0.0559870853514111
-0.638010067586389	0.131589927626174	-1.66193605377098
-0.0678088483541525	-0.169455804515641	-1.16678273346635
-0.2003335248065	0.0273856124209235	0.260355848058912
-0.543101629315748	0.0665220254359582	-0.202116820164577
-0.0972792388021433	-0.989727074437787	0.00970202059233076
-0.961540354096734	-1.56129125457205	-0.144101328210587
-0.838052912730463	0.517892554681652	-1.51628595456423
-1.22274522212324	-1.19840521848584	-2.6344955949924
-0.931612176232571	-0.444184992488148	-0.977315840645
-0.360684992517159	-0.0118476528054232	-0.719746040343821
-0.0239743485433174	0.206811601457763	0.0467213470958562
0.355657656389951	0.410689793944948	-0.411300676022504
0.222363584641426	-0.52907505316306	0.0392093308602028
-0.546919837482346	0.842220614939172	1.41605041335204
0.462555291761556	0.236992999177587	1.16194559196917
0.261382600269964	0.140752379545972	0.275532583577957
0.712000658849888	-0.153805986296113	0.259698143846837
0.747401461135907	0.500494563981085	0.120893310881108
0.410694757429316	-0.301868306396577	0.496251816469386
-0.100347106742633	-0.0496382693611201	0.0827597041685875
-0.0663824545258511	-0.720701653752613	0.108631648798602
0.00201595822811623	-0.348913355928292	-0.821055137854378
0.0363195207450639	0.522590650689583	-0.0143622382352383
0.41972284578618	0.258861576430892	1.34300134121351
0.337942097904333	0.617200745189119	-0.0473038111823504
-0.442078053483164	-0.0779159538972895	0.722896682207273
-0.779986627424554	0.0719792825865333	0.78110355993172
0.699346017415596	0.0191745016440665	-0.0423227794219729
-0.168357319737744	0.708763547770515	-0.56902716928767
0.237185214469121	-0.050146000516282	0.335259116765218
-0.921791177587237	-1.06775139112788	-0.319807348967718
0.148083632216735	-0.00464736861227005	0.352477279355315
-0.048053461178281	-0.618323107855001	-1.1396034759696
0.0292916089376519	-0.191934680697051	0.363486560921997
-0.189584283021356	-0.546211839575136	-0.824757891220303
0.727495953011209	-0.132847480987732	0.551962317447165
-0.849434964351962	0.833310921933277	-0.262973534782456
-0.200504342281189	-0.388346174695901	0.338004009169201
0.163143059561826	0.712835695312966	-0.229380951736052
-0.285272568577368	0.112704099402177	0.140834375432927
0.898226797322959	-0.022772234446838	0.668339769848231
0.0397590912640038	0.769315852549242	-0.300216966650021
0.847694469027198	0.943981524966256	0.138036028000156
0.188912929972257	0.876280941140167	0.868692116986928
-0.32355885678104	-0.0823934849180768	0.363919149922036
0.872821537376885	-0.00934701317532561	-0.0997363180425793
0.25370672096066	0.170931500294286	0.0901218790469708
0.614165220851317	0.0959082603749606	0.0512221141821781
-0.218412776891983	0.0808771154298024	0.180905109780306
0.239419212442427	0.0962634005938662	-0.368463828466196
-0.0210988614121093	-0.176563999271464	0.674974036307719
-0.174458491565437	-0.151382676741479	-0.314036816550676
-0.597313694196206	-0.843275475979098	0.508898280280252
-0.338768748978726	0.0728016315387071	0.0213433321676599
0.0888882901543427	0.431857554405369	-0.0807657655744187
-0.505229732035798	-0.705168496342012	0.358203865128597
-0.077804173512453	-0.442510136011137	-0.258673888896771
0.0821430707445795	0.238785525760586	0.125795493165528
-0.00193983209102729	-0.257468741525261	-0.705593061137409
0.407749667000667	1.03604794137926	1.10454181430864
-0.215795236790388	-0.68667202243894	0.431059894488643
-0.45635727256008	-0.962668977670875	-0.877743190887511
-0.434064482985855	-0.304229657989015	-1.7030063912883
-1.16386942558476	-1.56106594653195	-0.926808242814348
0.234003697292017	0.000869810302245398	-1.33928230596639
-0.208052827085185	-0.264507794047474	0.0589936113094411
-0.0384785026205045	0.228761280965759	-1.28965331932461
-0.773052329161551	-0.377934685324571	-0.954841070711422
0.101822309769958	1.04012591977157	-0.074304363047204
-0.0680477251213443	0.237472093074983	-0.0491387356930706
0.509563985260008	-0.676279642786522	0.256352898678588
0.236004751515861	0.134428980440391	0.864747310315223
0.296386252889999	0.760012053837962	-0.090363857359671
0.251299298935307	-0.16651156987544	0.0290040074261625
0.0327467273594023	0.32985121960542	-0.150256407685122
-0.702086160994228	-0.469359904061667	-0.454673521703042
-0.253624564021778	0.994701861998185	0.233426035316786
1.12268971392332	0.320004612544712	0.282714120233535
0.182790330365634	0.338862439525599	-0.155172704160232
0.217851621121411	0.895887534321175	-0.115232780239065
0.530453779795172	-0.818673225257748	-0.0112520233860128
0.381611078217032	0.455122802109216	1.46659978947125
0.242016665591084	-0.051508314931419	1.763375778747
-0.192444445273439	0.138462685633131	1.26649508543041
-0.201895324987514	-0.219341560806572	-0.37753168886383
-0.285416392976976	-0.150582179823401	-0.431295605885765
-0.737631036831604	0.132856902270917	-0.702745251026938
0.349606779628345	-0.747197023133892	0.166723092678853
1.41136567940297	0.930717402084266	0.191706871828647
0.606157153280436	0.230239866860265	1.437725746337
0.955664894879297	1.43797590040899	0.25111157960404
0.474798533135814	-0.408053185937056	0.87734093954131
-0.073697443531278	0.262530628665695	1.14582632518439
0.101712511691642	0.0330903994417296	-0.667615389424064
-0.584976119124215	-0.710588263031356	-0.475457038107856
-0.506631765519898	0.314922038437098	0.469555920994131
-0.817111824577992	-0.57122140820639	-0.600591662507894
-0.316909625171373	0.0369977699791035	-0.237502192751831
-0.0447483863981694	-0.509135282939067	-0.796801784056838
-0.53414114841953	-0.807718092727632	-1.50293911054965
-0.166889705701341	-0.631502636601873	0.309585936451222
-0.0618828070556896	-0.238666308183225	-0.682915795840157
0.00035586094259198	-0.133290242060157	1.08071527862335
0.00676670314397779	0.415111665764767	-0.596894000491113
0.456373561819532	0.182109283877498	0.9806488137412
-0.263834327060797	0.173688066418685	-0.425816700576287
0.115964658728766	-0.235718891853359	-0.57072084551392
-0.00750069564575756	-0.276790490039923	0.41317521979455
-0.545503783705179	0.762773436752387	0.611682087718221
-0.117964826530328	0.562560677199003	-0.197791728072735
-0.210239582073674	-0.265903242858925	0.438473135699964
-0.265226205173529	-0.485664456297476	-1.64239545426205
-0.819608065500108	-0.650350353129433	1.60239285078224
0.205461186715092	0.488738895662317	-0.544613492163545
0.0568368658897429	-0.0480730720657586	-0.890582704432667
0.000529537441961323	-0.157459680227105	-0.200737229015277
-0.0841468361664024	-0.730800659705425	-0.133140401630404
0.682401483959762	-0.333212201069244	-1.24500180914674
0.718599080536455	0.0364172612031456	-0.315331141941489
0.203043440493543	-0.314708113448463	-1.20872790544523
0.00640877835269486	-0.339224952403076	-0.612574249819053
-0.218595050445971	1.15207460130564	1.45947304799217
-0.147086840054459	0.470912069984816	1.03314393863273
-0.24043346075854	0.200087635266166	1.33510516428389
-0.293099765675529	0.00709148069059342	-0.422212629824135
0.177334665740149	-1.00211791152297	1.18435751282698
0.239288639323105	0.547613232506993	-0.851356637962772
-0.40316759403885	-0.579264360700858	-2.11284868660372
0.0703030888393644	1.30909986869201	1.67113033973437
-0.332725221198039	0.204791674541354	-0.102613711693104
-0.0626790573917408	0.500699899609263	-0.0425334794645421
-0.704211642645176	-0.181951363556036	-0.968330480507217
-0.270568199857684	0.16220667410255	0.879277918258526
0.43111212135764	1.4971733411651	0.29266658773735
0.226389519449292	-0.221386807444645	0.801368214284049
-0.396042728076351	-0.09909846178877	-0.117007302755207
-0.153086883988092	-0.442367034006982	0.512210479083534
0.725384144143232	-0.48793857819944	-0.356599176561782
-0.16222441062889	-0.0995902998265118	0.612872448086374
-0.0642566328225411	-0.503740420779801	-0.0144904792981793
-0.388450205408701	-0.673475630055178	0.0477508907318693
0.0647895442067019	-0.184127140106334	-0.540251702870228
0.895803163186177	0.0185333524957404	-0.564696918766474
0.118350492847828	-0.560079772780874	-0.60178675657444
-0.102605459252754	-0.914746812571897	0.239433724775887
0.288853060926526	0.63616840435672	0.668077831519642
0.219469246115413	0.186684895143007	-0.0428989363097399
-0.0508494943658966	0.431636537691222	0.13624729415927
-0.264120503544484	-0.637540620264541	-0.251291706292934
0.311297785391289	0.339540916920502	-0.945400276560283
0.344163614085216	0.474232586138306	-1.08527658875332
0.329053617509348	-0.0775598829070562	0.464025465323287
-0.229015271721585	0.82536459377046	0.688281413239187
-0.112701085751633	-0.321984468819523	-0.247683231870782
0.219373416047559	0.66997315511044	1.169698229418
-0.109264800528315	-0.295800881716543	0.545079186645331
0.295276331742056	-0.932187671624764	0.252350585198138
-0.440820512459938	0.372202705556254	-0.993994901951952
0.0463333170591804	0.430772541521376	0.217444884831694
0.338177403477566	0.359688559310707	0.332363338174823
0.425989530105721	-0.547362036160336	-0.190106637020608
0.0518355853046258	-0.50265009133755	0.0609744277979499
-0.140484925969645	-0.764787220871127	0.757058237841018
-0.585486874631755	0.393179622674952	0.67534156774484
-0.426053340390757	0.39096679906598	-0.0130403027105648
0.288146806250079	-0.348209130949091	-0.200452747449387
-0.122695082117117	0.254744339754634	-1.31284765698156
0.189879051203842	-0.497600956033263	0.562188586383204
-0.322795860204624	1.30364968168539	-0.804953130337053
-0.311357772847974	0.0251764802319634	0.393220480187481
-0.143164888201183	0.119591335003853	0.809189143776961
0.082583915984546	-0.40280009131235	-1.11676981065758
0.528725185998464	0.461945963466117	0.473696001586983
-0.606659214885259	0.428879912547502	0.0657520759928431
0.167556821063839	0.00129583810463605	-0.794765461659701
0.131608668462601	0.0210332647494276	-1.43100055710209
0.140944559653382	0.263613122612889	1.47678357736319
0.0638131076936158	-0.41406368531969	-0.220894585639321
0.408091464698477	0.247405691411046	-0.177366934566326
-0.493680589786047	-0.409734597966369	0.456948960834052
-0.413962662011607	-0.13354129668381	0.447622356936639
0.00115901288184445	0.0156695487810182	-0.219102925899538
1.55540526793361	0.25651534853352	-0.624553811504346
-0.80696637259343	-0.906479867418803	-0.696747939269867
-0.289713727213315	-0.0164131837335912	0.810536801332804
-0.112219425491149	0.882543534430086	-0.0205807276521896
0.100857995597887	-1.11640360811335	0.636316487838617
-1.01485876883614	0.121671652374239	0.149553420997796
-0.622972703673463	-0.209172660461217	0.135858986267963
0.450719417088907	-0.656706297381995	0.102125278551637
-0.00825304932903304	-0.0603391380595582	-1.10830633065644
-0.237780919090285	-0.0307865325267904	-1.38213850608423
0.440444298356477	0.231634315387774	0.931017905646186
0.530141552047456	0.012013231541271	-0.150782730159345
0.130233961451857	-0.730574973081135	0.356516801146516
0.205285004397649	0.732392408587282	1.02378367651746
-0.121689986385244	0.0653606592773282	-0.0573042461041393
-0.797921765415531	-0.234894350971756	1.00663143509788
0.212502531142885	0.355764663260729	-1.52942985758844
-0.253200015584	1.01680193007107	-0.0608948146486457
0.231276619018714	0.550166294432561	0.588145111074371
-0.455078849914516	-0.247534394257218	-0.86007774339951
0.128606281813595	-1.19795799923898	-0.697560866809778
0.156556963169636	0.105106687378927	0.251503539499544
-0.471162716065831	-0.0763949185281021	0.552405131453777
-0.445399763081302	-0.130686345005184	-0.898869926064328
-0.0350542069183482	1.23678184612243	0.498188652279425
0.642497777728015	0.439639933641654	-0.206047237786822
0.0451536086939958	0.0935677251830685	0.506429923607284
0.361810978401388	-0.0793610667516703	0.610706642347156
0.282413927974616	-0.251736685543773	-0.0132534883679148
-0.0139228910830834	-0.684930547894811	-0.283719765061584
0.256484284428615	0.246265569002458	0.093782304505171
0.0839657007666871	-0.225822525040674	-0.83959087332512
0.497933109276881	-0.564588082901766	0.54557492072974
-0.0972912768638964	-0.51140352270095	0.0163602270951981
0.308529424392014	0.290531785679158	-0.388861377049378
-0.266479251325878	0.564326580152794	-0.623703887894558
-0.480251085594294	0.361572627582233	0.173254087271796
0.915003177516615	-0.0867519298240882	1.81826215354179
0.123750175673724	0.53067523855467	0.783262763012524
-0.338385402986107	-0.310135306709829	-0.265266390736552
-0.201506045004892	-0.364456083362583	-0.300139850087647
0.767549582691658	-1.06624738061918	0.344514535877774
0.401224605504712	0.585219612686648	-0.49577225818152
-0.0749940244246613	-0.229000550882411	0.413774606702394
-1.1563684045393	0.00126574306654122	-1.14322199659721
-0.147640097056606	-0.538716924244947	0.472197462233215
0.423133593684725	0.362208952660999	0.300668720778771
0.00250389033402543	0.0897578053430767	0.399897836843064
0.561589171688387	-0.281125188943795	-0.146190775688637
0.48613816071565	0.911956309096595	0.760366972387909
-0.616964170772753	0.361760423612835	-0.483367375460794
-0.219160717442406	0.375314760508918	0.674401411471838
0.0301351509489771	0.267451102455149	0.0784377894091069
0.26870793944789	0.597679962272812	0.00847108270792429
-0.15364826516272	1.05262089085394	-0.272001628690263
0.359784269673058	-0.539616187628503	-0.111197566201848
-0.303385808117118	0.727038819649326	-0.400866750643277
-0.0195239825323899	-1.08541676266404	0.054762490185066
0.0509876070009854	0.367677785938149	0.145899031967731
-0.159695586112495	-0.710506069761758	1.20200921692849
0.099812902925656	-0.128168196500831	-0.373871835607663
-1.07247907777347	0.349056327553319	-1.88151097196988
-0.520903026976779	-1.13384125059533	-0.171628968867189
-0.314696523483429	-0.204558633785948	-0.90488109225065
-0.822098667752653	-0.509779557211006	-0.241493831819113
0.0428718001194483	-0.252171175178635	-0.816775580088107
-0.00256452398201324	0.00776825115004246	-0.855292831625476
0.0294812571214501	-0.82295955071454	0.0499003840657622
0.309393875941756	-0.20816221448082	0.703174572369668
0.500428456216465	-0.0560796414432543	-0.711658282146301
-0.451117792196009	-0.320582269855693	0.398003754278271
-0.359811603302822	-1.07445325974113	-0.159806093441802
-0.262147515848204	0.149166970829372	-0.966826209244977
0.0416731519939525	0.892926897900729	1.27633952956346
-0.252762311289806	0.227044912016381	0.402580803867734
-0.180732656935838	0.732101574541298	0.634362770612463
0.796791286564314	-0.405701303492831	0.872251347064746
0.850176411409318	-0.452882259162449	1.05391936828991
-0.443421951290175	0.573487815375446	-1.01616346968649
0.297413447080901	0.745638267589542	0.736851242346284
-0.508528442161089	-0.328470498291776	-1.60177114335553
-0.0441344980605584	0.762366782728684	0.193252802136265
-0.406723120143084	0.423953201271052	-0.704708055861418
0.34057546397675	0.19159782104644	-0.046888743198385
0.908549362100255	-0.0938023343582493	0.426982302450347
-0.458520868469863	0.656850927158678	-0.0150156537982571
0.168331736138223	0.116098037129347	0.293633635287776
0.652921440302965	-0.293093718895939	0.00101043687953681
0.64374493837524	0.940401529228977	0.0413643161801819
0.513405910613412	0.149493985800192	1.66585417699388
0.115636160622244	-0.950213411230756	0.194565586755795
0.262786794331925	1.27345879591005	0.234099761804014
0.458922679544618	0.0502154297990355	0.300953133409329
0.242509883072998	-0.0455853717294659	1.05956172062256
0.0157877398797902	-0.31167823786694	-0.075440406130011
-0.253044571916443	-1.27248940275193	0.359474601104821
-0.523196393771841	-0.522638632241452	-0.627279000727822
-0.121706784561342	0.726772591784489	0.744877295219843
-0.0188620798020072	0.100287592414469	-0.862343864631019
-0.181296067029468	-0.0776489259062099	0.0256774518159265
-0.194014204252963	-1.44832572637255	-1.07403278753476
-0.769216763123047	0.359105352183686	-0.660430003298713
-0.0772454112677432	-0.338816463562257	0.904946294401682
-0.403589479710384	-0.247591777188841	-1.46289419279864
0.396140833035581	-0.327973057583778	1.1024073279634
-0.436768136426398	-0.278918634721879	-1.60330125692883
-0.415719059269381	-1.07953366469739	-0.709922682833628
0.155470994242129	0.760955434071952	0.177797616804113
0.29012756624921	-0.110008595800707	-0.290785724340499
0.0171432931813887	0.477863034284142	0.717014251923802
0.603075814289847	0.277919464432323	-0.00763029657174009
0.0860612220723578	0.391962691259258	-0.64289629356294
-0.0383853012020429	-0.66139688630525	-0.0231354261719274
1.09074647175324	1.33205993072445	1.1610019986246
-0.352662840725278	0.143231664652174	-0.116489558827748
-0.0326121861301239	-0.0742737001339392	0.17546673475221
-0.283003617993831	-0.319173987458966	0.500828512067021
-0.735804133557925	0.764064873378403	0.422283453554993
0.144047115476464	-0.797304297951042	0.0797398239255582
-0.330152907224724	0.00316047857677985	-0.132021258687663
0.11175716065796	0.189957832009829	-0.688886164208858
0.62315538003854	0.425949754519813	1.13568019676415
-0.0714005646483983	0.525524235856692	-0.58860585920797
0.447082433810716	-0.252983417891563	0.295467544318243
-0.832068012119432	0.520546123870199	-0.283904014536483
0.0682190398543874	-1.56813421469662	-0.591729302049608
-0.0287575353373561	0.809568048402406	0.675224685595943
0.538765823104186	0.322380008276464	-0.401687602653046
0.208586105480018	-0.382254244328465	0.317913721151834
0.311615826077558	0.511152781533756	0.845684311872188
-0.532129761343816	-0.762748501998208	-0.140126125076094
0.245662196728181	-0.514931176335977	0.362260672082854
-0.247066892388396	-0.472955374872117	-0.315932041099725
-0.0681483831608246	0.657877260681449	-0.283135594412294
0.370501476113499	0.0806612294445006	0.906835617960249
-0.510548886556197	0.213238490943441	-1.09813352930075
0.392236754378178	0.409823032075786	0.630077385702726
0.612942551551084	0.421073460449319	0.350295729450106
0.41586145766391	0.390543614996363	0.623531817834797
0.593980907996959	0.108064819815642	-0.626088187444375
-1.33176377273873	-0.347707510055114	-0.621340274667358
0.845033582101146	0.121205738655998	-0.757631861320133
-0.374615279911832	0.592323011664925	0.246503290736447
0.293181138882968	0.775119499113589	0.000982563257358167
-0.381033836798256	-1.36566039031916	0.0406787797332762
-0.514571048073962	-0.735857421812144	0.251854952649502
-0.614207207100543	-0.193950016244277	-0.71321996537586
-0.804909295242322	-0.488004871358768	-0.430600522539193
-0.215670775277168	0.129424201083704	-0.861433304341873
0.0760390978057555	-0.5533768019706	0.34569830572385
-0.256339229202132	-0.17506527021244	0.336336917774308
-0.4126893152868	-0.12549526213874	-0.356846558261225
-0.0843410860634971	-0.174084002916344	0.226075347696951
-0.450295459161862	-0.930515710405006	-1.09710891131985
-0.1463892623109	0.752952633352086	0.554969074680667
0.43281158796604	0.0900036419964622	-1.28851655412564
-0.650628387044744	0.354953219521828	-0.255653213378399
0.598970511607349	-0.0193974467292164	0.675854396272417
-0.186814622893857	-0.578491173961353	0.141993218582176
0.538210272602004	0.352521903880058	0.0643915786284874
-0.496604748792742	-0.348560697785769	-0.881551710099976
0.287011788999798	0.190526185362042	0.370119155955405
0.446942661932081	-0.0783158058622453	-0.335310070537642
-0.762461107513827	0.45724180538186	0.00549984916073391
0.470187924277699	0.0212282064621457	1.43251850832148
0.82740328259706	0.977812155259547	0.561317015261563
-0.326989655091468	-0.267692840600834	0.254434136160443
0.30451184216149	-0.0181624196517751	0.162356446539982
-0.42996234216299	0.714831677816145	0.881469419374815
0.498408415825345	-0.136358235693012	0.528522511043132
-0.0601012859344948	0.370291198711782	-0.0232981103980678
0.4171650506579	-1.26273824247396	0.15050909965737
-0.315883522343632	1.25891711994215	-0.364516813459336
0.521661366868702	-0.719182409848978	0.710724232661999
-0.217907143713433	0.596441906938718	0.490048930311819
-0.0540646276615165	-1.05617577760255	-0.784575097198339
-0.383471474263774	0.322365095170047	-0.468509604708427
-0.112049502036104	0.0771801597195116	-1.32993252392442
-0.235858603236622	-0.951251427413645	-0.872809875214459
1.0427708543784	0.79110442787776	-0.0430146732565121
0.0587890523441208	-1.22656174594865	-1.49703129158029
0.655511226552343	1.36534931894459	1.92487152091444
0.317284616492213	1.12401244325288	0.92588047219216
-0.0188204354069615	0.19295493027166	-0.0143860243756841
-0.971102966085138	-0.180484877039035	-0.00326852606933823
0.051211443019146	0.377651545011475	0.10249145951855
0.032821080823929	0.654901907026581	-0.170661763644043
0.108980438972212	-0.00603194810767583	1.05358080857259
0.254481835102325	-0.708917905189926	0.674227734621105
0.000547213416308706	0.453662412339612	-0.61837063809397
-0.357720309043075	-0.880450762017432	0.257589528292459
-0.151334974626354	-0.399676802605968	-0.733344519404046
0.587285225285703	0.373503142874209	0.76627150211609
-0.463580901581661	-1.22795617257389	-0.222587363380846
-0.898460985203275	-0.770419696150276	-0.868183625615226
-0.0862465570209626	-0.153197241490837	0.0914702769821597
-0.0824750288944885	0.0499797235790556	-0.610231813757761
0.277805353123164	-0.913150465526114	0.475176604986066
-0.338753684777273	0.36623174252278	-0.851889686518292
-0.175705778184774	0.271021273565273	-0.739375912186299
0.309278805491278	0.364083868652314	0.268067200187127
0.809753117139266	0.462213042899374	0.782689074172222
-0.218222361629829	-0.813077632628571	-1.04978501155739
0.465865212775026	0.518836902794987	0.584775494396356
-0.170766063743269	-0.182863675247198	-0.110705626164285
0.325299212437028	1.18710199004213	1.4509182916779
-0.0824966527930737	-0.557846000243921	-0.334736308279169
-0.40015761119962	0.454776033538028	-0.397522889889514
0.194741983373388	-0.563328524859791	-0.450767326306462
0.0491598961461968	0.366266100619276	-0.225904077752933
-0.429593233767195	0.136851601714511	-0.250371817251279
0.423326722400519	0.40166461281538	0.556114020287072
0.0856940768921871	0.0666269606020881	0.33193970950672
0.0400311802252208	0.605922098343738	1.17754354253141
-0.460371373015382	-0.819170261773711	-0.508381059034441
-0.144037918992687	-0.376473330365705	-0.545605842558507
-0.7417400444105	0.288419766406312	-0.599939016082625
0.296644487459424	-0.357429604390133	-0.710379658276498
0.111607083000793	-0.69736860571401	0.739277046035212
-0.071147885705187	-0.104018976219722	-0.202619575937906
0.566183648095489	0.280785876453196	-0.0179747701325298
-0.293813415959788	-0.121562811927149	0.356244989666539
0.0885364444305368	0.0104683880838518	-0.953788231301531
-0.313076328782869	0.580095390222349	-0.0461652173456543
0.424678877112017	0.628231410473972	0.2621751176972
0.379772737036757	0.381962763146694	0.925429027736295
-0.133133479266896	-0.394186095363931	-0.27304451043396
-0.269928169625387	0.437016655942518	0.348312238055544
-0.420407639565561	-0.341781558335791	-0.442977158649423
-0.392768303497805	-0.0311493114991486	0.775777883702642
-0.493471743249701	-0.507135071634621	0.213528029561047
0.390326047640778	-0.0335300046603178	-0.46805115714533
-0.19634276947284	-0.00740254029552763	0.0864657618146167
-0.105217728892208	-0.286678412157406	-0.0239609909062942
-0.391405364781777	0.77735476717674	0.547758962691475
0.0702838039115627	-0.276284168491493	0.785457404867054
0.712212406054362	0.286473714966307	0.259038796021791
-1.47145176980503	0.100680100961114	-0.754271750756343
0.894924252983464	0.441754908770478	0.73082191832041
0.883662830375189	0.811350755602047	-0.52397622423669
-0.442176633645109	-0.97249102882659	-0.628717826992465
0.0130466839689514	-0.414757360202178	-0.865876294217682
-0.136311810615894	-1.84524381655014	-0.337193822190762
0.447039842027781	0.221497997111488	0.366989893477372
-0.428400707619218	0.37121136695167	0.40587052182336
0.223522035997061	-0.0677590500087802	0.0521179326365904
0.335467614967494	0.0343624034732253	-0.735275005396856
0.90723981072085	-0.158206376292606	-0.107066740809097
0.0113286913579654	0.0721150190908618	-0.417208923482551
0.0967726674832032	0.815859889910975	0.245992768977475
0.211403923427873	-1.09385571254567	0.100821779681659
0.011072538855561	1.04801169509649	-0.450453574963388
0.261412023930714	-0.173828998994816	0.361506350714408
-0.141214834442112	0.167882902701524	0.466759581832054
-0.286411912754533	-0.0400491884456694	0.786287257799842
0.168532100395554	0.0944608250695292	-0.94873133751262
0.391844038865151	1.15732872403609	-0.185486851361064
0.0636415097569644	-0.675243214319964	0.183586676324707
-0.319969698081192	-0.633692141394494	-0.278219348268656
-0.227771049008459	-0.0301030081592306	0.486868317047546
-0.13329279613451	0.054313622098103	-0.516817184031956
0.0156961330350606	0.0110813527039229	-0.327302347956478
-0.330285746460906	0.444390504651428	0.279694035073508
0.0169988664632347	-0.619612935763577	-0.108216467264794
0.204406848168738	0.141874571528714	0.436131101810063
-0.825084545781315	-0.194117240233901	0.362822740113281
0.241116571949871	-0.445375169471877	0.428213335818934
1.12095175107145	0.565608091921775	0.377884401313752
0.573011865667935	0.882983300542426	0.130105414272111
0.187905917189541	0.350879716953856	1.73051512768294
-0.0790018694997538	2.00214561251168	1.21467321666909
0.222429026882943	-1.02926166634706	-0.227923575945161
0.50078402412639	0.124176311618432	0.155940413726783
-0.21381602689907	0.252857539657593	0.329163578798381
-0.860935199805518	-0.73262472501356	-0.42791218934442
-1.01650765746445	-1.00183935489902	-1.40396832261751
-1.16200905713808	-0.653395922311157	-1.27500895331673
-0.512508549455536	-0.684786147855579	-2.02406895447846
-0.50397233355285	-0.316618505133904	-0.647943327250202
0.0984465276098698	-0.285534288842577	-0.531117431195312
0.302797056277556	0.574179894256727	0.353053784652268
-0.53456821178013	0.0485816832793776	0.33330871949567
-0.314630648964068	-0.0563586727979602	0.0926767657349329
0.176352681538487	-0.364515620986363	0.589357899333444
0.415158879575463	-0.541009984963444	-0.61849464476351
-0.022279266916921	0.418151719849892	0.140476463531659
0.32659835356242	0.0681859986249183	0.0158415748392127
0.104674024376945	0.85603597932547	0.821218057152998
-0.553270440652774	-1.30624275570992	-0.450899944434117
-0.251757189663913	0.972229008046316	-0.23132857428251
0.280585334636868	0.0403492036065232	-0.319266895737127
0.757438281229236	0.778861678965695	-0.0473857126527692
-0.0988346910931866	-0.172917422239999	0.91902839483116
0.00369489944121885	1.04092955421013	0.105755769211411
1.23779218110431	-0.276427736772116	0.0483649124802127
-0.32702363443326	0.498868133354426	1.15192338049551
0.0192466072477299	-0.1372744376854	-0.612051858788027
-0.125627065037502	-1.10605431117767	0.469999102189893
-0.168335895082343	-0.146941074708876	-0.944630387416869
-0.0368541687038432	0.139758431956352	0.757117477524814
-0.495249834924907	-0.0847594391738003	-0.0529290755861735
0.623375617106038	0.534826610309297	0.116078730999255
0.302696071154814	-0.0396136111404517	0.0642186914332328
0.0353898759191485	-0.451842451918945	-0.812636354226649
0.306638614771629	0.402401227086849	1.10486431741077
-0.0435753232310916	0.107394823895783	-1.44791005699955
-0.0504335506592946	0.171717187547347	0.232909472690744
0.0769115741140065	-0.784040151020018	-0.137893700380152
0.796225991073825	0.519593121730866	-0.9204862059883
0.46001842406167	-0.284485774750697	0.67275139213522
-0.69522671082557	-0.664350804027094	0.880668994182048
-0.138091511577102	-0.141198481592349	0.197572334072778
0.233123248404566	1.31522742523222	0.217460052297403
0.300459515161993	0.0698639092675963	0.788295681087523
0.0147966861112533	0.259008727391158	0.219542395231918
0.448353412872367	0.290871901936505	1.01091026996491
-0.215326620268905	-1.17641584039934	-1.01763092987883
-0.924291851865976	-0.494806648838437	-1.21575176424604
-0.532506440071133	-0.0206076655337007	-0.841215574818833
0.0200027485810528	-0.7355725126156	-0.256540847465506
-0.426774395117291	-0.288826076774801	0.463478679912318
0.223304289630915	1.05060640863834	0.0788924321628371
0.111644686503707	0.328707449771811	-0.11073590152808
0.177786576243877	-0.158611709403115	0.945624107477678
0.23615760754991	-0.502462650528894	-0.669762388766273
-0.190442263686382	0.805586438430728	0.77202496891657
0.416589933912755	0.353202036418201	1.2710012570014
0.0877773585091277	-0.282909570429523	0.365021977473077
-0.237560812198676	0.584800243972927	-0.412039621138294
-0.273452332220435	0.53521153811828	-0.238923981329302
-0.160417093510773	-0.324721520147797	-0.56291937578129
-0.814984761941254	-0.873661101478425	-0.475202642103307
-0.215317719424207	0.398293090605805	0.0139670172352851
-0.00820269780420673	-0.846783744124547	-0.915926786800153
0.163884271700705	-0.0306026931788606	-0.107325807726803
0.727597834057716	0.438146825745492	0.391166564694191
