IFG	Ins	Put	VS
0.199348491968522	0.0960999122670466	0.158279209383304	-0.893523409477072
0.928591088034211	-0.0490623564858985	-0.299959931951767	0.132543151225119
0.456534534259053	1.10962275927507	-0.0103404114819942	0.503173188391561
0.586632907221791	0.149709807836668	0.0809975144290715	1.00586576152374
0.960698853452136	0.456843366209805	-0.356229340357501	0.900052079922242
-0.493094620866011	-0.671602156425096	0.375429549134275	-0.565909010513057
-0.0551814291398233	-0.180515354135404	0.553393080607988	0.375555158014915
-0.806543479840194	-1.54499005855356	-0.484719332436664	-0.677257905867186
-0.139414938713226	-0.61136150194802	-0.174151002177422	0.36077772168665
-0.604085470537842	0.522230462428219	0.0890482693922081	0.510929457567231
0.24348440894039	1.07350982969459	-0.105451774172089	-0.481925495400469
-1.08099502336714	0.162383732878377	0.109782576070538	-0.187828283409728
-1.27441289242766	-0.723224773460667	-0.85393409319389	-0.0758559724156514
0.591415751039734	0.862726325857566	-0.21739321608728	0.460415556541407
-0.291571776215024	0.530104082963706	1.0359672334538	-0.363676367283516
-0.137476142679194	-1.32158446419106	-0.258687296977207	0.401009130580967
0.114528345999228	-0.328579354320184	0.444362554171397	-0.818768847042233
-0.0705903097318296	-0.605806849656713	-0.301815065188174	-0.158247989208132
0.120499382542628	-0.953958028563642	-0.580800755430788	-0.368234780288022
-0.202543440220055	0.403237043762073	-0.146650226861106	-0.319382994407963
-0.231379095533361	0.163417269017152	0.542609700882723	-0.232072182094829
0.425678241785039	0.480822765256772	0.16814667632385	0.524729388191681
-0.787272998544749	-0.0928198356148316	0.222942289548984	-0.969454585374542
0.537097557200467	0.597195890052605	-0.248846623716644	0.422935293526751
0.919656441981339	-0.149287073599519	-0.0488094483084587	0.233685262901043
0.194999761629021	0.661261545049647	-0.219596369179326	0.645734136607447
-0.536738214817236	-0.0537983523844397	0.848615661572898	0.8093078909393
0.209922572600848	-0.773775533895353	0.05142369486265	-0.649416751050782
0.22106989622438	0.0796450801437474	-0.613195734139337	-0.660244428730192
-0.693840787972932	0.255235869613464	-0.508745781291879	-0.208771695480958
1.20396862732871	-0.217148721132792	0.125464953557508	-0.363071109648961
-0.00566544505798475	1.37995445237972	-0.10487552678627	0.0220096056590674
0.485963120519854	-0.209639469175377	-0.451857926992543	0.291500196230904
-0.415953989798146	0.133425319863671	0.942266186944375	-1.08737184271905
0.357865054058179	0.783977923568975	1.11062857608058	0.710572607362213
-0.576765797972254	-0.3588336358001	-0.418543820686703	-0.0819499556625781
0.601596876139957	-0.524568970054686	-0.122222639637206	0.893522673613834
0.200111114463403	0.261121527737849	-0.414959639603985	0.485267402574653
0.00274203193684827	0.0194276254400273	0.56975849683959	-0.436948524946284
0.513659301408537	-0.246265157612294	0.257011724995818	-0.273905299672557
0.00472942445975119	0.749951285466745	0.124013041747838	0.947769206033997
-0.0497039203163256	-0.116168041804942	1.00504465205741	-0.772120854144669
-0.308451766887983	0.603555935728648	0.491740283329193	-0.69620288900215
-0.144159623465132	-0.85165645702298	0.503566162363392	0.873398243483742
0.0539408101254317	-0.183889586638642	0.0197919338590753	-1.10172722379623
-2.05496834675696	-1.20523471096703	0.177142089820138	0.357725209331705
-0.701347194257832	0.432703174155306	-1.37398745284751	0.0841358982068196
-0.220710028772656	0.346196584275592	-0.522930630794977	0.285772107291667
-0.637136027278645	-0.0267526447303282	0.111253319295216	0.862635918246164
-0.216155739148823	-0.303877384442791	-1.4154430899768	-0.175860433289735
0.144555342480982	-0.464151346542865	0.0949523571447792	0.499997445339687
0.110510620944452	0.620414930408897	-0.379195369973727	-1.04750852381341
0.345249294727847	-0.0746573181980417	-0.895506037840983	-0.207700437885987
0.761026170828175	0.5745419954266	-0.534815631322058	-0.432115816834106
0.365016949007504	0.580793938305194	0.0535410912502702	0.223641290355588
1.65212963236756	-0.880173933244296	1.00022039666911	0.523789240171428
-0.228031170705987	-1.35485188877675	-0.460314144825612	0.0707490704254077
0.8593307759811	0.090278408244957	-0.962705270920403	0.232669969005449
-0.672051228244239	0.0352634191518492	0.632958508717605	-0.333218622189727
-0.718505834913971	-0.14737573257201	-0.0706331788517996	-0.211659846227353
0.131977882554869	-0.506750808694801	0.243455521468649	0.192482794048813
-0.528981120285388	1.01945858335863	0.461975544399533	-0.355864544106881
0.273045258348842	0.0404331830126415	-0.736217772060161	0.109823371551641
-0.38995277305323	-0.575044651238681	0.208140011654636	0.0516791787486816
1.01810647597769	-0.0462791227344683	1.63918142451138	0.260384086612807
-0.00017296466931739	0.0991668955911729	9.83170244162259e-05	-0.831421503765765
-0.786283264624106	-0.84977444712316	0.192905586267089	1.23030352970435
0.214824076866989	0.0563404265306824	0.0222249857288972	0.280748651845893
-0.433701126571046	0.0407473104816545	-0.345285763664597	-0.605301790332836
0.185473536990892	-0.706333806768083	-0.10791833989442	-0.750000740830282
0.22690931780385	1.08984794277779	0.201213062466406	1.24999905616196
-0.511155656821102	0.737151480863147	-0.193801126519811	-0.0588670597378638
0.0581370604110289	0.972048022287804	-0.165135030647272	-0.11371141573303
-0.0604185488888144	-0.0951655373864411	0.319458868469953	0.499682444144206
0.568462465216993	0.101904447225861	0.510361260050505	-0.0902599292984564
1.06135833363111	0.635515352177793	0.113317758840103	0.683628238194564
-0.0559570358064817	-0.391282333239532	-0.29547339672703	-0.480933874364095
-0.433003219518123	-0.824776454737119	-0.426323801253139	0.517901779475779
-0.746250728010408	-0.144700361425035	0.586354862686419	0.23089777887314
-0.117636493470167	0.142638393957367	0.520819335441148	-0.599547881033009
0.149271568825085	0.236569581312307	0.147763511530628	0.07431406737493
-0.872600928281292	0.397884406607401	0.0699891921075781	-0.966050848053067
0.971255550696027	0.213282005902724	-1.02406802849462	0.552931087991564
0.422734675525391	0.201217020565194	-0.576824738777624	-0.95168293612548
0.880794135705979	0.34969832647555	-0.585263370419492	0.323772982029694
0.163267850184703	-0.711532186471057	1.4773824827296	-0.125516981706158
0.186444478576239	0.576858783895657	-1.15847343669939	0.557841625733787
-0.0873963964923338	-0.571043504723739	-0.164040177832494	-0.752617086380918
-0.717382716228238	-0.108201370233279	0.748438651632981	0.272241063988407
0.912108807780945	-1.44086916005081	0.0292502500700993	-0.230755797244957
-0.0284558964753406	0.555414660379241	1.82794219941926	-0.789744319780123
-0.403312861289158	0.625606018310465	-0.701820000904938	-0.560476901986275
-0.435545707464843	0.681062552459002	-0.481796363313814	0.272876580708381
-0.49538539955132	0.181017966480789	0.165972206334112	0.768032284389377
-0.557915172057704	0.103820769629098	-0.626395034165433	-0.181023501793669
0.655463200701469	0.783923715572212	-0.198306210869359	-0.114434798568048
0.342614614924441	0.997846466194863	-0.746185799842099	0.972144978033438
0.371796191931037	-0.366624537910529	0.230362322463664	-0.00407163969973069
-1.14546095131663	-0.218116187070485	0.10084410531402	-0.443366111180339
0.0629143697400629	-1.72204959018964	-0.150502627587165	0.219095366999331
-0.442092585294284	0.12177614219359	-0.185832625734596	0.868577114913508
-0.603882470276789	-0.34060311393077	0.244645540022213	-1.16074109177879
0.463995559202313	-0.0335702532756793	0.803119205287394	-0.373164076242243
0.860240050326758	0.357378026684695	0.117797655987989	0.635691716615185
-0.517671865377037	-0.193827709910209	0.679950647861409	-0.121102906260301
-1.83097458748796	-1.42022820746407	-0.189298189692243	-0.189730917175316
0.108380757860886	-1.23891868702506	-0.582012537042009	0.479196339518755
-0.449852568562428	1.25552215931915	-0.0999935254433205	0.0445139655683446
0.329458675805439	-0.0482532715178783	0.773176986951003	0.314849005661901
-0.416777436985486	-0.631182545545275	-0.551724702970886	-0.109608701502785
-0.644713662338391	-0.417997245673143	0.78099321105393	-0.30669006033
0.200070236924018	-0.154847453678353	-0.205463953743143	-0.870374030865885
0.541760028548968	0.809293510281267	-0.188077250161102	0.00683427577404607
0.0938574597132215	-0.394413281839545	-0.505024924374597	-0.0783828509129357
0.488616630227566	0.496649718892818	-0.796740527270724	-0.570877251588605
0.170145386880501	-0.585695509697225	0.147899547028884	0.123814288257644
0.594083620355685	0.223998012302119	0.108749885481108	0.303390132610947
0.798859071090972	0.485134457024242	0.240327997117237	1.17436766603339
0.138081492134931	0.283186685903267	-0.479756516068989	-0.110643317408536
0.690819626573435	-0.334376050117026	-0.322852558628541	0.476645034930111
0.0235206710029998	0.395374808234664	-0.0985989973756217	-0.632699863918734
0.112232107246011	-0.0958915927131753	-0.427398905354504	-0.0535493435374737
-0.113955296261727	-0.727527080254384	1.2102597975664	-0.111004158895188
0.328186768937357	0.156687381276428	-1.6572192339608	1.28583409448189
-0.250260368924433	0.177133967702889	0.0820918975217381	0.121273097920714
0.09888399275766	0.10459981633597	0.656963167155187	-0.205141613236638
0.822350908449266	0.109046468990212	-0.311398930188426	-0.0500087832947362
0.551392487328606	1.141531872744	-0.165141301302549	0.360767422056693
0.251447347285596	0.385501239491949	0.306598460191288	-0.443255172574598
0.370067821712553	0.126343883323173	-0.504455610235248	0.499413523570437
-0.605361462412978	0.198356952741968	1.3689987270735	-0.266067049928911
0.779080108556974	0.783196548254041	-0.0935713748509362	0.73357806484066
-0.943260057244118	-0.189380096643753	0.62634746936732	-1.35100071879103
-0.0134992070103111	-0.302277574344244	0.212365660001004	-0.0525531602034198
-0.657137492562098	-0.0966739342879591	0.0371602920875355	0.616827634836618
-0.223637243838345	0.440484089101094	0.688957127695031	-0.127736792873122
-0.023136638730471	0.16223296821384	-0.577363972621271	0.111056398049032
-0.345346063666957	1.3111647755874	-0.66314951298786	-0.704703489715256
-1.18391050965468	-0.945959955467046	-0.333689945800586	0.170838339513544
-1.1264907548497	-0.4754006713088	0.126108666079686	-0.618672697290214
-0.527601522760617	-0.926871959861894	1.38799179309787	0.350790856069118
-0.603310701578565	0.457613789029196	-0.578299325296884	-1.12496670509492
0.396328166191149	0.213135358143911	0.178546883918138	1.01307543540891
0.452577163423935	0.242926585637047	-0.560247521143189	-0.878846376141193
0.590092562598566	-0.611585032983922	-0.180508777801362	0.130165861877083
0.159105465795674	0.0697138825720721	0.34346280018843	0.315206018573425
-0.220662877071974	-0.55711228621525	0.492757068557401	0.296964111737916
0.34152448041378	-1.77307647184729	0.251391951928511	-0.179143988760266
0.38677135815639	-0.120644101296287	0.628902788294895	0.0815375488576266
0.852770229939402	0.652673344573043	-0.294111680176498	0.222727493518224
0.454844004590041	0.296718203711097	-0.133314111152471	-0.18858206572415
-0.149401399808214	-0.416802317359587	-0.584234559782391	0.174553824986742
-0.452102919383962	0.537157021015435	0.453277171296638	-0.855654753075546
-0.400713797377343	-1.02532801855299	-0.432034246158182	0.567947867783796
-0.0892916772137985	0.278170903432263	-0.488076907180214	-0.485932880679014
-0.64066526196515	-0.539486968603845	0.339604030754625	-0.0111160566071965
0.326925227131928	0.807563146546857	-0.224177465172909	0.509633327191777
1.02619569822846	0.223724663348215	-0.19240088071306	0.189532176650484
-0.0356787907852244	0.361379851681892	0.561377027786083	-1.00014481088512
-0.665364515115788	-0.249488169326971	0.323386745380563	1.7630254194275
0.535344369618336	0.300609242153093	0.079135486775755	0.00315357916522067
0.239507193197198	1.55782272091308	-0.232269201574323	1.13066329891272
-0.0943560014653691	-0.114872266744517	0.269275546800009	0.364234783157393
-0.338879867763754	-0.0854880580411249	0.0616909561622953	0.21403155032018
-0.606907821387439	-0.0660282583905452	-0.548660059499611	0.0946096033680372
-0.379800423966817	-0.48209022964096	0.339500896568141	-0.946314846793131
0.681325727647416	-0.706924444272424	-1.18669574947847	0.74300468361102
-0.0121111406851161	0.285351167471855	0.0583537546447957	-1.86336328276731
0.300188468793986	-0.791013645603534	-1.08622567348134	0.160882085797298
0.0590779404093447	0.315931459694362	-0.751712852301323	-0.57354964530443
-0.510768702963988	-0.920641676776619	1.04354244891699	-0.313522403185735
0.170075885824979	0.594275202724125	1.23294936633433	-0.604896363095933
0.680559415590029	-0.33894602827173	0.408190669472927	0.161977713296628
-0.22714114621065	-0.477040804293482	-1.09327369631785	-1.03721985315429
-0.154189302353769	0.660387561635272	0.00374366751596449	0.704828880927187
-0.191113378980528	-0.244298822420586	-0.896536563124531	0.140611764614562
-0.566083620140216	0.700914428122845	-0.191067497998022	0.464524686575407
0.203546314168936	-0.0329474716885288	-0.745198439897617	-0.619909623478181
-0.367304799290868	-0.764150001106008	-0.144730362565978	-0.0932190446188309
0.59998039317078	0.142115464872094	0.517643136338778	0.53170537337926
-0.154302332403912	-0.566967540570986	-0.274190828566022	0.27434530336984
1.0379499435918	0.0996908331895136	0.927802516966602	-0.00642218670191077
-0.0532515569510821	1.06329690073659	-1.23511387155291	0.357853408884288
0.599168440112134	0.195168724880622	1.30980531392411	-0.203078587386134
0.056978334472637	0.384305472205184	-0.15349601382014	-0.854823605283811
-0.504978798369529	0.10983733316263	0.0388578084983734	0.492502515417338
-0.376124508162958	0.292237964783915	-0.202247918691775	0.0504321939585697
-1.18557861265105	-0.4902765871645	0.311544032705732	0.391182066656657
0.235403349372961	0.859371852121317	1.28082878468801	-0.193370182713495
0.52484551372391	0.201922273247808	-0.406704903198745	0.979024199053543
-0.63006239466117	-0.723826753767882	0.131451915123117	0.441658455857783
-0.641531048105617	-0.368375033797289	0.554737741329442	-1.34461016935489
-0.038602166073062	-0.70802257396457	-0.111208428047271	1.02509190811609
0.6924717013752	0.0118865397974493	-0.335545705637348	-0.594707906843753
0.638255011941095	-0.144937861310019	0.991195285273847	0.980151381822549
0.446955982419863	0.583570070625929	0.768457001273172	0.471893361688144
-0.854738097032592	-0.0423555327681486	-0.21304257128151	-0.212091899155812
1.23344450473379	1.20857038283411	-0.16406541653491	0.719652096138442
-0.0320633412212657	0.722465408618507	0.388365823592472	-0.579765293497175
0.395824564621778	-0.442795508205001	-0.0293131079970987	-0.687661048822995
-0.471894833973629	-0.0118482549102434	0.0268602079795399	-1.06918136650114
-0.781880687897151	-0.339087060786862	0.244763271536724	0.742713617120257
0.4712574813401	-0.624117866022529	1.00911269203969	0.0100519773477725
0.199676016811911	0.769668019774543	-0.57290601332296	-0.0913839336113351
0.76483948541598	-0.035806144610411	0.0884790119689851	0.831071175513266
-0.150920144778642	0.8668910727039	0.15511647734559	1.02701898240597
0.0123464254974826	-0.852493523169259	-0.234198471001326	-0.624381528066048
-0.54933987724003	-0.0334833143536448	0.54811338136924	0.170026129147651
-0.478839051869935	-0.872222599133267	-0.279681539341798	-0.7494923890898
-0.291356396853439	0.167685587107096	-0.590949683715871	-0.607444525537895
-0.713430732593396	-0.764573247518299	-1.27161229714201	-0.82120278132535
-0.332543708877912	-0.33133765652651	-0.760884493552017	0.500375810533566
0.331738006970534	-0.545441920154349	0.202169816515676	0.558770496022391
0.725974688091617	0.448224744714892	0.544590184724944	0.514890322334677
0.090934269743191	0.812862010626986	-0.742963392810211	-0.982837586140354
-1.69864438835605	-0.419333600028836	-0.253665709134678	-0.91641140237061
-0.0701492188570691	-1.52337046839133	-0.218782700103036	-0.330989591294499
-0.0887927649819891	0.935461663007945	1.82729737191272	0.566481332680988
0.754829315980145	0.166113411302055	-0.968368138667692	0.651553509435948
0.241240393472582	0.970316120232085	0.957153905332507	0.526625964530092
0.246914207370154	0.928259429427965	0.709301291108678	0.291886203350817
0.104785173509813	0.893927983888303	0.260511692691581	-0.478960240361427
0.190840683216725	0.394701095426365	0.391383448007174	-0.298407837106078
0.102605541267876	-0.45725840312589	-0.95997412671745	-0.172107406809114
-0.833529518618628	0.230980245736274	0.243678267901741	0.295934273206706
0.649962603708405	-0.656198889539183	-0.824527817849847	-0.0417780300043987
-0.569051131045393	0.3240202025699	0.477130793112176	0.0564282969632283
0.0801328460135314	-0.378363789601328	-0.370503122706041	0.174330519281633
0.0058556853604986	-1.01785312391483	0.262635709975305	0.1454488075106
0.93356698832048	0.557990916392595	-0.546388099555572	-0.229087830085945
0.477099838930662	0.261057694963669	-0.587921749613901	0.411208917771995
0.547884164326085	0.297127539616023	0.315134234278334	0.122533994702626
-0.370580918003787	-0.936439065669382	1.20466786514071	0.224878584269931
-1.01811184234502	-0.247065091889575	-0.646997825179626	0.770385550729962
0.23068036739392	-0.169260408617402	-0.0441368793852047	0.292152505615678
0.545470986592629	0.686262788424497	-0.023460175373213	-0.541844952788332
0.36473667926273	0.444602460278445	-0.265220134011404	-1.05630625316469
-0.153665538316693	-0.220905547733721	0.873600070632004	-0.0693212337407927
0.230713487923041	0.243485518773851	-0.969791250791451	-0.28202572637807
-0.127038081438294	-1.04557202526732	-1.74281763046182	-0.714109917339854
-0.431096542239712	-0.537495679953714	1.21572316206882	-0.405052442673114
0.182621919727624	0.0826077247262985	-0.751964519417286	-0.64077994098359
0.702301605786779	-0.537521293210501	-0.991798214268492	0.46669281713508
-0.774237908022475	0.760775150654683	0.547879931779824	-0.556449600602793
0.00617522378605195	0.0256041516930008	0.0856039265308932	-0.1566267552866
0.20330055841588	0.233337767844333	-0.732271710959475	0.143218352788242
0.386727177512698	0.412114049126714	-0.104627449988785	1.39391595984088
0.584610815395598	-1.25376697598528	0.472517731040449	0.211110470493163
-0.336281368363208	0.345729999170927	0.531717696731048	-0.0977501657980137
-0.0284050190925133	-1.04615521999146	0.466220941873127	0.762010898367747
-0.226766736786825	-0.962945742211294	-0.82681330702168	0.103008103873661
-0.290530635781209	0.892898813021939	0.714235350515281	-0.754791531491404
-0.264465215869441	-0.864034291876838	0.177786794446875	0.312503632061165
0.0863500725644687	1.12123025335764	-0.194280114698251	-0.245262541332686
-0.445977995449753	0.286693588989654	-0.233426989578329	1.16940242224207
-0.287228613194568	-0.611378847602178	0.291853298853308	-0.949013147285366
-0.138674042795982	-0.140574830207871	-0.680011304011766	0.598952184907332
-0.662186876619685	-0.572277718857835	0.862209170381822	-0.471105496732739
0.64063254786792	-0.196975656364045	-0.237438873709555	-0.539219998209554
-0.708710018455666	-0.399517844630029	-1.19342379630776	-0.29520448070389
-0.514958960622014	0.899635037971504	-0.500092491963807	-0.492789684140714
1.14728101512359	1.07484872088715	0.776960265943156	0.764104218591183
-0.098834970610425	0.402305763961854	-0.231088879032919	-0.0448305207061335
-1.04557125414004	-0.207426459664955	0.402766763947032	0.73270820928088
-0.744301416993123	0.147557323894567	-0.067560845041212	-0.272707276093894
0.199350110739242	0.631856067556947	-0.222139957271235	0.00864748957359945
1.07204403362759	0.651701277703733	-0.0490776971864736	0.492977983883336
-1.37199329317694	0.0596248810206562	0.978377110680008	-0.853657656257065
0.993083673117325	0.825225711202006	0.793160782062516	1.15002276010206
0.48378769184318	-0.427809566597901	0.259349797372485	-0.399395808179058
-0.251102401620762	0.72673442384467	0.121882324722316	0.169590877984556
-0.518089476869335	-1.11955045911404	-0.910201006124298	-1.11809768966463
0.00112905719998849	0.0984840900418616	-0.827463371307641	0.487133645874852
0.657184807616196	-0.226288759600869	0.639325908563102	0.0115125039472254
0.73850160365336	0.30264744127978	0.407177932979611	0.209034361185549
0.754482280708388	-0.187899075882503	1.11946798825497	-0.200612554159958
0.00137047011061325	-0.448810753227534	-0.694736530168915	-0.341006181267907
-0.511718975302257	-0.733079833599764	-0.0510587998240115	0.430219409832201
-0.236874624154697	-0.298473978131059	-0.149035225993687	-0.740826334984469
0.211802117256843	-0.380398816198998	-0.876830311360742	0.574244698334696
1.39665853388373	-0.071776591159755	1.15866324753961	0.166012142052502
0.503452596715821	1.10054943413109	-0.471515071956858	-0.289138658997718
0.424226423025882	-0.196365274908383	1.13968208960895	-0.161649182499984
-0.636330810741219	-0.110231995877768	-0.651138804474202	-0.500717231191843
-0.312777175962442	-0.104486287245973	-0.0645915682949718	-0.39131449621432
0.314347044074201	-0.505650124920108	0.364121676797502	-0.254607500341699
-0.0110130210983482	0.474659680488544	0.179335498064512	0.230531652218078
-0.431316540230864	-0.608735842701897	0.145940572550391	0.940128246155276
-0.0252990414735097	0.399993600932008	0.517758312462731	0.457945916783985
-0.729585269418163	0.0741882132848378	0.704932989898019	-0.713077520885039
-0.228478581703163	0.462490969926768	-0.869737976760934	0.668358999818871
0.416302507703936	-0.293890965282355	-0.306767405144738	-0.0233398646214021
-0.672541369659856	0.708650333669546	-0.697373297883945	-0.870376766073623
-0.661309416350328	0.530963970681527	-0.816820380072201	1.36447045544689
0.93391638173095	-0.342598946465211	-0.993886590617112	-0.124235832208684
-0.18966737966614	0.997565387764258	0.646239215775648	1.09121244574637
0.220051641263931	-0.174029235709394	0.333873818058222	-0.900976200450274
0.499564086632814	0.20029244553554	0.446970951018666	-0.454512371638337
1.06613473371329	0.391539429563667	0.662655427186733	0.327830222177361
0.190865020768209	1.04652005863898	-0.169662878776239	1.49926924800825
-0.197646524067161	-1.81134878663373	-0.592796791316627	-0.183201825851735
-0.609581719808873	-0.0758633876398799	0.135798600128202	-0.703172159715338
-0.779395065939563	-1.81983242830058	-0.391847482431988	-0.174484037911051
-0.542902200087024	0.43302866790534	-0.373001644815886	-1.26635855589178
-0.207362271704981	-0.475802299703549	0.916060396262732	0.262041927676568
0.0799896708529879	0.173662416937153	-0.855720860948399	-0.542090983831841
-0.262103861504539	-0.131730661010208	-0.31221523278435	-0.0795739438307349
-0.122585711545568	0.044340110216207	0.470186790012297	-0.213961871404795
-0.224129409667041	-0.920587576453068	0.221216202613425	0.090025583626508
0.414152367522088	0.462252244705416	-0.518279602732349	-0.412062032859889
0.569471051962986	0.275909476448108	0.196775187424147	0.227634132212219
-0.00707947948687647	1.04580147121374	0.663866435813079	-0.166919165711398
-0.179256178498505	-0.0257062159399206	0.169120133804423	1.19239803425448
-0.0274198124562278	-0.761503562813493	-2.08018225951293	-0.538399051653612
-0.438213055875256	-0.603275352688629	1.03253575361335	0.688233926182334
-0.137959195493388	0.342448519295666	-0.104047426180221	0.287616175196124
0.779036329676083	-0.0726672409891814	0.32320612066987	-0.476318791345655
0.465742760342126	-0.0525135707049884	0.865784567250217	0.489873364859614
0.0908380610648867	-0.136771328137045	-0.036725030218942	-0.140957998028374
-0.89953903858316	0.475777522399057	-0.0953632015475989	0.322295466406547
-0.696909926070813	0.134246868029333	-0.829769436183955	-0.62665314192358
0.300861279818141	0.949073251333834	0.574153193474873	-0.0183023932699181
-0.372079237987356	-0.222268125735995	0.614358509967028	-1.1727932938839
-0.152080175423088	-0.193661213349932	-0.811383815515352	1.10393794573269
-0.0109823206886942	0.441826641013711	-0.622561019106336	0.642963521375454
-0.507554375973948	-0.670924138542293	-0.871512380353723	-0.395966000020383
-0.138132650224534	0.0316244946945562	1.36046052600984	0.569975777088751
0.683386603807367	-0.376022203192657	0.549068574887432	-0.669309791377466
-0.260618480315184	0.118022236291072	0.507481437736907	-0.0802745299743748
0.624079523403035	-0.0902124752525876	-0.556562233564662	1.06160256916681
-0.764551026923482	-0.856553102542182	-0.754566234695913	-0.917406450357552
-0.452686363033207	-0.775349798371127	-0.812066662880724	-0.358021637943492
0.419772011163355	0.793206364921515	-0.731998651428717	-0.455141797887406
-0.0236326800755765	-0.210046807557758	-0.227141400436576	0.0196384789320266
1.77972284652295	0.709887504465162	0.605174408529522	0.447439781354818
0.591438506478511	0.189720486009098	0.8414250953855	-0.554729875119463
-0.350684415398614	0.146808823654412	0.0187605558211239	0.273377936650786
0.540643859746385	0.158129888904817	0.775728369751696	-0.965146207908087
-0.441413185703969	0.55262454885905	-0.340687125522062	-0.245941990836559
1.40892464546673	-0.0995779656346191	0.67416332130386	0.940096178254301
0.124594228661344	0.715179569627693	-1.04760703310454	0.0575110245677948
-0.377150788446484	-0.674561962834851	0.728138326467591	-0.985864910226369
-0.276179103227685	-0.160487452708177	0.0895924108096627	0.0952432211177875
-1.02977605067757	0.223081622393919	0.213395783078503	-1.00351264021902
0.843132751095753	-0.407851385859099	-0.00614290948517555	1.0607396961989
-0.25411910935762	0.517452974452687	-0.823066046536001	-0.0831039425793057
-0.08316034369878	-1.18660401965774	0.38381900024028	0.545837873701887
0.212544871242987	0.0313535168027136	-0.494562844761413	0.683249072544282
0.83166502015889	1.39153108311515	0.144117138535859	-0.201737628744452
0.372158601713733	0.583243927084231	1.5731915225208	1.16407168039948
0.535958499334257	0.592816979115237	0.243429258375433	1.40446770779115
-0.443508427846406	-0.373930333866476	0.241735011046989	0.367072311780762
0.387816729281778	0.447106998926446	0.0480916371569433	-0.739706987105925
-0.566322184150462	-0.345388934787836	-0.208702828868244	0.114167139795025
-0.616131976138298	0.0514190804852009	0.788799631218023	0.628993057398981
-1.22010008562052	-0.931233184948832	-0.109366462976715	-0.119039169724193
-1.62199164709452	-0.981528031264351	-0.632979363595047	0.263425619931979
-0.254175570326573	0.458957261096229	-0.307068457921563	-0.806472224254093
0.0075348821596257	0.708638137245831	0.104058911796493	-0.0732717276372647
-0.754743984112997	-0.720629584283322	-0.466414615888555	-1.14508459492011
0.317740651833319	0.662629979430436	0.224454353792108	0.14687462563081
0.77005506509675	-0.478857444173781	0.0107569378240706	-0.0658830019482237
0.541326092157275	-0.00889731842426389	0.0967599640795486	0.480066906327778
0.22136234520083	-0.310776421607715	-0.179240068001746	-0.916567425037096
0.0177757854501412	0.846893706886706	-0.332292317942655	-0.947761982551168
0.450882196620176	0.0140907317206272	-0.662745785679046	0.340996175017783
-0.102812303597413	0.216357038491433	-0.595956646147688	0.558229566924425
0.137580788793879	-0.323309323127264	0.478427247529285	-0.708927722144153
0.0082539470630803	-0.404187043714237	-0.276046350648327	-0.434733288450009
0.485982751436918	-0.016090675904561	0.224770738753234	0.143832069729693
-0.256572126937475	-0.629838100627156	0.159844927515814	-0.121944372168353
-0.311433365271666	-0.578621516071082	0.509818255951941	0.98294354895598
0.650026364250688	-0.967447061198481	0.244921284287752	0.795236411140891
-1.15805246211897	0.221437155765498	-0.218228051901503	-1.20233433668894
-0.107383398287621	0.820700929059096	-0.853766824050387	-0.763005254237011
-0.623454661072754	0.0775714525051834	1.65761007452012	0.414259912797938
0.606485787971905	-0.000365990289963771	-0.336805790649934	0.338978331578532
0.114754968616288	0.271869722204917	-0.382467270990746	0.354268068990525
1.0739649819825	-0.349264840172705	-1.02706901300586	-0.50903730348454
-0.77819721520062	1.14249488099546	0.389798077988493	-0.361451579135483
-0.517116480794089	-0.857179092702062	0.477787436115767	0.187813161364525
-0.594463075346696	-0.593908033691438	-1.31186502716617	-1.03098836971964
-0.125261979708073	0.12044387626242	-0.712562352086703	0.233156523073367
0.270689202990284	-0.0739808618420976	0.0138210695700222	-0.195719102164474
0.119124676139548	-0.294370917908777	0.779576140483956	0.255193675001846
0.171118075988628	-1.07334742960602	-1.75243672082774	0.276007132550779
0.207263096864292	-0.277804966816569	0.32812552610054	0.117477183038504
0.364714947147459	1.12220042599528	-0.462691251683158	1.24113848655424
0.634985977859875	-0.647443189040216	-0.419132884883007	0.46997228727638
-0.558014736001632	0.688834088576165	1.38108467211055	-0.829987455048439
0.26467252992957	0.46232006815502	-1.13426002910146	-0.0501856850784295
0.460777982991417	0.75296585141721	0.270629990041512	0.167684473727311
1.35300730736889	1.14944063286115	1.38990821142623	0.787695192717023
1.01172561003847	0.694546699572306	0.525118668017124	-0.0794772526482896
-0.0562656154060365	0.0783603169973255	0.0197050465446612	0.652948128473041
-0.964978797935965	-0.668104522649256	0.0674488346225806	0.100764248344376
-0.633597325418916	-0.544120921345141	-1.18162984464518	-0.323276944274616
-0.518171911314059	-0.331877628615493	1.32616909413084	-1.11125642444647
0.119123193172853	0.359163506990542	-0.962693700618479	0.427346733866815
-1.26478502453737	0.00932375946491227	0.724591723234449	-0.18859209352221
0.559657037926547	-0.69006471469832	0.85605889916845	-0.313252043075577
-0.599866945386901	-0.0149615485551118	0.425993107256509	-0.0415387847760302
0.414210930366345	0.939006236197276	0.42307197733095	0.901920942839787
-0.183777152066769	0.401801385330679	0.370962863746197	0.205590461783963
-0.371835383191019	-1.19129367506014	0.347320494533769	-0.475266726692316
0.0234198252679867	0.404822984031725	0.608145366933899	0.344019073276055
-0.535956201642014	0.171765745007263	-0.0896441673885409	-0.809838252889367
1.31379723782073	1.26424259892642	0.729751366111023	0.774189993845453
0.0753335393123785	0.692814161192195	0.550410689410303	1.25343616813717
0.882895038201106	0.124144411506118	0.0715681659397322	-1.29406990615024
0.420365402253028	-0.587578420645381	-1.1661295577556	-0.757554684058918
-0.701639085281824	-0.346149894937535	-0.228209683492872	-0.509275631528817
-0.581072829027787	-1.51715912037935	-1.41479879866132	0.347525044559819
-0.0122434064563988	-0.147177462500561	-0.180700125625446	-0.427908834958566
0.532922950061378	0.47437293771168	0.542389163920727	0.697584493004493
0.742581852145863	-0.482515916224999	0.349266202009193	0.517588757983016
-0.0747923135250525	0.682040317311895	-0.488247822174198	-0.0220615437626558
-0.720343726340797	-0.542191532918489	0.213926128047855	-0.338163040276279
-1.23502023645583	-0.864440753076372	-0.444136922552237	-0.703959400443318
-0.14566680244033	-0.034043279223331	-0.908324546013247	0.174143001544296
0.265435181343721	-0.129661142836471	-0.825755775291103	0.270228312417626
-0.365520922923896	0.114247037192898	0.675502826827472	-1.13101449001456
0.480950195163338	-0.582774552243315	-0.238941739106946	-0.299625150567975
-0.465847729215781	0.329325904183197	-0.145824253541485	0.467878052414283
-0.144310646533855	-0.629917834859798	-0.690568716353907	0.0647758629850077
-0.258738347942303	0.331011172547479	0.620265011359988	-0.032151442594217
-0.394929140896212	-0.275392751355774	0.607266898560702	-0.0141892505651117
-0.496650747225074	-0.190235328234674	-0.0375356634519632	-0.77278101463999
1.30581151435752	0.880940477022068	-0.0852634684379611	0.906282622929483
0.873781356293981	0.920279157672178	0.289269259003404	0.836323913998221
1.10890269188997	0.740138703940204	0.143358778555726	1.25302151028258
0.380070397261748	0.51204787306556	0.116483859861211	0.100710848646938
0.331271596194619	0.832745735484053	0.102601702891208	-0.10636077699698
0.841837865631462	0.464557875690615	-0.690149305851843	0.386372167114097
0.561624965596222	-2.26538948857275	0.550626257591962	-1.42622919665407
0.321034078413806	0.82506355896246	-0.885178606785412	1.26455656067293
-0.146374398401604	0.344090081760998	0.272682323191489	0.508091081433692
-0.362955375967132	0.851565342611636	-0.0231612476644334	1.15714384572207
-1.40123050998659	-1.07084668745518	0.658763830168052	-1.26139276562468
-0.433697287087648	-0.19155628447885	-0.611282948129157	-0.0366095370149524
-0.0965701634017015	0.383623454049202	0.463504410020805	-0.41474724983689
-0.2639381495887	-0.686100624336523	-0.590195216972582	-0.339545879631655
-0.580180717898551	0.457059300621956	0.557375720439942	-1.10108969046153
-0.799215926415965	-0.0231375220899007	0.569006368623878	0.155055088607163
0.55326396462819	-0.184022927856518	0.0454177435638454	0.413471434808105
0.585216461990299	-1.39191757037324	0.156037432651162	0.358107979086117
0.218859644186691	0.210243355981703	-0.757727665089694	-0.620982528369838
0.612632885119313	-0.193922772127905	0.420565033467685	-0.253497894819582
-0.306164186607734	0.854425948039757	-0.385820559405768	0.122062628313136
-1.1713988785198	-0.0380747798835069	0.79118575834895	0.340761092933097
-0.940718909508899	-1.42971877331115	-1.14401959098226	-1.37407580272104
0.420097132441796	0.44510142194962	0.307207330496423	0.0534402964344837
0.688219036278699	1.03189635704887	-1.03584663562101	-0.437776818938974
-0.44348160408801	-0.399560732658085	0.520154147451915	0.327583794854783
-0.0190805896709806	0.0832513055671253	0.47460209910779	0.621811608054509
0.535323505492022	-0.518254159083159	0.319762353494898	1.22953802299257
0.815412645271401	0.926520596579644	-0.119474077761713	-0.242289804677051
0.510053869891028	0.602675653333575	0.24081765102613	-0.557072593632291
-0.35555614059866	0.180168981669567	-0.853179812051641	-0.336879574795256
0.000576226712578714	-0.0040670262926786	0.0154362488692139	0.91663809295542
-0.687128143499525	-1.190512631037	-0.186130671936363	-0.45883268821135
-0.266583185047644	-0.594436196270256	0.52822468455249	0.566010759848312
-0.289657555450489	0.256922137117219	0.00165289948764847	-0.295671040991849
-0.575620992539896	0.100397302973176	0.47752942400931	-1.00328046589825
-0.873540506665244	-0.30893229446785	0.367004002072878	0.883981970582363
-0.131111494133533	-0.697295288072006	-1.0531707935828	0.429646173111031
-0.200114211983089	0.36288674374707	0.268833523841136	-0.383410632414984
0.301249438764965	0.243796275401542	-0.473471542016656	-0.978485032759949
0.476927601019388	0.589378990880953	-0.0507802827148215	0.568186895664409
-0.375379149207712	0.539468734485151	-0.469169833060645	0.06102143525252
-0.967348765095209	-0.965234455635246	0.878340257284991	0.529075613297921
-0.314457040039533	-0.800139730326774	-0.215480648875327	-1.900492732003
-0.0719035755151182	0.173231449436795	0.0169582450472246	-0.607365596908398
0.336710547625526	0.356847185711799	0.146331068069355	0.444878111769136
0.238430022209575	-0.676526717226685	0.00358768647236366	-0.179058469885769
0.797024234572214	-0.438270992779487	0.281342654868003	-0.147324886205441
0.298296290033847	-0.381297203422957	-0.151634298948961	-0.496726486559913
-0.455138868500647	-0.066864214263607	0.262322263692597	-0.196020625583989
0.085268447455441	0.186554511466822	-0.763637427111189	-0.102071743936073
0.369394571576102	-0.136114535969368	-0.514303254480117	1.09419483756085
1.2765976122109	-0.270150816281276	-0.232026805744532	0.510029691620781
1.30217986433303	0.447227321913091	1.14461230614853	0.729680594911681
-0.0887318285290538	0.522562829132733	0.114978487630391	-0.158306891171888
0.768260118746014	0.331809929757134	-0.293472740373937	0.755547736076334
-0.307860136914289	1.12975670195828	0.857394274661263	-0.139891852068776
-0.757499042807973	-0.536696105830133	-0.0704714596643444	1.05069874586602
0.0635063016562564	0.794418632744189	0.5639911291988	0.186438090054937
-0.473585927614376	1.25047585309386	0.544741210249498	-0.669488629379011
0.592778246358698	0.354280175957257	0.485913523525624	0.167708770111852
-0.330728736970664	0.437696032082966	-0.605209713983072	0.514915986726349
0.935482292628021	-0.354163900495242	-0.699815557504971	-0.908786587288714
-0.0894599428823125	-0.0888773423738674	0.631533011933562	0.708199126951288
0.420111395852005	0.533933834015454	-0.172189743623394	-0.413861145220599
-0.452184853272407	-0.591435595672311	-1.08941178653029	-0.506788605206207
-0.333264261391958	-0.369163446061378	0.28550468750166	-0.669718225982928
0.132432300007004	-0.835931892308483	-1.09539932522725	-0.0174988849324384
-0.150889251782711	0.333630756576674	0.201498405000936	-0.0222878015530854
0.254441782053037	-0.0362500711235043	-0.43109827380899	0.954902669909725
-0.542445518776895	0.29389651001573	-0.382357857370663	-0.262372422523987
-1.34082076755384	-0.979821304171573	0.184306875737055	0.158269560707296
-0.662618785015222	0.0340554974185218	-0.0382569179448823	-0.955138701397218
-1.06322895687194	-1.15180261408769	-0.465473191024479	0.601528688417037
0.0926398839695227	0.541074481231868	0.177845974377793	-0.443882790330491
0.962586009364747	1.15497703568481	1.3442825557045	1.41627943973627
-0.0581002187851929	-0.782314250234769	0.0523933370868061	-0.917627650477724
0.134992800802302	0.585065144098099	0.0570632873278147	0.290888219041776
0.10561993150669	-0.652033475746143	0.297853943557709	-0.997632130538254
0.845379737539814	0.187818122190467	0.524587446544684	1.375738164301
-0.548698526084101	-0.46230321903515	-0.144147526746064	-0.174591797713291
-0.144593099112678	-0.290698885433421	0.694436623618193	-0.483937889942298
0.543551628958548	0.666935761491178	-0.234954585351669	-0.019046706353339
0.608926238811205	0.0112525783151387	0.0789642297007221	0.55085714433975
0.861316602584128	0.41387010884343	-1.79096501915248	0.695247898512185
-0.172125652315971	-0.393426114937965	0.411143030258481	0.890851159445074
-0.47696405438743	-0.150232918043893	-0.107033844575724	-1.00178035112315
-1.14148281168015	0.446762062989001	-0.461461075408412	0.438424148032164
-0.572626365449473	0.407292423902358	0.140169831984944	0.0995131698923966
-1.0063940321602	-0.750820664987232	-0.0626067946800583	-1.91293471554683
0.336279076201338	-0.462501174895551	0.933152965828536	-1.5060831155764
0.129040449552011	-1.32626721394592	-1.6287179386464	1.32906858324171
-0.851221662053968	-0.371551940544355	0.732360749079501	-0.661271018754189
0.214221999767666	-0.655263107844407	-1.4903298985493	-0.0551239325080468
2.20020273958373	2.71865925520631	1.98960428685636	1.28529188774491
-0.345384187708612	-1.57782157191455	0.826065821172152	-1.5453850891936
-0.578056051654982	0.372926837547387	-1.1572736458681	0.168904343712075
0.484071777998267	0.987947592071311	-0.142170690919133	0.564959647468679
0.597891060958177	-0.81171232825708	0.268256169231694	-0.544284685729964
-0.0671557555140652	0.232745376700812	0.223894033614627	-0.38779357227647
0.655779368501307	0.246796207927702	0.753163274357655	-0.617991629781152
0.882324189835539	2.06894760007236	0.0404397080569486	1.00182818747284
-0.0592187912786954	0.578641023993979	-0.880869751817829	0.519367495421987
-0.401290236410004	-0.86769724357878	0.524276184579992	-0.403569000402236
-0.583604960167486	-0.686703792849842	0.0218973202456699	0.103540269658483
-0.326532532549805	-0.340260463824273	-0.495386832120751	0.338539885328297
-0.16939529742663	0.0894340230198399	0.125819540074822	-0.223295954666809
-0.598138044690691	-0.809337713900176	0.138253823523754	0.24696096056724
-0.000790841769608274	0.148432559931815	0.117546379087151	-0.488686365835613
-0.04155264348607	0.122667805647655	-0.445212466127615	0.819284404548034
-0.245592386950129	-0.0102335683004532	0.781520372557429	0.0399738415985946
0.63120641217286	0.336582236095287	0.190260826798028	-0.0592314989841015
-0.221426956723339	-0.377549456655485	0.633879592297541	0.787036559109795
-0.174742499640662	-0.025592556713649	-1.15662575232726	-0.00393316578542258
-0.180075492530218	0.307855038017522	0.454232683632046	-0.768357804679117
0.281558308472952	-0.382497861095077	-0.171129163142015	-0.0969984409260978
-0.200161671801562	-0.770071795482303	-0.00207158434674491	-0.220904164438167
0.234282672400063	0.424796129045906	-0.159308739666641	0.609187598990914
0.414929228813439	0.340497736957819	0.409440243018882	-0.0741165353976322
0.0762763663318817	0.718740133882558	-1.16353836777222	0.0572258631922248
0.769412440680019	0.0312837073946329	0.184564406793705	0.0968045887804514
-0.655589024286675	-0.398584564289177	-0.109984017536756	-0.205417319390338
0.520988001344136	0.0327868695733442	0.143802858864784	1.1085452510119
-0.642483358329317	0.522172866235751	-1.17133282666279	0.0330298786414789
-0.197820490138836	0.49148052220893	0.62030764304451	-1.18258763712013
-1.26931367844251	-0.846882938841476	0.472456549940681	0.167318457288008
-0.223734630103661	0.575423839157495	0.174795111891353	-0.802543459589299
1.11381403594924	0.356952417233301	-0.111699882538699	-0.145289315184192
0.992441516563314	0.868692744012091	0.281226099508128	1.06712884279522
0.103852564583388	-1.10861914962044	0.109876979453035	-0.558672696242932
-0.318882707675536	-0.650819451731782	-0.0882554808309132	0.0504783809539988
0.0735322566923677	-0.422634830270865	-0.398464297411856	0.113332082412043
-0.0892798817850871	0.34465148218357	-0.0703403609404474	1.11675162625678
-0.0261848196217997	0.631530988693808	0.34571498260993	0.0672644699836583
0.0331046014049718	-0.576516422098833	0.42618495608447	0.0606556723168065
-0.779684477178246	-0.0927492311711663	-0.722454823049413	0.437642052110417
0.795389855858826	-0.0925543587721534	0.278260794881718	-0.0127003684598192
-1.16060529480321	-0.0838688825708385	-0.109085413898308	-0.706706076859453
-0.282743410595769	-1.0153785221074	0.95579432483503	-0.372507570212011
-0.253094864299996	0.531209695495908	-1.04023458475083	0.276115808253812
0.428094925620456	-0.140936894292738	-0.0250213553448447	-0.60173550453304
0.498450982779317	-0.203056668939242	-0.1440222090051	-0.255873652630187
1.24404660754526	-0.0258253632727799	0.344616799408872	-0.552495034558429
-0.163815970317637	0.384144910102503	-0.355580195707924	-0.492438355831404
-0.485231197768036	0.135831288543174	0.552170371688388	1.62219841622105
-0.484429698705852	-0.165333566165852	-0.473075152603363	-0.548470848294462
0.0580603659463588	-0.208388835716733	0.0271951967811516	0.184983391612606
0.191656234008713	0.686042287034588	-0.348089282021476	-0.0762674730994807
-0.670353610797806	-0.875375378720602	0.897806153611726	-0.439568741152701
0.109782340455681	1.04824114761659	-0.244106662708648	0.487296439178173
0.366466380279189	0.252548593517333	0.444553681412698	0.324860347048847
0.339582533575956	0.198592751613904	-0.410355583290528	-0.277096702704193
0.102833318221238	-0.383623190884177	0.0838274284956897	-1.2524690843362
0.914724281865075	0.574822971853015	0.492814513650922	0.39029801564399
-0.312077699939867	0.570792727533266	-0.0177210681720921	0.178024338782549
0.166695754238975	-0.444935222811035	-1.35365176018673	-0.424698637387826
0.58362563042143	1.04279729078942	0.138572196897414	0.092867694870947
-0.257755839711704	0.302923700943446	0.250564963379806	0.266069790050371
-0.591009818415704	-0.651144277247575	-1.12865911103531	-0.0913553728338956
-0.0356218385677554	-0.627219175783444	0.794746745931744	-0.0961695742454813
-0.114049665457186	0.452354354693824	-0.748872894577225	0.0861997728233944
0.0718033398028385	-0.0979594041431208	0.29338872032959	1.39645615280815
-0.312870427828595	-0.510066486575449	-0.053122089369931	-0.867321076482099
-0.529256099991341	-0.919970790356165	0.920394426495997	0.3330354622418
-0.541681580084147	0.191589478003899	0.243899086341072	0.205107258723468
0.217204386312562	0.200220310628988	0.850771292697123	0.804556144191006
-0.27903861569471	-0.970772349196115	0.964457557882364	-0.590769336448155
-0.870914167124859	-0.0740777602985266	-0.462031379226317	-0.0932483959880804
0.673259407752059	-0.775715400874468	1.03288225021851	-0.915141686242296
0.0663715932380356	0.841527834077807	-1.0043102559223	1.11793572033011
-0.52583006675834	-0.218942894484918	0.129828790179041	-0.930085908075955
0.403500115217278	0.819704940979736	-0.334760120933982	-0.70187397200232
-0.298439972883663	-0.228121035925322	-0.180945352904168	1.06953340774726
0.248469247677222	-0.363316146555963	-0.754079066324086	0.769406704025049
0.202885325124873	0.635275636013828	-0.360721353008965	-0.495673720787098
0.44787496732411	-0.688587825628794	0.158183757755956	0.304109566258629
-0.18193395513229	0.904959314924015	-0.0264663239053632	-0.551917044242168
-0.885044426673482	-1.20324285237207	-0.565813054035032	-0.572348555739012
0.264519780922298	-1.00122472611067	0.91784158381576	0.131904393162655
0.445447894706678	-0.0855320502063961	-0.105294869357265	-0.646957574723684
0.387590356263031	0.260244651883213	0.489443520171797	0.5126918757998
0.0698961825349557	0.0572809548308136	-0.308003604624619	-0.540851938062593
0.446390784083653	0.277786059443199	-0.358701091260765	0.641744918973948
-0.756124597875526	0.184260873004843	-0.856922333593536	-0.38258798066671
-0.268222748001075	0.182965632173359	1.05178775648885	0.966512776564961
1.36800691738501	1.26486687144926	-0.470747442455412	0.124463518549034
-0.0165445971513477	0.353250219917836	-0.370300319377804	-0.463692117713199
-0.117205966895149	-0.76629105380505	-0.00359697224041159	0.685660939029971
0.381578655158691	0.456810964576439	-0.879931289328851	0.143506741187162
0.906457042609962	0.914181757800822	-0.348570834792428	-1.37996051885176
0.942288623295874	0.813584148382126	1.51458301223597	0.41554762636497
-0.417832591467964	0.951583312918583	-0.259185792604584	-1.2990382221275
-0.710025709773073	-0.503509212585521	-0.305567496713479	0.496075542885791
0.0814670677419508	-0.235148972196122	0.0781253901208738	-0.620540896362931
0.458511614866301	-0.442346971295295	-0.168443781138351	0.664407723244075
-1.25563921083421	0.494983675629422	0.724953178544736	-0.537993926052401
-0.468718035390886	-0.352440261589892	-0.090355762637556	1.30332597582416
-0.187143460657403	-0.406454054431762	0.476549273621939	0.917904281271142
-0.391935151503513	0.073088345458841	0.378951755678218	0.513842879933334
0.0190044834943499	-1.46212681770453	0.0981564287519593	-0.664079715743806
0.0277075445349408	0.544384767829786	-0.231418293504403	0.358250399610454
-0.404437096836015	-0.0385607105030776	-0.557786233958434	0.332837432475432
-0.14233758814737	-0.487806670219289	0.962965784626052	-0.120604118581468
0.127221559391813	0.48471445250735	0.0741586242954749	0.931894134437682
-0.165965587306892	-0.981732698526197	-0.346280694054844	-0.30689184860149
-0.0965471358251318	0.425266127785808	-0.228203950500075	-1.50513467148537
-0.454124852820394	-0.5981443276507	0.200151092437606	-0.113699039147434
0.386542374975942	-0.226061751924026	-0.659500793047282	0.102492761448217
0.554616032367137	0.566147824913218	0.632159650294312	0.577235187178911
0.0355159790637325	-0.662720563231097	0.0273555695448459	0.183742548879455
0.645759239011917	0.453139466446874	0.873073597999173	0.202238707180796
-0.495951014230523	0.0838520412360308	-1.0308835654773	-0.196641500366959
-0.152424594622212	-0.737977526039514	-0.732617759774268	0.440280906605391
-0.924220367890454	-0.104898904919974	0.454344324879271	-1.42400995503517
0.757593213062209	0.655436052513096	1.07404325891042	1.41766934409472
0.824443708790441	1.50276787090557	-0.529738134800677	-0.157122228843909
-0.311365322771456	-0.780702619138158	-0.571430375598067	-1.27665597884715
0.272787144683568	0.828729997472317	0.00281346956608595	0.433722785547059
-0.434000628514705	-0.578254552619054	-0.39651808420802	-0.262372402446332
0.603891715592334	0.33533231208441	-0.0599850320952206	0.523290258737419
-0.400124960409521	-0.0525855844451839	-0.957259001643853	-0.412157221190733
1.08889616394486	-0.296632288945434	0.708312613168205	0.953886058266379
0.129750066733351	0.244213203847301	0.859981635556292	-0.938385239682399
-0.424200989754952	0.724500530683189	-0.952449750907649	0.780756450765114
-0.363874838762764	-0.334938086453808	-0.430536771696038	-2.01020932939892
-0.366664219692448	0.575014403558681	-0.3719529059632	0.951708525580217
-0.00475171575276294	-0.817453342678261	0.03555704932828	-1.28859714132004
-1.14044610145638	-1.29976780413204	0.258591487234901	0.176711093994601
-0.321703456309768	-0.536094686271769	-0.0319578501241722	-0.637231374948425
0.619769853088986	-0.34880058650414	-0.807596211524654	-0.52813994621685
0.0279599791987223	0.310898434093779	0.065061930090255	0.589766130995565
0.325313791850222	0.13721492479729	1.10256420388733	-0.085326375731687
0.772393386533015	-0.20941752536374	0.645510481630063	-0.458690951124548
0.126063100441211	0.951068932357166	-0.180863329328373	0.4607251743171
0.0747480614111097	0.483302723187345	0.492412462627497	0.000550319539902858
0.399830122679981	0.0597372622458439	-1.13953020487845	1.21930377031422
-0.273178521373278	-1.65810427587194	1.45340222254593	-0.23508392257107
0.18385144222781	0.637976094331031	-0.351200028980267	0.444371374947551
-0.0308286976279309	-0.51956663381632	-0.443490188463039	0.104457603166403
0.0653112444845502	-0.39308539396926	-0.300218634417641	-0.0778751680498
0.125568544624045	1.06555577914874	0.132706061351543	0.00436835392861966
0.244988521748421	0.722396736669104	0.168950527662936	0.579558962219272
-0.104130827105694	0.159280099152125	-0.40094233654658	-0.154255750311234
0.54243089355265	-0.914447378245368	0.80697549760399	0.692929739543623
-0.122866685029128	1.33793909796405	0.222363888451065	0.304943337229615
-0.649442891313313	-0.329903734341574	0.598304820238389	0.00112869290550558
-0.440357857092351	-0.409921225730345	-0.498775176195549	-0.618680386415544
-0.578408297240755	0.720688712796717	0.871005578592817	-0.102075790220479
-1.2442527345978	-0.863556015618513	-0.000622948512848609	-0.0345681366458093
0.30784864711619	1.37083384590601	0.839524371713888	0.0772307315600907
-0.478009593258854	-0.15242497108518	-1.15175156093897	0.525829627431674
0.296802154695895	-0.261435881867015	0.844745642557093	-0.0711368324383089
0.565048086044878	-0.146538767090455	0.25730826645571	0.10782745083698
0.0088135619646863	1.03652836278387	0.00835705440035617	0.282206814892559
-0.376356655420616	-1.17221928694426	-0.00196749124976513	-0.965810255581986
0.52188008800695	-0.902990343066767	-0.344975338145223	1.06738602402899
0.800857348902255	0.799103034969704	-0.433405744756997	-0.508743753583432
0.107177218504696	0.441966106773125	-0.393517631719864	-0.597567072117627
-0.799155811701065	-0.291400287265164	-0.201724135318581	0.179440573298672
-0.178185496705223	0.101238814791089	-0.164432669124764	-0.134568554288631
0.251686559014194	-0.126741039936994	0.277539010634985	-0.756430613629753
-0.243044314528454	-0.236904535862934	-0.544946310795655	0.0555852203236961
-0.790861595853009	0.172354080660101	-0.349845929737447	-0.373786830709023
-0.361950188183802	0.210031811865523	-0.0905076717446867	0.206252748357785
0.125194146149205	-0.476148235588497	-0.204407023088523	-0.0173588234359627
0.0855591177759117	0.0226894666993383	0.364048486127561	0.315264398468697
0.524848478165633	-0.480390816962914	0.270404324063271	0.602470847114352
-0.559983828601322	-0.91180350114279	0.469674909089263	0.506807386072895
1.26452541181355	-0.414069996192257	-0.566757733219508	0.717521175936704
0.730589990599865	0.885203604917163	0.012244615392457	-1.63087450359766
-1.10694457619092	-0.480628701964718	-0.479989463367641	-0.0350483115619903
0.393613980951104	1.12266200599133	-1.1665461449517	0.43046554584014
0.155721279082742	0.758914145059371	0.00477595753874135	-0.00903943895859785
0.290551653102491	0.536183732656268	1.13810181128432	0.2853290103885
0.534357480443371	0.505612145973314	0.353891107133792	-0.428816585321777
-0.598199189058984	0.129500286046606	-0.157827964190441	-0.064345539623853
0.239923746508783	0.840973376983605	-0.416924203165737	1.21244721929005
0.462956433015243	-1.18617025231376	0.337671967486245	-0.590605645002242
-0.586945214526868	0.236083623777854	-0.0393391787458193	-1.39514926628622
-0.23384856374382	-0.267672745272261	-0.081230265488973	-0.460081543233939
0.900035488658805	-0.900274372264172	-0.072366136484886	0.747002124360697
-0.923764409450318	-0.0246391293818688	0.579557050602546	-0.95746196182732
-0.101070482347522	-1.36033061438943	0.605215478167933	0.991828425463631
-0.318508035586259	-0.861372401317312	-0.934861961841655	-0.768424359465478
0.0509322302655767	-0.479644930144674	-0.862745763967636	0.147918865865548
0.115782896081322	-0.35830099596505	0.238323196828482	0.195201331916211
-0.600406132881876	0.567344153023943	-0.719298860230776	0.12423539338921
-0.0186701136686825	-0.465338258843347	0.0165621050363386	0.284760202314535
-0.377924834254264	-0.935661838437538	0.627846118300957	-0.232499414862431
-0.579713679364709	1.15830379703883	-0.248713012872173	-0.666729281324979
-0.263744117681409	0.195149149494424	0.317751526108019	0.554911840733952
0.619363802326998	0.466012780852776	-0.123270737843611	-0.617791329007769
0.67358462132397	0.588099053937087	0.67706353551253	0.120820193470341
0.280202340044928	-0.302716743370206	-0.213936607231322	-0.0685039914479326
0.795344163324228	0.603154592529497	0.834357930580073	0.80259933926537
1.21761353400354	0.10599077369392	0.105444304409912	-0.0144429796379204
0.405171781709386	0.956848366887556	0.834517858204681	0.314367043867507
-0.674973739782691	0.534474430054131	0.583538370512944	1.05075809221775
-0.0476702918971139	-0.0750992551926324	-0.942482097385545	-0.168595335205267
0.309417266916054	0.476313187458252	0.483332294916789	-0.113393994107348
0.416406804407326	-0.821032954629906	0.562636439137115	0.249890831853799
0.930566867660358	-0.0534652952226599	0.480626075085526	0.802372886868401
0.496897457284376	-0.188251535040651	-0.595305881750147	-1.11748087604261
-0.421155081897707	0.205712221639976	0.369564307898704	0.0329587932112098
-0.553252288425572	1.34549007997419	-0.424090013617303	0.224068607835187
-0.381132082024995	-0.140364005064974	-0.588964956784317	-0.956429539770488
-0.58743374893822	-0.458976281241308	0.190947922901206	0.113392575964336
-1.01970948731991	-0.202734943083579	-0.408203209699259	-0.795221355885248
-0.888751931700126	-0.265747607212659	-0.482119429950281	-0.0706090181541695
-0.524628293111137	-0.316271890090455	-1.42085314736482	-0.559478548153602
-0.168121454040603	-0.499447386492436	0.715715037212615	-0.626147874615039
0.353972408116372	-0.0662656987338657	-0.483790657058661	0.875870709007153
0.389172206757031	0.111609511823609	0.561088852801158	-0.260148160406259
-0.430848542091367	0.505600918535991	0.396825581990029	0.344049810354945
-0.0939694711367029	1.05863000115232	-0.00258572747892058	0.984352759108261
-0.913131875131112	-0.675914511205637	-0.33976799647485	-0.106709923514997
0.202316590716112	-0.0231967363902349	-0.418656920668123	1.39041700637001
-0.784507769145133	-1.63003779275171	-0.322648080376655	-0.524044550313487
-0.315238124247829	-0.657890582488787	-0.916869228457065	0.241656438836443
0.338885381677138	0.182237720687406	0.29340267934446	0.833013753899409
1.22516022889279	0.676562835534296	0.667904475461778	0.315540085114455
-0.0251545028114154	0.587586787876672	0.182092764868348	-0.294914241956857
-0.225404239273422	0.194916165706931	0.323711974033248	-0.405838787141229
-0.200220483430957	-0.134792304240748	-0.0648932317370064	-0.123726972905189
0.797255394199162	-0.0670409595669827	1.08781759466386	0.0137946004965233
0.447349866306663	0.191946987561366	-1.01856880957952	0.441160531222976
0.451349180687081	1.03730559078088	1.6655003300583	-0.193819843002896
-0.23966424934004	0.0106765311882978	-0.572085508535982	-0.193326088289503
0.0103175580385412	-0.423076062356975	-0.169786631706084	-0.523344430169614
-0.1775421681874	0.417321871919304	-1.02199194522532	0.217597870434237
1.06699077225439	0.536835162756651	0.0207743294723715	-0.180272035780997
0.372199449191192	-0.639974664045667	-0.555152542204736	-0.0192322471805912
-0.397944707692049	-0.282806145482167	0.483303352581278	0.66208451095906
0.240211589311342	-0.440716631479229	-0.454638829238395	-1.81308622753789
-0.568388505941107	0.211011913452468	-0.133073549777266	-0.122769229437674
-0.266643866025807	-1.19141767447181	0.758595033760552	-0.383642041188181
-1.20154548253518	-0.812208695946406	0.0867378700590195	0.306057366450103
-0.40580026785043	-1.50424490924854	-0.346022548739721	-0.406794268392116
-0.884166533311765	-0.379805133953079	-0.112747612895064	-0.64338873726667
-0.0428697235402181	1.06207714802408	-0.644491593124345	-0.45369602519773
0.587509409161739	-0.189710587431199	1.4169389998837	-0.236340837746671
0.715668637888482	0.705341880260109	-0.398661090291195	0.707910692501154
0.655749723210197	0.280161490482978	1.07062806421124	-1.12716381438513
1.2177422924683	0.682533063955268	-0.229217271897634	0.959162394915882
-1.50789683858477	-0.706982588225815	0.1357538435463	-0.0228163420355816
0.65692304625711	0.507186865605391	0.737228573334196	-0.184950948773942
0.510741760305964	0.542356694522616	-0.0859093016458016	-0.314162975618943
0.897659441432718	0.0509642937866725	-0.887178712915458	1.2203725824012
0.181999037442068	-0.619921791105047	0.244628745282892	0.673491796229746
0.516593688905966	0.822595334566662	0.423767178836199	1.33281643709099
0.260007705989243	0.479145490826945	-0.00407261750874409	0.143086917965635
-0.628659752084004	-0.141196244484179	0.530625563445495	0.225227448680715
-0.102873676174351	0.111454592601772	-0.740700043541633	-0.31652828667929
-0.0244469941760246	-0.475913250535728	-0.354223883475255	-0.413210656051906
-1.22980255028517	-1.27214034729949	0.382224794682563	-0.12982911159366
0.147662390369434	-0.389763669034934	-0.390729718020934	-0.582797821231132
-0.559674805393618	1.14153374168499	-1.15728270428257	-0.607636931228269
0.537504903498446	0.935740482621033	1.84973092906846	-0.318408586599345
0.356279395645873	0.783962257918455	0.183604470133312	2.03604706756903
0.242873541940797	0.21771673847554	0.174156589771307	0.157451920009479
-0.24619119649771	-0.778005563130143	0.201514691310167	-0.825563060764017
-0.551864759882066	0.44862612624486	-1.44579886926745	0.290898232005205
-1.39842525558219	0.32148159038821	-0.882444849664327	0.496359424403141
0.768471860018811	-0.806394911463786	-0.630154415834386	-0.297779690230541
0.504358280119273	0.386247897650622	-0.898103385540369	0.0446203722442847
0.0136128509048442	0.433416057103192	0.296816383319851	-0.485957402097511
-0.276023086404659	-0.241925826040653	0.36619814280023	-0.0921092694575848
-0.355908081201759	0.101278903630582	-0.64041257319384	-1.54679369321484
0.666327841812456	0.199885464013793	0.0816543107301739	0.377027978233824
-0.242486430895507	-1.36310697876975	0.613375124751183	1.47894898399485
0.394444689401486	-0.128728313077967	1.00781043729894	0.871153709579958
-0.168458078250554	0.737267172706388	-1.0999687753419	-0.0898907448848478
-1.49161981333897	-0.573795158483628	-1.15540687529001	-1.03826413448502
0.318870013094547	-0.363783782262019	1.24585980697484	-0.0548020794303564
-0.334255272041818	-0.0112996169276283	-0.238541136992939	-0.259213727753328
-0.521773648969843	0.361876750186966	0.0313892017688147	0.304025997764875
0.295500978236819	0.788903059762747	0.581766053395278	0.0619561838298775
0.624466295536112	-0.743331319860629	0.334875448265914	-0.622574592405764
1.80699229024757	0.943653038824891	1.22940862284727	-0.123654821016279
0.720364458650089	0.968277859690369	-0.335592878245245	0.459114208189016
-0.550596715243381	-0.373407790704732	0.692988863384465	-0.80355077704819
-0.721333229614475	0.524290346285838	1.48295813926263	0.715733364849471
-0.653193141104266	-0.430167616565191	0.171466267142112	0.288918998226564
-0.0976604989879055	-0.592715915482035	-0.30114792448798	-0.38596531426359
-0.353130104035537	-0.560833555495007	-0.0755600315677814	0.016401034617001
-0.366136598281214	-1.56103562633369	0.576328847815649	-0.305643770595848
0.456562697972003	-0.313817790003243	-0.891493684381572	0.0612935207762653
0.541688251593468	1.23170427079538	-0.256079518828684	0.853241991291764
0.478464754379094	0.640676891067992	-0.14647272334439	0.508933261795217
-0.474230804185333	-1.47312343113064	-0.657607349171815	0.0357138235639749
1.2315094082782	1.2972063076325	0.528048626708712	0.948926376797617
0.0854524606970764	-0.153156497748923	-0.59670450716684	-1.56916890732291
-1.31272867131148	0.121551967947879	0.22615721264615	-0.117472910661382
-0.922383581238506	-1.00168704360127	-0.42842706839966	-0.724591714002564
-0.663309054743078	-2.24901360740627	-1.73086766749808	-0.869228310361252
-0.339339241907281	-1.07734780648503	0.38215722836268	-0.544740808349595
-0.37317426880945	0.292244580755324	-0.643195741002904	-0.492900091882055
-0.173020109840668	-0.296461628823479	0.0984350314298193	0.230878066185915
0.800227063616533	0.75282165187194	-0.328394133987896	1.34613694175499
0.0329653512204751	0.0896415485166068	0.0387221894885825	-0.155452021700936
0.837365264892634	0.0316346706508963	0.688226064826019	-0.173740176944714
0.593352730828973	1.89861255029815	0.0875468839633945	0.856393095776016
-0.278214922598944	0.362170041803319	0.756187329687106	-0.859297123110739
-0.0300861864533403	-0.405895206573562	-0.292947364500532	0.630801352748884
-0.423238907974955	-0.96692052664261	-0.76712712130058	-0.230788649438162
-0.287180605499845	0.267133702076079	0.670263354850897	-0.342374717520754
0.0598193659928413	-0.939041732204814	0.379379756137642	0.974056685432783
0.881111803127501	0.956387823913719	0.298036788318234	-0.378588062555926
0.547776678834727	1.32781781847535	-0.637097672388106	1.41228791190506
0.531008208014677	1.40369740884134	0.57495523723245	0.531552390873215
-0.112506928421941	-0.535246591192864	-1.35978777929258	0.303753643039505
0.527666916698003	0.151486521129829	0.598140849756585	-0.455049103556046
0.475834561636195	0.0835510253375456	0.620624072644672	0.206673674422655
0.421928670519425	1.8692738827002	0.899902406269709	-0.828482337829923
-0.303368544786741	-0.482116378890025	0.0882305070364381	-0.716069667240879
-0.143897224026637	0.454294822016135	0.431605115052213	-0.906412064906963
-0.694484969024441	0.791600274500242	0.581270696255393	0.430078947811331
1.16224220526151	-0.6733020342532	-1.14694641198948	0.829990438392725
0.47797007450959	1.63832234033991	0.262126447901556	0.155644069706387
-0.838401000473734	-0.760908310715022	-0.542830646912869	0.290888942897816
0.107314241535767	0.541516414891379	0.557197508057581	-0.501875307006278
-1.37821245274052	-1.05290908531303	-1.25013105485939	-0.605732352073863
0.513676472084345	-0.278855826431472	-0.404392007901063	-0.115755644317591
0.391201769411716	-0.000936374605024846	-0.944973356405114	-0.0158089335485944
0.0661662100686059	1.41946191243898	-0.222425551842413	-0.153665528889726
0.656605100582131	0.308761555986946	0.00368590736711792	0.322215089524406
-0.54162819716067	-2.66732960991049	0.760572173682492	-0.519868511086953
-0.633378460789143	0.254226189541445	0.406864964015752	0.729042412205315
-0.515592756803721	-1.16516971212931	0.199939625368289	0.545924420844442
-0.737708646201954	-0.0161096805126734	0.019547015801103	-0.135664040356454
-0.774228086769889	-1.08290810780925	0.238568338766529	-0.284628865156059
1.04953993885585	0.290955854651375	0.0954137100323684	-0.149811641386854
