MTG	Put	VS
-0.923212466723748	-1.35189791105527	-1.0848346767584
0.561910938345148	0.885683323355802	0.0405793295086219
0.314987886299253	0.488234521976757	1.1997536914218
0.849789769736297	0.553000688798994	0.715178013624232
0.256460900806217	0.0608725499748933	0.634581029682617
0.160299015257136	0.238287589561032	0.489292241494152
0.658801990703796	-0.81035277676014	1.74366632698163
0.0806149486063988	1.06443351695653	-1.43131810056035
0.0662487474310888	-0.520822785980434	-0.336509593758925
0.162691864411428	-0.894202390515461	-0.724842525717517
-0.417537103001399	0.144083136785686	0.0895099519079193
0.234994663826565	-0.334552093971047	-0.711616886997111
-0.670907285520682	0.0641091771647561	-0.567283066019083
-0.551737959800397	0.459726817457887	0.228259695668851
0.0604682335537059	-0.898702733830606	-1.16385009512642
0.0658683262033507	-0.450892058316006	0.912758782174366
-0.130721624867241	0.30147891057457	-0.209096704295986
0.243973399412097	-0.122785238509178	-0.204394102094573
-0.329621722252934	0.862110419136594	0.361021762851222
-0.500135292694053	-0.375480312785657	0.130285481401018
-0.265006150589862	-0.857549351014732	-1.2452326409154
-0.673230695170082	-0.190652009261578	0.285758811702764
0.0137327642627558	-0.0396446426761721	-0.398441626695203
-0.38173589794572	-0.271546172966403	-1.02934831078879
-0.36911123142725	1.23428546959198	0.322364382713007
-0.204417630480504	-0.444250706385309	-0.523494548639774
0.649387372209258	0.705344692979073	0.797161051720099
-0.211998234861273	-0.146798125940293	-0.00573153627259009
0.627980563303503	0.170670042114499	0.502577465513647
-0.412227782270872	-0.739997745320404	-0.188450136728112
0.714732224908943	0.550644612058339	0.519731505094333
-0.616792972661469	0.632665309833401	-0.653009821799998
-0.00652081786284879	-1.38702388176739	1.23737662814556
0.696899593568847	0.822632743262177	-0.512727920897308
0.0255843625969592	0.261238730363254	0.793852768187717
-0.353216153336531	0.0765754622572164	0.346128038605816
-0.336530659458525	-0.361626995854506	0.511859090122486
0.127914598413076	0.661923308741667	0.214001565908846
0.535121975966485	0.560009868779448	1.82600192750371
0.499694907599561	1.53266787011882	-0.58348281211437
-0.615415594880736	-0.873118056282682	-0.185238401804033
0.165505416688013	-0.19464186425657	-1.69175649521147
0.402151297485962	0.0615461661553684	0.334009781588971
-0.475851631824265	1.07914685192018	-1.27519411449552
0.838569341915168	1.0807067519557	0.945823568580489
-0.251551019268012	0.180422743066183	0.695015106686296
0.32060875587778	-1.54860644026947	0.389546492865994
-0.582781498120741	0.548690915919076	-1.68772516367275
0.242274612755766	-0.140175892481739	0.287760768775323
-0.784436696878868	-0.786227603983702	-0.95567043717765
0.714542292982338	-0.148730817968961	0.58501246690401
-0.336267288186712	0.54507117027447	0.187815297638266
0.434351476192195	-0.339920552645933	-0.0566260423011647
0.509540148646939	-0.0995663551238064	0.416139252626137
-0.268774967388908	-0.874417558002496	0.30201464134111
0.142153782003625	0.980045690422763	-0.433328037515599
0.0726453142935463	-0.697736488214955	1.00922442307272
0.240974367537022	-0.65421158624789	1.09833584712079
-0.58912324477855	0.156436132887207	-1.49870491039268
0.0114441074631485	-0.415435591866968	0.752817762661783
-0.296083174924945	-0.55217098368628	-1.25773344115655
-0.46454771176986	0.345605037614742	-0.287023316418452
0.872452922936242	0.715014077989414	0.172252559874669
0.149480766833387	0.24474958558832	0.678811112243989
-0.454009614801232	-0.518577624108928	-1.09943837992004
-0.402215324154175	0.689795036947345	0.374575948498967
0.357508379393703	-0.70348670270947	0.0485883942828471
0.385484922484829	-0.192578489263064	0.785089143158528
-0.110222658822516	-1.1389839843057	-0.531392078870021
-0.742810953384478	-0.362190710779381	-0.376914615069551
-0.364787673959017	-0.87239995659741	-2.04078686199163
0.0398350696034967	-0.693654412924173	0.681032155674049
0.4271222673643	1.6002734516336	0.394567190990802
0.487183237478661	0.320732759257964	0.995211212910752
0.2112139308031	0.642426809574901	0.253811529777452
0.366502181199236	-0.530049518539108	-0.622606003436929
0.382280912428112	0.523091541557475	-0.20461944170835
-0.128354044268529	0.127954981533943	-0.370731567803043
-0.199046505306072	-0.528482451266638	-0.16087767033487
-0.801334671638192	-0.697226534556992	-0.405188463054873
-0.437488944492912	-1.13967862103364	-0.700040770739007
-0.574370110675759	0.115029286213335	0.219814575335944
-0.296842573746493	-0.0843850846695534	-1.15741237473455
-0.273182344755337	-0.559937590975754	-0.617322648593118
-0.294591907884761	-0.11316489786704	0.0165051912696288
-0.00853566427461845	0.729747103587332	0.927060888720566
-0.0840085197899842	0.355788403059031	0.547546567620546
-0.0213598217109381	0.758853187956436	0.00883399825655078
0.282365497637763	0.71241589557514	1.4453786365521
0.54225844517916	0.783565971060032	0.943382973281696
-0.110716407522475	0.410812419424409	-0.371426203436346
0.438811180145321	-0.363243583998558	0.961794128279325
-0.307680034165351	1.27041788829742	0.226124129679573
0.409965325697867	0.0750695580009473	0.320174026017252
1.07783877112328	1.49156698972584	0.603282042422884
0.716172757061471	1.01702820803882	0.992780991036945
1.69549470315017	2.52327077498384	1.47492579261016
-1.46017894472676	-0.453315064530435	-0.806063937314607
0.271205559819059	-1.94514697184447	-0.24099790772576
0.08435730073027	0.669373362602761	0.0402498008285455
0.0589049680627098	-0.584960913634576	-0.901622802435646
-0.484387482188064	-0.6580022802064	0.18763043964239
-0.226815823190772	-0.810003801392997	-0.25550494658174
-0.979658689977216	-0.925614906044759	-0.155648405292364
0.109577834579958	-0.952619941470378	-0.482379506431596
-0.413568918511251	-0.28573417217866	-0.811882131615701
-0.197363289702051	-0.482417592951457	-1.49954248241589
-0.269620439221885	-0.483134060903704	0.409487078509195
0.0289492944243906	-0.162655071478544	-0.426577137531948
-0.237873020044371	-1.28286588390098	-0.147489985718521
0.129799022585718	0.908957071863536	-0.498183479164033
0.507837013250162	0.441444538676477	-0.25616176662725
0.302638104601866	0.136406496333023	0.632400571406928
-0.0837516053757223	1.74893502707019	0.171347929807869
0.873562343678618	-0.232791382389891	0.154008795901597
-0.237667932211144	-0.248740738357695	0.214927851226558
0.617378577590724	1.49840234691783	0.358518374896053
-0.259580354153872	-0.779838217279055	-0.433757246791696
-0.120807027874843	-0.628436889994674	-0.402221718458299
-0.140926836161206	0.303605096638787	-0.0207841676098524
-0.280635073481526	-0.199910196957375	0.947329839824904
-0.327789280655055	-1.39506759176108	-0.721649465626927
-0.27627733244148	-0.125589852877139	-0.749760834469859
-0.134693764198022	-0.554759217726888	-1.3241566457225
-1.17664171716579	0.781174799696612	0.424347995259464
0.346068447002963	-1.26759530165115	-0.612853446619227
-0.292846237202422	-0.00156093916659924	0.772204258154452
0.0993121595996335	-0.818424537440731	-0.310044942342598
0.132632653690522	0.0102678618308665	0.209060364219242
0.14351760029503	-0.427115537705269	0.800265460741746
-0.393396643801063	-0.359295460447141	0.185387178914558
-0.24466650583998	0.820758147166072	0.460833850774817
0.886605816604578	1.36910708927461	0.778379207341729
0.872045434584854	1.71906508962311	1.79289589393463
0.242671492080718	0.656457829884947	0.664025787096713
-0.13136753205647	-0.100478671731536	-0.27691005513823
0.24413504672712	-1.2037325016278	-1.08090150684966
-0.497616832960096	-0.550807210002482	-0.55576143316059
-0.473966616579761	-0.992156406672202	-1.07606235504836
-0.341514741710674	0.592634392025187	0.287158897935777
0.164891862430902	0.689023438719252	-0.728926360174734
0.164217978215925	0.743096881310192	0.764955742981201
0.360617762945594	0.844302142947429	0.309723845348777
0.843323120482856	1.39476114079172	1.6298648300232
0.637176848951668	0.65558896595553	0.393124867438665
0.775825598741495	-0.0725160583489134	0.74402001399218
0.0953093183412027	0.629962736879561	-0.573298049149819
0.179051538262269	-1.39759531454972	-0.121393958875594
-0.632180090392243	-0.208487975631443	-0.764195239503097
-0.589403418901699	-1.00003744836125	-1.12003839603403
0.0496275990731065	-1.86903089082587	-0.655513899779846
-0.618329146205951	-0.132687761658151	-0.947294500956384
-0.0847016985275766	-0.0354444355364513	0.775247206290302
-0.0216163729997657	-0.413696856847615	-0.369394789230075
-0.437006079184238	-0.0146811551673938	-0.143086490113789
-0.101957480066965	-0.586113615554658	0.860281529762582
-0.319516856791996	0.254141129987663	0.770274932257617
0.220911426683414	0.41669447904938	-0.191089792098796
0.0898932946744953	0.314845174453152	-0.539745994925445
0.667560292985247	0.0745666285432277	0.6698353511944
-0.343480475582988	0.147867232742393	0.363300890751253
-0.315794538431301	-0.540213200728668	-0.571582022141439
0.109062206156377	0.0679352212949641	-0.193623795638963
-0.348515467983784	0.170500457792956	0.011336010661539
0.15758546070199	1.46226805985335	-1.39021158878993
-0.819916418576621	0.170932525703624	0.076823735515005
-0.511325118504015	-0.796234117704952	-1.72782365117406
-0.249934080845721	-0.474833217722067	-0.0081514197422188
-0.105678019372243	0.136391165539849	-0.152899589550068
0.38592012110241	0.617032467106375	0.160189391756063
-0.268888106412035	0.96313214452749	0.349063028801945
0.388165348640723	0.0424534923934078	0.643072052412676
-0.230493140910723	0.530674093678172	0.858251408282305
-0.100204672693283	-0.0504948296765987	-0.471412262200042
0.0853496093324733	-0.110224855092604	0.299712338590239
0.0253232270137612	0.615299305393234	0.435313405687065
1.16641299381179	-0.0623023383562716	1.22348022110441
0.190579504951022	0.289694340852614	0.329254063967118
0.578458687633147	-0.428563867808153	-0.308995585570799
0.840638518977986	-0.134211256517549	1.25857004323732
0.592607140516214	1.26799278614878	0.310478594636723
0.873760452314166	0.630020572437314	1.71214832243794
0.195136181014443	0.918141861007516	0.251336693378279
0.132947763994542	-0.163475354135452	0.36695394534208
-0.435328078524171	-0.440014216059945	0.418573240709542
0.379871014200891	0.835923085953551	1.03249825831358
-1.93108578895633	-6.00091824785636	-4.67500029638012
-0.937349558769409	-2.41118938110028	-2.57521465546745
0.383848819003419	2.50161920858354	2.40538621155497
-0.417255866899852	0.317379845175427	-0.232903476098963
-0.0120825353156838	-0.209132377382362	0.00104404639872147
0.357626417283326	-0.95869721718732	0.584709386292947
0.374760453171418	-0.577241933333849	-0.36821844308815
-1.6658328352687	-0.982716574125649	-3.04964317923664
-0.23844405512883	0.220580047533857	0.00863487169423587
0.339911414176393	0.678795951138194	-0.598506488720194
0.175290870083956	0.587372819514999	1.15138060417428
0.279504122077684	0.308228225540483	0.611338855918045
0.376394798416448	0.821561012875554	0.565557857119596
-0.172529660268714	-0.378491519101234	-1.07575631183437
-0.409397552233363	0.378026550888993	0.116961141958357
0.129031423492215	-0.130894340198473	-0.178038959660166
-0.382620569149306	-0.740367068321546	-0.869523064332683
-0.154877090603106	0.709964263775146	0.835213440698265
0.192140013111012	-0.656766816493098	-1.50301365575488
0.00503817166000092	1.08069034543773	0.209548766545337
0.185680540557963	0.180087269514351	0.0276425186352103
-0.490088998968822	0.105221030886262	1.63819345334076
0.448924994003136	-0.116124977598931	-0.218544487895976
0.0945325660978729	-0.0384540274186178	0.175338513438371
-0.143442031245755	0.394225429828519	-0.173796177633156
0.130789237817372	-0.0498344619145675	-0.629211274203383
0.331920138111712	0.367416707085385	1.23902019887373
-0.338977624437856	0.697988874207685	-0.186910790028293
0.580938461572003	-0.65789780459905	0.909218987305327
-0.177103152836316	0.509328341773651	0.373512757335178
-0.884475727144496	-1.85789017760517	-2.10391792706336
-0.931861697536448	-0.78485142544506	0.104028267629442
0.465301106162373	1.32436218053189	-0.23889945814793
-0.541212548486026	-0.731993185924735	0.387105470077835
0.256733844191559	0.0669492675220517	-0.135402730635341
0.852333259174812	-0.167026038547658	-0.321027701791842
0.595303717072468	0.169513144651194	1.01949629306876
0.503825101949249	1.31327738241608	-0.881159493575697
0.506380231642243	0.523444397916339	1.40421380299936
-0.255052922192175	-0.0150922992060443	-0.680593489443626
0.265548367255663	0.579327633099328	1.10270193573209
0.115072185049065	-0.18958592286803	-0.538235659572541
-0.594637963691602	-0.152746436169041	-0.125482346151178
-0.374518013325353	-0.5242552248783	0.42890827804072
-0.13357065238669	0.433359691649405	-0.886769177164306
-0.00900996242779005	-0.876836458026293	0.115419001691082
-0.468671982012049	0.569796560183642	-0.303966094214632
0.151951457344974	-1.06579305315204	0.183077696310048
0.403169657509481	0.694772306095671	0.432288349352256
0.13245471235717	1.01896949759268	1.25470637358585
1.04493663346334	0.754285374467595	0.398174882035834
0.276061138444675	-0.129943976594445	-1.24005658549778
-0.183931212102952	0.0980269362963631	-0.711758159896027
-0.206296250121385	-0.254812096450857	-0.562250979713668
-0.0482618244857612	-0.841736273487127	-0.738882699020275
0.0361532774875045	0.71735574523598	0.343382621078244
-0.486913034457367	-1.67333338447529	1.28030032765931
0.429032241575487	-0.605008730387583	-0.157753652479047
-0.505060022478656	-0.137458055469716	1.31608649413167
-1.00437234431318	-0.429058533212398	-1.71087132535673
0.195067350426795	-1.0536984625963	0.921211276053963
-0.842646112934411	0.631422446706283	-0.856380312431222
0.802343753778597	0.432330207423379	0.725096128661203
0.411693439528322	0.579893097764954	1.46034184145978
0.48815502260756	0.192228373404718	0.710789684906737
-0.494463910057135	0.729510983603373	-0.0297556761123626
0.0620814413411343	-0.576055582430032	-0.238673126915418
-0.26367907791673	0.0797212169865749	0.0863722726800192
-0.0333129353628731	-0.654355057465185	-0.36535330629964
-0.489621410689802	1.05109298125654	-0.126122570540502
0.139094150708464	-0.878579395015516	0.624894860732492
0.321880940897208	1.52018539232848	0.294642335437399
0.11714174332554	-0.324686547877441	0.0678800894081366
0.0785532285019528	-0.0717659641143288	0.0169810962600424
0.429466198720975	0.520799523370082	-0.0595251604292718
0.849187004612486	0.324749807412437	-0.0398205886562897
-0.481161194286585	-0.00648072611652441	-0.388146295073059
-0.220620793161536	1.4079258843284	-0.754374098849079
0.0811422766674113	-0.825928514849044	-0.225187636912476
0.603263908640028	0.0683735494283267	0.707097601238511
-0.328650615869149	-0.148623520040212	-2.51586652824453
0.378156618207556	-0.475607812755003	0.437994342882171
-0.134446627841159	1.21689945035893	0.784494327706631
0.481190325274366	0.108944293714523	0.367132643940062
0.298364412543568	0.00888693840880232	0.0703257914288608
-0.918714053636878	-1.35806627139741	-0.287650395899398
0.0293089634488859	0.253646506670392	-0.256845913427228
-0.730198132902548	-1.09508605623473	-0.618511603666799
-0.189455369819016	-0.0567015654885284	-0.502850574608233
-0.547379788859741	0.0176776943944187	-0.0650448225121313
-0.665735757477544	0.961110264249744	-0.923734508092427
0.534084974522808	-0.631493646104696	0.541044363722349
-0.041455057480615	0.139867277710699	0.697585662681499
-0.269779681786469	-0.390932556593816	0.755611124584668
0.586334904219349	-0.22237457757127	0.134680570828669
-0.636121823798608	-0.125933543070889	-0.353112445260702
0.13794581057644	-0.290892249469334	-0.0669573555275487
-0.570087093176831	-0.0288929172222925	-0.593856522453833
-0.272906128927471	0.541571055501166	0.114917801857256
0.266588766112146	-0.697638155775349	-0.143170559659477
0.191777968028531	0.326755669376789	0.79343528289037
0.71037641158688	0.152418387913725	-0.606332751701963
-0.333983402874675	-0.349661822537871	0.283702248766001
0.159331933632719	0.018275379390308	-0.393322731724187
0.561792036075481	0.363633002840673	0.185881423126449
0.242184085569225	0.364778261079984	-0.105593251589862
0.703893851383677	-0.968733374221693	0.72407708396881
0.146664246006507	-0.296019795063599	-0.262250137244172
1.12386147131585	-0.211863865175273	-1.28570942192547
0.371813328125298	-0.364954514652747	0.783185474416
-0.735026630324156	-0.722844948100186	0.262042200826702
0.210272781582076	0.113191162627151	-0.74358166003141
-0.688748632505207	-0.0559125880251956	-0.10281898477816
-0.485805849153364	0.139222436028225	-0.0492898026329054
0.163786470603546	0.123341910752656	0.126785548824573
-0.595558938702592	0.658280549141037	1.34171308006783
0.585673928548772	0.138072263951498	-0.173886703459059
-0.790963363828586	0.527202815094299	0.116926709992898
-0.403544220351702	0.952635019041127	0.450033114771118
0.382975698996822	0.370171313819381	1.47619767862238
0.356384822102836	0.721039032845535	0.828147076196068
-0.459883183452619	-0.197409990834036	-0.640969177650547
-0.521967005655357	-0.702150610048449	-0.850701813108623
0.258075903471373	0.401528650283947	-0.0790693871443407
-0.669393393359339	-0.351389518124562	-0.918993329122004
0.23379786956474	0.289446180540174	-0.00966141810548512
0.692965608114817	0.179098962851393	-0.163329369167816
0.375267627477869	0.420529908942108	0.348990246678611
0.273452717410733	0.576045284327662	0.584202499600974
0.672878323963053	0.426751659876659	0.573517715084968
0.219991313488916	0.771651114355334	0.624273873424817
0.0862255446946881	-0.871887075921382	0.0881807932009042
-0.606660055452954	-0.362256052579327	-1.12258294796733
-0.870530863810192	-0.827082718147027	-0.911064906056186
0.0771615573241846	-0.225957215493458	0.0556317387639328
-0.777095075287649	-0.411470002619812	-0.923311956926427
0.139323767966269	1.52942979621496	0.195828152988238
0.836345424242873	0.927067975880449	1.86062013454376
0.43150400917297	0.0580557321982719	-0.00413923005224022
-0.476056619651479	-0.515592168648133	1.11872353692276
-0.160357900174269	-0.476483292104543	-0.853641956432779
0.435650761201014	-1.43971977929415	0.442298630323532
-0.786289826270332	-1.01178644786749	-0.231576876353135
-0.619606339473625	-0.118699928908189	-1.54301313503513
-0.126664582647254	-0.33607709496268	-0.764396835632196
-0.665386624900528	0.0818623849611925	-1.09941176570986
0.383350281877164	-1.45416903570431	0.0474224654125435
-0.0353295457341564	0.313476614711519	-0.123741667771615
0.357172408432395	0.053739663688615	-0.30481486036235
-0.120808539792193	0.231300738064346	1.13752043102085
0.445027151752673	0.180644693929056	0.0555781720410378
-0.153983077894286	0.143021238636995	0.332994893107404
0.195788348680355	0.835811793217442	-0.835575307813446
0.269243247118331	0.249261438297115	1.10969190930591
0.436790707657676	0.428968310051714	-0.00447742511620718
0.397848629945649	0.282687837986873	0.225313498814783
-0.239515638190627	-0.375830511445714	0.218716511315239
0.307239145628558	0.782462090199335	-0.642396963289157
-0.16975467373238	-1.56694012941031	-1.32197459923969
-0.870264600029071	0.419974156643285	0.373378787816079
0.354001960178264	0.116159261834226	0.127934431919233
0.345793888735442	0.971066329514899	0.449529658250284
-0.12335744560567	-0.514477524326364	-0.0301665996079523
0.0867569639800308	-1.38788154287503	-0.120172143258621
0.657979246867487	-0.584035232193896	-0.414300805936079
-0.0945225595828122	0.0641049433846589	-0.948738775889853
-0.217233478393015	0.0963087723661556	0.110064060266498
-0.305636803704138	0.0416260239702744	-0.0771038475933931
-0.10924059831587	-0.455593109158766	-0.705891358115633
-0.338948092174167	0.889968139413754	0.0980743991552263
0.544761133755471	0.632754738628576	2.1969982385297
-0.733097216870976	-0.0115675606568499	-0.376823543798701
0.0477744957159816	0.295163530642078	0.801324366348919
-0.313060280190708	1.43355939459965	0.543327486759909
0.690383793715395	-0.470511627579136	0.649905807460048
0.50640260761035	-0.455836687229215	0.809253841722416
0.132213346104107	0.688310207233863	0.0851117002371454
-0.273771018143552	0.460908367912005	-0.0735686534889376
-0.122508491852176	-0.423352868982308	0.0563976522137074
-0.0828870262448568	-0.677313401802675	-0.2487212259155
0.193516757104935	0.307668903850059	-0.496190691701619
-0.0759220275255229	-0.145365524391591	-0.501504513252166
-0.032062650038156	-0.569110048981437	-0.388420816645596
-0.639271114343231	1.01167004903401	-0.0458743544321122
1.42148135201734	1.57006871179888	1.18039419402956
1.02748825068858	0.260214590411672	1.34109327273484
0.167099020543164	-0.00495553908189288	0.465210635838673
-0.0999240262037183	-0.197774645833701	0.256901266564667
-0.379791221152477	-0.68999000611154	-0.265553357037196
-0.744054387696799	-0.714119383677734	-2.0285070485468
-0.132669915519757	0.0794354783733025	0.773930271474749
-0.121658281440917	0.451996139719299	0.389843864157551
-0.222377198300153	0.210840708884947	-0.708547883512453
-0.731417041954983	-0.51673077000885	-0.996576746953922
-0.484032094788545	-0.980493731812868	0.0524914312589704
0.163559852319076	1.09612531149131	-0.910976493349486
-0.659570303647941	-1.09877795483021	-0.568126433763736
-0.298585449685376	-1.76633184062042	-1.07072133779558
-0.189431404562682	-0.100505086396284	-0.168926933498825
0.0841376768226171	-1.53098482534986	-1.03859113286773
-0.373927947217269	0.131285199076009	0.866465176514902
0.267566258246375	0.921128331253917	-0.615047013848827
0.142079974133611	-0.148214016539763	-0.349632973845851
0.0598512266206126	0.748664415140393	0.696058615115147
0.829218570957033	0.659534377574883	1.82203886176013
0.00423901849495522	0.44178998909869	0.177769153311597
0.484091507791091	0.323203316012868	0.935828707260883
-0.241810651982305	-0.824538194033829	-0.944078770174015
-0.0286277965565598	0.0367488845504112	-0.139830282651056
-0.335264362976357	-0.59764438363566	-1.05721237921466
0.220844541729336	-0.0937397230860563	0.098831943729323
-0.503122553106081	0.34338292697993	-0.736591121558804
0.267791621361415	0.446933926864102	0.628851667096058
0.412686556808635	0.771051851064205	0.992325931893951
-0.0505106994625803	-0.498381938412916	0.52849690928006
-0.271893117794114	0.295808832738335	-0.377955741514204
0.160534366697709	0.269269037219626	-0.121168196448862
-0.0889836786235531	-0.951778233391803	-0.722825877307271
-0.327820792330509	-0.193312477522192	1.45838499634376
0.557134554254081	1.03729926000236	0.865858615083182
-0.161613776720952	0.144561872254728	0.311732426478496
0.364933354965233	-0.16389369292985	-0.743449410679381
0.120198491012157	0.307375715017209	-0.00154304419609235
0.254560759916261	-0.259768159334908	0.577732753346137
0.3770120506074	0.215976860493292	-0.000126801770524783
0.833636050124392	0.342086089430171	0.213656217971341
0.62498058340858	0.650732135616151	0.884718570771992
0.109523105850388	-0.0719777756664404	0.5511553610218
0.924708998730922	0.559963619184864	-0.253511891331832
0.0107081785436294	-0.14030872696483	-0.328871444740488
-0.660141511687357	-0.154528192311918	-0.895088898459405
-0.118106716392163	-0.0286258120868519	-0.0577023250275863
-0.74699329602904	-1.28219031787951	-1.36929878665024
-0.72219772483414	-0.138363043842858	-0.171104666607152
-0.559874471781464	-0.253421640170509	-0.86979817850724
0.0853395320687571	-0.976504161090103	0.659119083495471
-0.417881452954825	0.554089016033482	-0.999703014333409
0.71571317684553	1.82407862915656	1.00027693514239
0.114807144904756	1.38274195807588	-0.124574844151585
-0.298068367396122	-0.252028155370446	-0.0525043291859082
0.0656090692963415	-0.227284110993762	-0.7162434067696
-1.01972617775175	-1.46976648328606	0.24215598808286
-0.0567786379755579	-0.140056981240211	0.699692631935324
0.531385412913403	-0.476634918148521	0.434577281697292
0.310366714840474	-0.00465583924088221	0.883110529993539
0.678897852197074	0.0836010240356763	0.832400520671218
0.15622463678654	-0.166762075036263	-0.492136280598491
-0.148859478737169	0.560904167683507	-0.294464372699753
0.355089410202552	0.0684057575129336	1.88335434138953
-0.599292799400285	-0.402296779714685	-1.19618402846532
-0.639512300762051	-0.312147002722838	0.179354479616876
0.0134875177775327	0.938640730822049	-0.134886541473373
0.320153458412747	-1.294391372115	-0.757977229563987
-0.0806633728758444	0.893031357211989	0.10000250167213
-0.104261249900091	0.595202005004142	0.99685276578579
-0.398180096919244	-1.12640717142031	-0.017938245278236
0.506741982427664	-1.09275629489343	0.26581090308164
-0.3258807966293	0.874887450416627	-0.888127297525318
-0.072706057906749	-0.636268169817408	-0.265391491519651
-0.0648895656783271	-0.760368168020659	-0.448120869902719
0.326455482853174	0.205963377376251	0.600306849402067
0.113522490193822	-0.22191660260238	-0.68225912584292
-0.291351100211793	-0.239943895159613	-0.353148069848053
0.309183052449059	0.172564651977133	0.23948141550538
0.638350219602416	2.21135896848305	0.782880980902538
0.64026031492298	0.374311358508652	-0.277272889902112
-0.884446747023861	-0.712670278145175	-0.442591586906446
0.441090664933158	0.00666424679130811	-1.4122581573643
-0.577475740321341	-0.447380774008724	-0.501916045696197
-0.0809317271032662	0.904603111775591	0.19029462201104
-0.657579534184589	-0.380606350160613	-0.45079592666312
-0.0811336020931348	0.00830527047366454	-0.925970513756504
0.220960037044569	0.678482361780252	-0.170430050636168
0.343400571319835	1.20433392081893	1.30656143184073
0.323598969821991	-0.157237317473513	0.993314895167223
-0.0883238197242388	-0.173260889676845	0.0180115590536067
-0.0444384021634007	1.06191466027699	1.504228894209
-0.502645006576257	-1.35245758440362	-0.404508451670827
-0.844008125593045	0.339433727133364	-1.7069856328627
-0.687382115154355	-0.421271895886143	-0.401950223026093
0.153181887418598	-0.896226567003718	-1.21663753249626
0.0703695410900349	0.537297463237822	-0.276398388111432
-0.273395885422041	-0.347458059323065	0.726501912224934
0.172192293686549	-0.0677469552712822	-0.118512175342816
0.833620938901389	-1.00976565668314	1.09336748477321
-0.276520505272379	0.661563715542153	0.480787596873174
0.0921225444058733	0.259329862369619	1.22126720912481
0.338472487852368	-0.926455518304128	1.44994708162849
0.770685828179372	1.05914489392846	0.406868625936309
0.552789356082455	0.464093384502218	-0.129736657951803
0.104244206604244	-0.765227442698389	0.344066459474758
-0.230339078551866	-0.530709495685911	-1.47954112225482
-0.324680708883481	-0.0499494592515392	0.273916820494728
-0.502688982857009	-0.0423984469513106	-1.05199083467913
0.172615256784602	0.115028588184656	0.57078753144945
-0.837886441319697	-0.577787578027982	-0.440371481489475
0.5884869947114	-0.216526814778089	0.0876200114380886
-0.260910961747669	-0.351337041754655	-0.349486911819513
-0.0502819451021699	0.21407665677359	-0.490683824412981
-0.278207793262619	0.264393304752494	0.199494131223857
0.329028759146015	-0.213896866825536	-0.445181306932637
0.479841167486181	0.414339500648927	1.15887458872249
0.0439219034548291	0.385777448518563	0.0671393324704692
0.431736773677098	0.836793785069985	-0.226886967516074
-0.0859225346736549	-0.687005816682687	-0.129640406145652
-0.515291566674541	0.854604397758139	0.924970440093736
0.325874034545018	-0.297528969472614	0.0274688915983054
-0.228518078732305	-1.2041707040983	0.0964604626248923
0.219335697045947	0.560119705146964	-0.990050095181382
-0.292823227036906	-0.0159425845471182	-0.431676305688256
0.0175535983150691	-0.554938332602801	-0.565561477703157
-0.274136048759988	0.62035030961458	1.01053757519405
-0.341213218684307	-0.130607102280095	-0.110580134794961
0.0869249442638412	-0.544557544068521	0.282105445305989
-0.145536880171382	-0.0704039209442545	-0.706772528282334
0.4644203547614	-0.403096241591754	-0.812168962514821
-0.358705594889103	0.169049984137181	0.84480554622102
-0.114444146359421	-0.195164357690365	-0.818104626124227
0.871533900549027	0.0920438224292597	-0.102684165184343
-0.0816177193352449	-0.647247003657129	0.211187101755035
-0.857018607780793	1.89600673860368	0.511782144592112
0.109773919978011	0.726153840925768	-0.691372659326418
1.27238512002289	0.483486553305139	1.26043772367144
-1.32248363412805	-1.00363523579613	-1.72360741390524
0.685162301774074	0.975006902536222	-0.489600150778554
0.562571400838275	1.58370163852239	1.3464563016291
-0.236531969521462	0.257852693507229	-0.529370760757107
0.033750218442706	-1.70154625808607	0.536623740606813
0.408869148580155	0.67784751537241	0.778648936891465
-0.0877094527006185	-0.442143050085583	0.1621955014168
0.911415415556972	0.902901163461948	0.54503746136657
0.3250972140203	0.341174684919766	0.0686474643304454
-0.175947525637059	0.511204746059079	0.961102421036378
0.0622991086392038	-0.744853056844374	0.0574086567483188
-0.172416349987725	-0.251535990097824	-1.22575717079631
-0.331941858435342	-0.282507846467409	-0.665561285473839
-0.192827636661768	-1.41530929121422	1.2546443047996
-0.501781392274707	-0.488517527554759	-0.639829485741076
-0.154561543447605	-0.0839905950251877	-0.219171219236666
0.644550986720361	1.15264483115704	0.875962183953219
0.34374824369357	0.795572258753781	0.027843800739182
-0.0645637822675459	-0.614193805748252	1.18990076829461
-0.657450257819335	0.189415628925283	-1.37032593439216
0.273140446506511	-0.864607798011242	-0.798368728750787
-0.201787686562243	-0.810630048431056	1.35387173841438
-2.49858799140766	-1.61999699957287	-2.63239514335183
-0.158715274807203	-0.441704928758364	0.428895791178421
0.453605519909186	0.471862425651702	-0.93915919889238
0.337223691618903	0.201872766964474	-0.329046622886638
0.22186791442692	0.611537575786035	0.512553939924618
0.271941570243702	0.931563107364272	-0.642690214318653
0.20221279331944	-0.585827769998513	-0.556266738814409
-0.467472605666729	0.235323368601948	0.564945517516543
-0.473598483389743	-0.446934859155293	-0.777313896531831
0.420109513366145	-0.817320475287902	0.614465383921063
-0.274837432742467	1.43949520422223	0.105350762146827
-0.493898887311658	-1.19478074991064	0.209892653535933
1.02881454296448	-0.553387701799287	0.532642823999592
-0.536520155675505	-0.138519813421883	1.31534962830758
0.160446502811516	0.0587700122646291	0.341423242562338
0.156184605124636	0.523263153905005	1.5165602952237
0.435451363076489	0.178576118674549	0.10750744512442
-0.120709920221698	0.375864933470456	0.591025990209705
0.215261554844808	1.5418125238784	0.404231943597813
-0.134514912859277	-1.2150937878548	-1.2428600563125
0.735660943025648	1.28929364450598	1.27065830944111
0.32128414315449	0.532497255468858	0.338099429556776
-0.319058793259313	-0.682797528007978	-0.815234695563643
0.156430284614941	-0.246897727960811	-0.1696891913553
-0.617220915428113	-0.0217318863738059	-0.902193869703135
-0.294592876696619	-0.458418913370233	-1.15039465079087
-0.0712735917680904	-0.0977266216353519	-1.76461731658925
-0.526405618685298	-0.12343568948214	-0.644849454129885
-0.114166304287136	-0.448448251153855	-1.20530325179547
0.919285343309994	0.0453025749364293	0.752871553800899
0.197721120280797	0.294767836781356	0.451364380901382
0.701830108932373	1.35466546318576	1.4819930740252
0.0962466708678889	0.627881579241153	0.881156210121636
-0.350841955232718	0.465904503772286	-0.233642461633117
0.172094047629756	0.0391574099095058	-0.987026078374257
-0.428015577906818	-0.476234186641932	0.7322913459411
0.105280885055634	-0.491154384582324	0.513218025273781
0.477111961049213	-0.612397365186772	-0.765909577126801
-0.300393543085366	0.79575948529425	-0.0479132972356886
-0.0181252124204995	-0.593711049235953	-0.355786885030969
-0.310231433249921	-0.29305793517831	-0.202850160624136
1.16641439455449	0.775844173887632	0.940906270078671
-0.257893087808585	0.298311105622376	-1.10787769695658
1.28060031981369	-0.393395671408743	1.40613825054114
0.619299179338323	0.714652316226602	0.997237146390357
0.619850263765657	0.460671480546972	0.347486861175512
-0.954995456622958	0.672436118803964	-0.360529997477956
0.247423861307928	0.572399866257046	-0.539287170601478
-0.161081120155044	-1.36512714503376	-0.304145270289984
-0.200514152947817	-0.3673782680954	-0.665536202038064
-0.528049505169476	-0.760877352559785	-0.817538187282992
-0.561073680674807	0.493059529685284	-0.746660546725493
-0.261894486009605	0.247736658952075	0.15864620464121
0.437544697769775	1.01686350469453	1.76358655916338
-0.439925094153974	-0.143824279260556	0.255494384033791
-0.230632785871371	-0.565902541700469	0.794606799762913
-0.388995654270224	-0.182038038290928	0.155266942636175
-0.551427881438341	-0.544283991666367	-0.275977861028005
-0.619606880867552	-0.696709158482495	-0.250878990190931
-0.600357548261152	-1.5314122688132	0.673334240921673
-0.179195729612441	-0.324422719509485	-0.80174206081729
-0.302602075592297	-0.189014616928492	0.27783996024402
-0.245225129572421	-0.119891860942981	-0.6567151679653
0.0424010806672145	-0.252405740008363	-0.669339903106868
0.243231913731222	0.755592975716998	0.505234833281165
-0.605857570011543	-0.218496036347601	1.04059400441886
0.688585104003867	-0.578094788740625	-0.160264529988084
0.572346476353893	0.666964682467725	-0.31704328691226
-0.572859936903577	-0.54028163060952	-0.0451394475083204
-0.371002994638466	-0.424138945265757	-0.120374377549618
0.650418498007049	-0.421790211494972	-0.0202332684314162
-0.11865589827642	-0.000364779060825612	-0.0622681507791648
0.00943763912617493	-0.945149610838419	-0.28071245971646
0.928153257232542	-0.297038736307127	-0.444344148218957
-0.0307161463804326	0.957102711432478	0.365090547301719
1.06649389715471	2.04472861530632	0.521774771776077
-0.0138662764018765	0.760643825235018	-0.241664457951077
0.130129378547796	-0.158147219962851	0.340824856662282
-0.024108417362816	1.19890918079724	-0.109568744990936
-0.131559387035948	0.38424925911602	0.269598582913906
-0.659476113530946	0.146734583284174	-1.71414690674713
-0.316472212270169	-1.04237978334372	-1.2393589844145
-0.000606495922584273	-1.39926759091736	-0.290237218027332
0.0155935996904574	1.3224820118778	0.485937111761532
0.336295056308576	0.922290284503665	0.116121469071948
0.377577054571371	0.257976906701425	2.06265359210413
-0.35070829418665	0.237428777571871	-1.65436720870899
0.196931010279996	-0.331058914274387	-0.0537913830364254
-0.435985139365246	0.123511028585182	-1.10080773351263
-0.2802238401588	0.343078526695177	0.353541449017886
0.0986878371196824	-0.127012589947467	0.336908586930268
0.681109690984455	0.75840012130277	2.10767746060123
0.873481246972094	-0.700567911366706	-0.200422442190728
-0.863662508526097	0.457797743247572	-0.0098795474037158
0.515774156516684	-0.709328036184682	0.296854266428075
-0.407827805655003	-0.671538686664213	-0.427564730604235
0.329679113771162	0.690156020539819	1.09185597359963
0.0408560978243662	0.0267194709942778	0.199467227975843
0.266156281162257	-0.175438771918947	-0.46643145477146
-0.0652787645270703	-0.686795027101671	-0.549095801110067
0.888224228744194	0.353396601078458	0.0456270694311823
1.20807514262638	-0.909968953474167	0.503164483788573
0.956154431625176	1.17185424678006	1.12634509177661
0.872763695800505	1.31238349632507	0.951304307089546
-0.72271230192382	-0.66065388087208	0.677818048540169
1.18717003153584	-0.588899841001181	0.418918685048759
-2.21208125380242	-0.482437108710263	-1.3604490536374
1.79080506713621	0.414129573625162	1.18862542667403
-0.33054172770269	-0.529511879847132	-0.133118550719738
0.0309141699751985	1.0638756772903	0.396099506548856
-0.584669079246767	0.56737476120133	0.152409709815439
-1.06774609366775	-0.0550813102739799	-1.00349077817362
-1.13750221080344	-0.40817375726797	-1.59364100168675
-1.4250216171245	-1.58067490805832	-1.41480016188912
0.411876381507825	1.18192179610981	0.654238440735502
0.386250268690513	0.299447323765915	0.103875545092535
-0.225192617584827	0.0951396046610287	1.94990187501744
-0.0351196769231061	-1.12698649625887	-1.52194550051557
-0.0750907889207031	-0.215332795231724	0.0859780172953373
0.152289463038477	-0.207775602502567	0.112090016412026
0.102537959542162	0.253175547595274	-0.0609681301295526
-0.982774443838671	-0.209474962296765	-0.628557985406722
0.310479945314747	0.0230262271699661	0.115859562660278
-0.034456874584286	-0.502838703048681	-0.799760286914199
0.262241660243154	0.925975264060048	0.421143688199063
0.195588044169836	0.201161707985557	-0.913148821343477
0.164225712552315	0.241491723789272	0.0341669982351688
-0.498489546107652	0.429021229746329	0.109181050329306
-0.275174095081364	-0.444314117479801	-0.690152159866775
-0.0597597262376485	-0.502177182776501	0.681622584895831
-0.0844294007086036	-1.50024333812212	0.868454467857311
-0.190791315606945	0.196174994605049	0.438864097677866
-0.351470795488516	-0.471669796787483	-0.00626547024593484
-0.121765700619402	0.153015684501256	-0.176813781546271
0.294501830311993	-0.293987393519461	0.157839766924834
0.635551771663465	0.41606288297541	0.121546420156191
0.207192879364717	0.473277343061908	0.101849490103547
-0.169469150179799	1.29661639874013	0.0322204256383548
-0.211231374980954	0.644721281088707	0.031176210878173
0.613295684646842	0.677835410503404	-0.19859320576152
-0.284687662762184	-1.82882610451052	0.00251864791597539
0.227045895031774	-0.312691658950925	-0.921141369340561
0.599779138204832	-0.20082168421028	0.235272822863607
0.154264220233782	1.03835739412351	0.566199828095426
0.0477162682336192	0.509871857332136	1.711558446636
0.55059609329726	0.230910620300196	-0.451403955235351
0.197208011351662	0.378263579175156	-0.640879187318812
-0.326376780797199	0.131959079108498	0.112977045959575
-0.44108562057306	-0.0433071667962395	-0.531093425815699
-0.291482848907273	-0.656334648535674	-0.945936708286252
-0.0177844288353329	-1.00831486107169	-1.43984517919735
-0.458884408734762	-0.471072501571624	-0.293130034202568
-0.062153708334407	0.178760227286036	1.04477123550114
-0.430868072241692	-0.151768474258154	-0.0552842038560692
-0.420203454163363	-0.520768262137786	-0.899119605050745
-0.0221614988299532	-0.597091813950386	-0.094108988528749
-0.373135061057349	-0.288646399046385	-0.906083409587443
-0.393249640863457	0.38606672174174	0.86062645158078
0.703878931728446	0.802771059086606	0.951035055557242
0.397808135218796	-0.42082221468798	0.285600268851497
0.491939686799343	0.510335046121988	-0.155746365906556
-0.0854025084113595	-0.279679441282538	0.32042749854976
-0.272465333153493	-0.182421378312836	-1.39353773180977
-0.899859403792747	-1.37687190046897	-0.668160592725701
-0.429891351748542	0.823641456948043	-0.150863736991535
-0.138329202283957	-1.02454016150829	-0.286825749798388
-0.381314501716954	0.411857074542455	-0.811980672039265
0.505377125093728	0.647683950297835	0.962349075333198
-0.0927484305117001	1.36934504622229	0.486691456380814
0.438043000946496	-1.04177555156035	0.0405443960854271
-1.11592385325432	-0.1372372778136	-0.151155716069664
-0.701156777653679	-0.659573693592912	-0.674868395225285
-0.523724703129396	-0.30857252430627	-1.33999649059143
0.426652591936076	-0.493182474425768	0.351829663157006
0.677899480497464	1.15744989007768	0.409185333032495
0.272166760764578	0.19706781043376	1.3642721464732
0.78629915559251	1.07741397471262	0.630830886883282
0.958511044729949	0.04639626853577	0.696919958585872
0.288097279580399	-0.0610533051536178	-0.19117548762816
-0.358516843593898	0.015508177606781	1.17351497904206
0.362588701570515	0.66068007730965	-0.00568575404391379
0.139102831101769	-0.160156348951264	0.660135209273003
0.604787624183371	-0.244792588303597	0.0580845843737736
-0.65432437671652	-0.277860823691049	-0.996893934490785
0.398771819620221	0.00296064830945247	1.11096472910054
0.487824749647003	0.164374845286046	-0.0472807188075579
1.16985208302033	2.08681954629838	1.56689586996954
0.325834534637558	1.33211379972537	1.54749491274892
0.585285573765792	-0.327436054953867	0.771839086811513
0.794761145132849	0.761395350221627	-0.419087687456573
0.114160286331259	-0.0257257392439579	0.957648280337367
-0.172975538459225	-0.435396921927725	0.0851149546910544
-0.145691760527501	0.267371497445113	0.503331334284088
-0.613288913621445	-0.914592838487266	0.0260902468739473
0.161227319461178	-0.47306639644666	-1.23755412553689
-1.79390245383416	-1.35879618412405	-1.25526250158114
0.203378747491982	0.936664553297762	0.311749692717404
-0.189561279489932	-0.489412287423144	0.272285467989511
0.746677104019332	1.09365673983054	-0.182972400008855
-0.0944611318522473	-0.548491402722812	-0.120238479832448
-1.20326687184156	-3.11401998635916	-3.67700586253365
-0.904158824664191	0.147324322727047	-0.668492736113715
-0.814407602425984	-1.1708095493613	-0.731092271775056
-0.625518012531785	-1.25799378910702	-1.11644507967307
-0.659975027628612	0.0854162688475922	-0.820803490367752
-0.398176754935873	0.0385196030017366	-0.35129198362905
-0.199393889058617	0.661285379136254	-0.229937932253733
0.0270827365521852	-0.354266024819193	-0.887866336174468
0.279151336383129	1.59643164900762	1.26707819192049
-0.382281062579284	-0.814209829769728	-0.428233523658376
0.17862473677599	-1.31229493158781	-1.10020046486701
-0.465928533670501	-0.059935802611753	-0.584993333098148
0.585126359486715	-0.576227377415539	-0.485116596937828
-0.0641013531565811	0.939696301335305	0.0566395489154507
0.37952565008984	1.83116728542429	1.15322396668032
1.01734898531587	0.107343534519133	-0.458717097139294
-0.180380392234524	0.475583693266119	1.20072838112501
0.464738973644028	0.368213211868871	0.647547595747632
-0.0801421989102206	0.363348377549979	0.628235432159434
-0.130125986413658	0.170467942527201	0.223453581273932
0.871491421797413	0.594043329979433	0.590158915243957
-0.200306641312533	0.805585852731647	0.244316816620354
0.0169370034141965	-0.339424599285559	0.0388640846939468
0.485157605973504	0.256236435554092	1.24358992098218
0.200593493443133	0.638544952357895	1.43933067677078
0.408749722897498	0.0049347764685069	-0.631616683783834
-0.212982943786663	-0.175041900530741	0.601833368896655
-0.01036413499856	-0.482854353887472	-0.237692294243802
0.063955194683294	-0.760411099427385	-0.129762403590359
0.648227411708433	-0.257814390388518	-0.052993768339342
-0.165778008266252	0.611468478643281	0.882226847846816
-0.498496525767104	0.544744580044821	0.293353852474015
-0.138862579695879	-1.15171665033443	-0.851960978034331
-0.256154401330584	-0.631467471318222	0.551968923638836
0.236079081222013	0.313031554530233	-0.585410505265143
-0.796492007417776	-0.992308638217273	-0.0538429063378405
-0.0757713486809203	-0.736641617099079	0.115549633702949
-0.0829564196566096	0.442783127907444	-0.584929489446602
0.129167441539103	-0.237529960648603	0.588056126823771
0.140826260282053	0.135804934319939	0.268905748042002
0.355965214038331	1.12161200766465	1.00482650262229
0.641807668513332	1.00109559381336	1.34845107002889
0.871986403627394	0.528661488855057	-0.345526473666799
-0.0841971610883187	-0.02699078846078	-0.432172759560515
-0.332071580916628	0.191337057293425	-1.15907232080459
-0.0546696719143902	-1.18133549185437	-0.222870495066373
-0.937498866441313	-0.230269504508587	-1.51058742644078
0.092720658648135	-0.964486857925331	-0.0995232848767305
-0.134769658334652	-0.0186436737821048	-1.45839296333292
0.00726208269558706	0.0539464706082442	0.556169350689825
-0.141624140852173	0.443168829365478	-0.584449863778731
-0.644779117982246	-0.740760335425212	-0.263960423580038
0.537491212194264	1.13866302656278	0.828655721775674
-0.0242021528049333	0.258567731461617	0.174806261939039
0.0156979066879554	0.0643539762593735	1.2578028643302
0.481463458273871	0.169728201408729	-0.360106842621201
-0.530449892969104	0.0874063922720473	0.419619265195492
0.0704683193834306	0.0112252263361986	-0.748314482842867
-0.122583405458749	-0.948265152901665	0.345321215495742
0.228672633256159	-0.788877829425018	0.464010418809764
0.705440876655003	0.854869946515668	0.575279961849097
0.701284836279542	-0.717610549366364	0.13487905665175
-0.536007264283186	-0.0964035078693244	-1.05841190245228
-0.494356247645341	0.528360424973924	0.793364698331522
-0.123521102315167	0.105146733587633	-0.919249697604746
0.245296601538202	0.313672195372525	-0.669893324240796
0.500111131018938	0.393707893748019	-0.0429861284147037
-0.0388471231681687	-0.512052596923084	-0.0113764396249769
0.0308297554369699	0.728816355993783	-1.1329907478001
-0.870929026514948	0.0609420049727637	-0.722407719091695
-0.284960588936174	0.111127690094718	-0.207183522824902
-0.708817084695929	-1.52995312892777	-0.863936954808443
-0.374006444311578	0.300578633203196	0.368296213510611
-0.0599280154679191	0.330877777678183	0.114133828161964
-0.514170921486358	-0.525221698620369	-0.208817642117539
-0.529439813110251	-0.404173292753576	-0.392192775510709
-0.601318860787811	0.000290600467664173	-0.359174772923422
0.868818031935324	0.407367464742067	1.00605638603295
0.0158529700175827	1.18928745380074	1.05548851912969
0.0656810783276336	-0.196759923147263	0.412089279011527
-0.00308115175667302	0.831729290676522	0.392981463756616
0.278974407478553	-0.703940327908195	0.432435608718901
0.398199148284128	0.962205647191581	0.337418705722749
-0.235678726169886	-0.878971601829167	0.390518939463651
-0.205341443955268	0.497676033305949	-0.299213820385865
0.893753880673912	-0.785565846815826	-0.0938891931352556
0.252158874552193	0.688511975208011	-0.132083141510128
0.518586024469356	-1.06162659312712	0.451467233523755
0.704101202701963	0.0561675408324123	0.439294083074921
-0.441258195480662	-0.656064075872927	0.0658572824489538
-0.181594621483985	-1.29359367493084	-0.612439416762962
0.0811862827199071	0.0545927224952486	-0.787208902733526
-0.0864367788563913	-0.368161157323352	1.23359768411151
0.296950656481837	0.888047454700419	-0.323416674284111
0.341818036591872	0.602551569807085	1.3573972173804
0.554625672858905	-0.406689916208427	1.74381426425702
0.274168058334823	0.89540378392696	0.510867225489403
0.224526317287843	-0.522708570787156	-1.30477315801687
-0.485701388544596	-0.0109532403272954	-0.406630259928806
0.206353425359182	0.34543798242065	0.427075390133796
0.696742526864336	-0.0460747969367542	0.733826010057346
0.0778674238003467	0.21550060624421	-1.16244627782617
1.18058174457153	0.519058323384929	1.35991444740358
-2.0088361825186	-0.995612104466392	-3.05255807126355
1.55405147148049	2.00545830831937	2.06923499306632
0.470002968588058	0.978090579613191	0.896381187300011
-2.63662413537546	-0.547610123491048	-3.18727452121943
-2.09268310157764	-3.64023861139133	-1.92433964980714
-0.136021579511784	2.35027030294251	-0.676931610966586
-0.184608206076292	0.847528237555803	-0.0206986293677752
-0.492223656341208	-0.123039658953709	-0.26201219787387
0.269880348902498	-0.353692095329889	-0.240257893944911
-0.633246921756977	-0.255261178150594	0.0940418213549992
0.614545232232792	0.116006554274799	0.723906627843301
0.359087426557384	0.00317708409995922	-0.362644053898699
-0.0227130560418293	-0.365479487997991	-0.203157514396549
0.129141873369219	0.219075704897376	0.0881960177960803
0.410794432496042	-0.765833053693699	0.835906355156444
0.632372795206766	1.29156381380928	0.326000332470461
0.295074411694702	0.164049298503401	1.88003465050398
0.164756945717926	-0.240483719764104	-0.632523550052968
-0.3838447310637	-0.146488359275952	0.110246492273118
-0.324239817699102	-0.830530058121838	-1.23823607176693
-0.123996044485987	0.73970701108858	-0.0258698792639126
-0.212516290755322	-1.08112404698689	-0.447389649423389
-0.407911743543023	0.828426862849767	-0.200813537865801
0.645410776578563	-0.556641087053348	0.267272366147661
-0.0983049766082548	0.044986313019038	-0.497755387068846
0.650735358395609	0.016918899496792	1.92744803201932
