IFG	Ins	Put	VS
-0.44334048150918	0.699171341652069	-0.109780940390479	-0.25878962399899
-0.294564728176058	-0.16891610319807	-0.226620335758657	-0.237372700767536
0.843835066828316	0.438189667573353	0.235400560225236	0.789030489534457
0.665704860376803	-0.378954691455173	-0.605766702366	0.0791534546217975
-0.141287320173922	-0.319694388846879	-0.1283957735636	-0.0844843404062845
1.06968449624727	0.0645666472468056	0.410545608273934	0.837130564726119
-0.164094941488272	-1.71211497807172	0.0258298211270736	-1.75859511942798
0.17231249140069	1.16004262115231	-0.367512026791885	-0.0193771515490136
-0.876018533472306	0.226447142428802	0.503638415585028	0.596117350611432
-0.275171238074176	0.012536891488587	0.486173556965222	0.372516050951524
-0.0720241717850641	0.291338399744365	0.156047050719674	-0.714511733577096
-1.45384630660236	-0.19909153601324	-1.14120422043429	-0.0113979765618875
-0.206896249801284	-0.579216793205004	0.232365374278565	-0.485142982407797
0.246229548311426	0.166045966591875	-0.622186224709798	0.428978309327035
0.146009151186562	-1.1045925183088	-0.803419595065975	0.490586167878543
-0.516514571383873	0.288887356847782	-0.12910981620749	-0.554609561946801
-0.0250351333527594	-0.546089680503281	-0.429250640080256	0.361293173270495
-0.128631322797297	0.105588403752653	0.257210257260684	0.251949908196286
0.0315685508902001	-0.28963246939567	0.17568296545043	-0.0889693916907627
-0.243459645734493	0.920853887721694	0.298464739762312	0.437990406641983
0.433723863616377	0.429785178957813	0.248509912487321	-0.197524893208514
0.926471745398022	0.329679269848039	0.135712903715264	0.259210274614911
0.242698913767978	-0.427410687777016	0.709595737669938	0.276749675322772
0.293476863252105	0.698000026392969	0.237983822424237	0.25375058835758
-0.273512182679324	0.271728519828528	-0.317637633063036	-0.276416444612177
0.249717521375475	-0.0722756875542375	0.828038754692361	-0.367591238842564
0.209841973891547	0.594560153378533	-0.30724132505989	0.406533080502158
1.20214139974521	0.0755094450780525	-0.243695329583325	0.149586971373815
0.632221385217532	0.467685015691474	0.668418057178074	-0.742296824137081
-0.446641823981877	0.024038918138894	0.315871369566885	0.13240685378754
-0.13632000964379	0.0401487559117334	0.279003516541583	0.312999615951118
-0.0714863122876802	-0.974792272332033	0.375856826026321	-0.550123035154156
-0.409187674651865	-0.313236295742567	-0.282896125384151	-0.886739056252163
0.0224887466092412	1.1835487179313	0.463064976973307	0.239813005460292
-0.828634655865564	0.0732779069008872	0.239813286807597	0.348993633354468
-0.582123975940881	-0.555313646073187	-0.263857044504509	-0.877313576853704
-0.542655985780615	-0.294572531330036	-0.0241428914261472	0.263254034472206
-0.570252553051647	-1.07599848971833	0.506870683275541	-0.678835822169745
0.203677420908369	0.214634419386421	-0.179423533619242	1.10424133218051
1.03022355799031	0.773586149838096	-0.121656997264802	0.212187170562145
0.653447085173239	-0.493276753795049	0.238589786580602	0.114677957617225
-0.960272434256929	-1.03607398775367	-0.563218662973413	-0.145311964918524
-0.462537097613143	-0.110885092287184	-0.00605568717447886	-0.190303756736049
0.245654238892321	0.397243328038838	0.0319727128516213	0.222994146095896
0.731741113304343	1.15557618893068	0.767658155750548	-0.0564720338654045
0.0918920933996447	-1.16953491296743	-0.589849851248241	0.268131090197947
-1.06224741010139	-0.508923382094706	-0.364898961818898	0.415593993728654
-0.900022912215237	0.696874418613845	-0.0628379656012769	-0.0010724147459648
0.794679165938845	0.140254032798505	-0.547215345404731	0.109326561898831
0.0385237021821446	-0.818120638227585	-0.35551261372925	-0.852652019492453
-0.111313053144257	0.0758505098826612	-0.0154149995983594	-0.26135107585703
0.33883294447093	0.171113929193229	-0.189848597364754	0.356571382603108
1.11578916081191	0.321978272800198	-0.162814140619383	0.189164701500123
1.003040348038	1.76211901824125	0.627273533447232	0.17397415721704
-0.535719629196268	0.136124290531238	-0.297644715026746	1.10951242852863
-0.760481907393662	-0.56349895625018	0.139080810484859	-0.425861071818405
0.127628788060988	-0.41067958033369	-0.134530816608213	-0.307800734901894
-0.136821565535253	-0.398850552403757	-0.348435200597942	0.0127226629894244
0.0506027895265319	-0.613301171789555	-0.209736070460687	-0.716506924939757
-0.692609996585366	0.0757898115539819	-0.409921178549121	0.227723014022442
-0.891888117931603	0.522135100929405	0.0462178810301584	-0.872105818892653
0.577961927249319	0.169711728523085	-1.08014149563814	0.34617106696596
1.16015532777855	0.56370357016242	-0.196185305399727	0.501192790646543
1.31816479343165	-0.0467703023281446	0.0807235474941932	-0.192732127373815
-0.507186159343677	-0.392654547421918	0.667593214861274	-0.386410698421809
-0.843891675819783	0.677699860102505	0.666830705817986	0.355942684139606
0.552660997392394	-0.022070852335837	0.111992681553427	0.398813651506784
0.126610712454322	-0.49834750983035	0.234860855680659	-0.172938395576999
-0.55918695565954	-0.958875854640196	-0.51886229731853	-0.38990405877507
-0.121688177027282	0.170253314922278	-0.0237102080816518	0.211269404245972
-0.604057315524083	0.50181518647829	0.135529336017337	0.294601490305652
0.776146328892637	-0.686373800876544	0.0902618392061087	-0.0220045191853961
0.4003542700884	0.126181190345857	0.0451254486972796	-0.397823435606289
0.00787103778963276	0.383870320975134	-0.438944458402123	-0.577062813407596
-0.469787554893623	0.293869591829818	-0.290310602389083	0.332390402542134
0.0660091588550968	0.140930781984277	0.818674358974899	0.581412194715948
0.681194602827034	0.169148442193029	0.579741247399026	0.580208053427053
-0.301876888781455	-0.443416977725431	0.560517044217347	-0.329613828221265
-0.256017340137033	-0.683138337331824	-0.982728575936552	0.808875083477331
-0.842361203974764	0.400347006531183	0.642085005221975	-0.471666251417968
-0.339978938810453	-0.455287211136394	-0.370685182823613	0.109058836810141
0.749735558506872	0.508167457750116	0.596895251144701	-0.219952613449004
-0.350091876629761	0.314880274418286	-0.108548541452144	0.166096659803186
-1.26587935085892	-0.300921419619619	-0.0833875871634907	-0.118064428428907
-1.17828474545318	-0.120254931377483	-0.299574769970893	-0.136476330035009
0.954370853973155	0.19903076769516	-0.0576278733758198	-0.157114935148309
0.622350158841738	-0.69658907122363	1.18647010101074	-0.936569834415079
0.137383565391317	-0.0682296925303385	-1.45687305900575	-0.436887720139178
-0.318214867382861	0.24208623915292	0.584533826829059	0.137276435649318
0.44429193294619	-0.548095652116258	-0.0769298615791359	-0.686035106254617
0.8561091456007	-0.214495015781326	-0.0225997760745588	0.81112761274364
0.549116014347378	0.948846364601565	0.673434518440026	1.04544782458555
-0.69060652335082	1.61773874837568	0.0560029520086446	-0.0322984192848303
-0.511314195729701	0.109098827476769	-0.574365456956877	0.214343365226903
-0.101568983529811	0.203410379287937	-0.00615266812141785	0.340339305477805
0.432686163387382	-0.492791759745063	1.11225982195522	-0.278438312903654
0.809687355634044	-1.29742069750196	0.537806545986669	-0.776498907844559
-0.32279801011884	-0.132771156658523	-0.894622617005849	-0.183437613008627
-0.0854742146843668	-0.656841748536034	-0.111313620111042	-0.773351764181375
-0.841862747329936	0.266249590492858	-0.679909561548645	0.593173533331884
-0.367323005254588	1.35940933710935	1.3314450572376	0.492681894174123
0.587604761904578	0.349656712420503	0.170649650039575	0.277500469964222
1.02687623565219	0.642794308140022	-0.208463303133693	0.616581701435718
0.730768692047728	-0.301872295687663	0.0959415975651523	-0.891005454650105
0.0982655017901229	0.153440619001403	0.343807771784722	0.676446914740094
-0.921548456268162	-0.270831490786412	-0.111971308577112	-0.665260744300035
-1.37162606630513	-1.71023664673591	-0.999515342108317	-0.0451222644529083
0.240562550709021	0.260686612403355	-0.46749005295535	-0.617538153012132
0.282391429131848	-0.54720838346746	0.533566992773246	0.192331071033718
0.584563877001526	-0.0584271246635222	-0.444840078245645	0.894472846718927
-0.0111345618311082	-0.163449502623458	-1.2432281520049	-0.309509256940614
0.411080946519591	0.44085197469917	-0.181269174483347	0.111754079774004
0.704859769880802	-0.89316297950312	-1.19341924246506	0.553027033971855
-0.669977059181401	0.843424248229445	0.228110115975998	-0.0260790090793726
0.129859545647777	0.044234838521598	0.893298896295455	0.47776576536073
0.499804116821622	1.62911030256194	0.824926509379513	0.792643825138317
0.0120438296657111	0.778548949325911	-0.640195875601809	0.0284634554287829
0.401862950645739	0.319180045506574	-0.419727859993624	-1.27043543304336
-0.245018996602257	-0.982864053256234	-0.0797696596638356	0.537133979036929
0.0625510594677012	-0.236143903019163	-0.0696060036656285	-0.205520980330466
-0.240440198227653	-0.0841358119682645	0.388579030388825	-0.228596216475501
-0.323448733390013	-0.680145988819564	-0.505509491183718	-0.94645770083849
-0.207339988368205	0.544831394568225	-0.478787656928961	0.815586031170215
-0.470857526933032	-0.391323324165634	0.781483069362428	-0.115260583757567
0.0153440832789682	-0.0275976186206425	-0.159554091305537	0.157207428201674
-0.010355811570767	-0.908760087006586	-0.0822302610777289	-1.558128656447
-0.451433494196295	-0.639352455767898	-0.064368286161144	-0.527142699789101
-0.0612109541773088	-0.663668896648163	0.18221902307151	-0.279466814103546
-0.622272991607273	0.162749817072352	0.608495145634353	0.142424178590824
0.417368620855739	0.237760267149042	0.225476767755129	0.404878512912445
0.583456583299098	0.31462473949513	0.599117281513958	-0.0227823458739474
-0.220021836978504	-0.11154109398757	-0.161328300192817	0.421942315494703
-0.68649743492228	-0.1415892443109	-0.21118343339297	-0.818620699248349
-0.885998232108344	-0.00841140943866277	0.767071713379973	-0.154526104177887
-0.46478815264552	0.490280168731818	-0.320442939829932	-0.643400918094147
-0.751385908487516	-0.247910390086184	0.0967034155155798	0.976895480569626
0.02542052838447	0.392791077924023	-0.279776763777345	-0.469228693475024
0.373468718216313	0.508994799908184	0.60860502656743	0.791121828877655
0.193007922200525	-0.15251686024266	-0.0821128473752521	0.153888188450217
0.29892390167599	-0.336425409452151	0.553412232614177	-0.640961564044439
0.215540708751383	1.17730937572003	-0.267740810548473	0.743174449006501
0.804915929437623	1.07249044745278	0.772967627144466	0.209782156482844
0.713673831886549	-0.835962468885127	0.217156315581877	1.20252060071654
1.30347809181508	-0.0988234983241486	0.34305975044425	0.944265003610793
-0.173811066752321	0.617586489350606	0.581153127445781	0.133132265618552
-0.451340627123183	0.188158002412754	-1.08262809260986	0.606845191903576
0.0258698878186234	0.0445775782291533	0.0726923740429874	0.0145823927493982
0.0949280174277752	-0.376718885079693	-0.723973151454436	0.144051734885909
0.0155524216646732	-0.205923017838776	-0.0303386783598896	-0.0408737696543245
1.42843847719471	1.31994678312858	0.00388788691839591	0.331370471573926
0.819043385209637	1.31081830636974	0.749592632214191	0.460436901993381
0.29731118268816	1.29121477514167	0.75020600447124	0.205288408210856
-1.48768269772141	-5.98361863329445	-4.40652588115564	-4.15347240601883
0.959512284694039	1.36937006448063	0.905307057063736	1.43405457298647
-0.761899922251864	0.285446971252147	-0.0414172219546635	-0.0552294445945273
-0.358200861506862	0.134972465547106	-0.0433464208910367	0.921041801185
0.134626627376473	0.356729696828407	0.380921611948627	0.643340726642786
-0.631481273007174	-0.946272940866172	-0.305987393912677	-0.489158000910556
-0.639802633549507	-0.068683379615281	0.594331864089496	-0.876171650925738
-0.946053004474731	0.367254467811036	0.500491952425743	0.0651380701202148
-0.115198393461534	-0.493296862146729	-0.0455755120151521	-0.953505488869418
0.659786088833932	0.29861796312242	-0.849731062307307	-1.24406213900876
-0.630052629605493	-1.2152317692279	0.273455094124983	-0.251616684800181
-1.17583370215409	-0.0644525688437358	0.108846598754167	0.36425623955172
-0.14228658156071	-0.0814751942404765	-0.561998495438864	-2.03028122819889
0.202671487758783	-0.0187682099405434	-0.161355201911038	0.811669854604608
0.316324111832786	-0.218755891396438	-0.471811774152178	-0.0537980946990858
-0.247588179886755	0.00562233136091095	0.613914325527808	-0.0433786032434613
0.730716483715467	-0.00380138147232425	0.330813394801297	0.884895984723534
0.689701415431067	1.25652182946963	0.692088034819109	1.25259400502503
-0.923752826083302	-3.00330951204577	-0.55514990862174	-1.82100859389088
0.726862504963838	1.06645549650518	0.371829757568783	0.468478876684275
1.59603394353809	0.771301997398555	-0.0283715389705293	1.28502382168234
-0.00307928859282666	1.08001823313277	0.431909132491255	0.901836381681581
-0.635272874036991	0.67835474116677	0.350233419705469	-0.4027397765028
-0.245940989611646	-0.0684235098227594	-0.3805939863259	0.843910106321225
-0.445299410706097	0.707663318005416	0.156224633606439	-0.614259128034911
0.93081471490205	-0.482307032171741	-0.234004029386264	-0.4555457686892
0.647627426710782	0.204981473376643	-1.19178133918659	0.329725699910253
0.52408839810745	-0.374139801526564	1.02639326158766	0.618276194143371
-0.311088470593857	0.673177527328495	0.376647977589784	0.0635331947836214
-1.57233995863303	-0.0547986537903663	0.977669697632944	-0.645334465982345
0.489241640914508	0.0519687822377036	-0.183342128569947	0.684015064931617
0.224465600675252	0.377775748349196	0.258256458825249	-0.792042038318355
0.504509196116253	-0.373653134039993	-0.140253391041315	-0.311437239555305
-0.154537737513485	0.344786973574129	-0.344632107999672	0.178188845455841
-0.946110693838228	0.379636742426819	-0.221867332098429	0.183641363962386
-0.167226240122996	-0.637399376522113	-0.65844440611193	-0.337265373951495
-0.594372321076432	-1.36608167361058	0.157500050655928	-0.318165992446961
0.732756696232424	-0.537438531599092	-0.748754777014461	-0.257575068511686
-0.0796293138105387	1.00708931185108	0.409727212407128	-0.0124133740529161
-0.260959223008927	-0.650505710367054	-0.513547548693169	0.917032225691832
-0.372068917337292	-0.196795157551662	-0.106314879751792	-0.292324111021196
0.255665324950691	-0.178831332069298	0.518135707365234	0.200609769710046
0.560290189761987	-0.0991046389781693	-0.576864664688484	-0.463131386836921
-1.13642453153407	0.295377123054101	0.00764695116791186	0.985948313378311
0.292666577350285	0.722248429431506	0.390454634198751	0.56928854843389
-0.32812528003981	0.386333709697034	0.378235453638016	-0.316906572775537
0.224290876972808	0.207219269874479	0.0503796896496664	-0.340974691821944
0.56091867980506	0.514519539966078	0.337800776498834	0.639778567572385
0.38315207349459	0.663123139660009	0.163768156523766	0.162201697091794
0.640671732416179	-0.245289478963111	-0.00995878427878328	0.240873159100222
0.230516794477212	-0.971541336364474	-0.142699886793941	-0.839552700690636
-0.602208208578281	-0.875802027534092	0.429927375853564	0.208266235629507
-0.419374131919418	-0.397125936110357	-0.344229644267292	-0.44263088399922
0.101574231751621	-0.256795088504552	0.178625945780498	0.641165972070559
0.725956805567929	-0.111980503404806	-1.04412897521344	0.37343015857276
-0.486453311992148	-0.544903813170672	0.482407095264458	0.400642618790953
-2.16463429132413	0.0477391650333552	-0.533258324124388	-2.63019053530485
0.0835114716334978	0.650102409193546	0.954549477674395	0.246666539524982
0.485633240576206	0.0278357057368098	0.0653580659263137	0.529830315226081
0.0457549074495183	-0.415205081827085	0.162356479189593	-0.805880797743784
0.74714480822827	0.0284859910721886	-0.644707050647345	-0.217045853564325
0.421825881499911	0.566407671824747	-0.807677086218369	0.917210100940652
0.0974967470009352	0.651503273641049	0.783517544513699	0.138322675709004
-0.310123734966644	0.400440814999846	0.265521511433856	1.0144160057151
-0.122023616051787	-0.489303101909956	-0.521657889562653	-0.12434321737316
1.49301177694744	0.138934295773262	0.334701002223664	-0.0166182220345415
0.15002614075891	1.19105972671795	0.364241884125142	0.914233895610384
-1.09513769773892	-0.180415495501166	-0.312301261274882	-0.647919458992564
-0.13520019226647	-0.90600732578767	-0.119719150114487	0.41376353210108
0.216203973894576	0.187107259412121	0.866548716866128	0.924377160524862
-1.54457857626195	-0.2420839640809	-0.363244716363813	-0.629230348017408
-0.261810173507197	0.356755776029313	-0.227590597383961	0.114348223739768
0.21964680442683	-0.151164456681956	0.588567579843784	0.223673596117026
-0.560224754043905	-0.228442112254601	-0.901178675888834	-0.873798458884926
-0.975270052672455	-0.1055104409689	0.520048443659042	-0.581722799803359
0.551116451171003	-0.240591749981781	-1.0978267558187	-0.0783734689008753
0.47296980652406	-0.560643802535595	-0.298467157652578	-0.105112757020762
1.12816787432264	0.135233122908958	0.916800702779802	0.558091039878293
0.651590582952718	0.214056423529294	-0.573805226450887	-0.16410705971692
-0.058997120837055	1.00675298444832	0.603185437600971	-0.682992427361538
1.16042220871137	0.682961343916518	0.725729604873278	0.259198915631326
-0.45097227924128	-0.96730590029443	-0.0676450456308757	0.0032854962482189
-0.459746443745764	0.79737240862583	-0.538999621072239	0.550462523855888
-0.516007813641674	-0.637749980889265	-0.252406202398859	-1.49022754316348
0.071318592994652	-1.12347468385433	-0.330440179747046	-0.727569834880117
0.652809288206611	0.475178058031901	0.304928857352753	0.273732118536982
0.302107356637842	0.310066395432241	0.0353408965458903	0.430027580817349
0.0929180728681212	-0.377434988565717	0.507725118070309	-0.883323695076924
-0.05379570836826	1.09109197760213	0.0127718286965837	0.327563828172896
0.413284465617509	-0.36413192927816	-0.3236212095958	0.284521674328588
-0.226993011377257	0.496365011981733	-1.06159792216221	0.219866430515108
0.408035961742093	-0.360967865686818	0.7928791707144	0.150897785164789
0.0625400797082541	0.312629750476593	0.372524838806174	-0.152410402134147
0.138298079581177	-0.399681243992367	-0.0512180374611615	-0.118567277273008
-0.381792454392642	-0.851583322738081	-0.0972803625389576	-0.377312895079537
0.0830656411750069	-0.176542209522278	-0.0184057800942035	-0.0769731536003368
0.164670745705	0.481033998039611	0.021245774568934	0.932453309495687
-0.342771976830371	-0.758967103153088	-1.02453358723414	-0.719296427940828
-0.286974835409608	-0.331602207322819	0.858874823224217	-0.0284842624841854
-0.799459122792255	0.394321300964657	-0.228858761869949	0.319234678199973
0.302693841005142	-0.796506460820354	-0.353849895334717	0.276449177838182
-0.556926854782122	0.00822370859003267	-0.576891229017582	0.334210175396734
0.36001774055454	0.172651179366555	0.0660926764341753	-0.471006314280542
0.537670320951684	0.205481133167232	0.0716018443968012	0.315753837385596
-0.610501559876821	0.674778358901243	0.49861685289054	0.59859781283303
0.194058354974313	-0.906693835977112	-0.336586277233039	-0.765634091003771
-0.292399974821832	0.6495174069122	0.746399059445389	-0.403509212384479
-0.209755094519271	-0.433187158294244	-0.600635405687728	-0.597504452801239
0.456304201608167	-0.140466600830923	0.534429879532237	0.480745636740524
0.218167673496857	0.435139213085469	0.338202478978523	0.748164836298815
-0.360965578179108	0.570914595185126	0.296777770899562	-0.251723008895136
-0.258075577094348	1.48362980621699	-0.149776786360814	0.499083811549926
-0.336618387869326	1.46933845227356	0.350735565268855	0.687822569403213
-1.09612179720649	0.183456040524669	0.804570156456634	-0.0584014444812861
-0.125366819538092	-0.823295583609039	-0.183353460476166	-0.844092674497477
-0.158772361332983	-0.548754255827345	-0.0506420772738709	0.0908215889258361
-0.447102016928374	0.318312666240623	-0.303435009410469	-0.446649704205795
0.817986782760749	-0.0975901864738978	0.156185404551982	0.509015112684678
0.727593787855957	-1.01531199258724	0.411656164762905	0.714725940494244
1.38407407792326	-0.310497749792497	-0.408791743589392	-0.275443031975976
1.02258779776034	-0.234993177314722	0.0940604177872919	-0.425975177866789
-1.32752617667274	-0.699158883529557	-0.590117934820491	0.109081070694103
-0.259136355298172	0.767754391153625	0.0953901551656064	-0.485508414317936
1.04049718696348	-0.774900498197991	-0.691946185839441	-0.00926004625921235
0.205968846348292	-0.0730834349650943	1.06855242094165	0.0791873453467604
0.262426275530732	0.893184851473147	-0.167751070372611	-0.516767354658753
0.0991831006632942	0.460876747814211	-0.160322266284466	1.33055155871629
-0.908381843422406	0.540587059906431	0.574512234643465	-0.0845695125243934
-0.860718306543816	-0.159368197685685	0.258932135345912	-0.419025324858402
-0.0142399277632589	-0.4610091467425	-0.620772203170846	0.277743850476142
0.61889339454854	-0.919846754826152	0.2094472152538	-0.608184268334123
0.362745709927804	-0.899171615189887	-0.763615673129377	0.212133741693092
0.165584442993004	0.055893325929361	-0.268820773676953	-0.0988929291348734
0.0850488531510481	0.317921730399952	-0.0258543150508648	0.0652298865557972
-0.521513700519136	1.21146754077278	0.531924576655356	0.544545951015365
-0.314438567525338	1.53793167657678	-0.249614332364464	0.433149103084534
0.446598803401335	-0.479877152679616	0.270712939098984	0.030242108142489
0.167027278932174	-0.361662077158678	-0.740571245534132	-0.213595417949366
0.228574609624823	0.478967832370387	-0.97229404729466	-0.821278956002776
-0.458778663574418	-0.830335186861922	-0.440686748122412	0.427454501065634
-0.440126102789541	-0.0480360029709851	0.238467873727586	-0.186610909165084
0.052018632049137	-0.874078169169421	0.283429011333993	-0.0741006822424149
-0.647616923227362	-0.17176445143211	0.376210518354948	0.0543437487896653
0.200337974389746	0.114139108911457	-0.533583690466968	-0.262548510221903
0.265236831674126	0.0509315545965501	-0.334039426893446	0.427400249199299
-0.0407403168217029	-0.869166175752446	0.0190681664689427	-0.956236230737832
0.608178382174204	-0.134116987018894	-0.213756683017759	-0.761227146099406
0.609628232377508	-1.11364224709622	0.303396017453854	0.498586950512929
0.257327792118061	-0.183620828715163	-0.225192742200694	0.36069530889097
-1.04788726889101	-0.570664297430178	-0.388665651263032	-0.3567279101431
-0.853352115519255	-0.0244627645885526	0.848827865121442	-1.14648568982794
-0.241032594214658	0.488941174404368	-0.698210734034637	0.748300872318023
-0.225545286382435	0.974728694125805	1.30615042200305	-0.939561568843731
-0.0468787110516322	-0.166844201835332	0.177551359615255	0.767190009125616
-0.2721406741364	-0.497877234708827	-0.0225036125645292	-0.0138067491932809
1.23961723955887	1.22186728646895	0.692408448747467	1.05691563148603
-0.277556978611377	0.902055056036692	0.526355926738793	0.571223386932868
-0.547336288540596	-0.0481094297120038	-0.791775687381159	-0.360942448349463
0.11371331545337	0.384574135541978	1.17929719341989	0.0786427523104815
0.423828402702037	0.91610731683001	0.444748563041592	0.531385107789108
0.204880661444946	-0.681849502911186	-0.148006461794355	-1.1210360043626
-0.19704009313413	-0.244099602578214	-0.80847187307905	-0.433199037901363
0.188019293399737	-0.253243903036829	0.848886504528701	0.638334007879317
0.910889933377355	2.35365309431925	0.235716737038861	1.25879340274127
-0.454585797010096	-0.426770789072959	0.291422009525602	0.475359570870722
0.171828210649544	0.590142796505544	-0.239560447985448	-0.416022196063742
0.485608812011445	-0.435775620994537	-0.555298950733246	-0.360183907462784
-0.744507797125221	0.357426425349291	-0.341387121463415	-0.0465293066354293
-0.0591331102496158	0.709491608116228	0.150156946348798	0.230436089951911
0.123863766940038	-0.235507355425983	-0.467457430242411	-0.134801920990921
0.586695545049202	0.499404517128865	0.847380109422624	0.230256608908082
1.2544216667814	-0.0255359932141092	-0.272318826133444	0.328618515946183
-0.357213717715218	-0.228184365281346	-0.191270049937175	1.03326495938274
-0.490899879215166	-1.07569544905866	-0.499876958134513	-0.539541567488286
-0.426806951827866	-0.650533447505961	0.137733615651522	-0.676837764849885
-0.681932692040812	-0.980073971685273	-0.170827905039652	-0.611132811760353
-0.715276242542286	-0.459316307429129	-0.480425683182931	-0.747556500125134
-0.245822871085397	-0.676368376586302	0.0922031318111988	-0.344849281850354
-0.0218595601482215	-0.28637777488686	-0.35457421014527	0.649584400424019
0.344346182602218	-0.144406696310663	-0.172201532097037	-0.519169222504877
0.314749619568575	0.167041747261424	0.0595403093833563	-0.638617280168793
0.0193034457516267	0.361561080690846	0.296423064720327	-0.111383016861552
0.62832219695668	-0.529691341714761	0.242337668747656	-0.432250781712272
0.408340244420017	0.909448772541431	0.398829852711465	0.863274465038918
-0.855082354902627	-0.654988034294967	0.273500810260309	-0.424501524318914
-0.510209471455293	0.0367602463698104	0.631300446869187	-0.0860206430223684
-0.159305158157145	-0.6135457063075	-0.745663050068301	0.942968818736906
0.484716518355268	-0.835465702838852	-0.40759649163643	-0.921717090808437
0.605093039133156	0.206248871844601	-0.318950868673707	1.28902945965584
1.42215911757433	0.871451113134593	0.116071320442011	-0.262597330497088
-0.0611358333540708	0.501847705356673	-0.0876790923966986	0.568611698667265
-0.625625139434945	0.513668445014485	-0.286985335645384	0.312526437177028
-0.29446862935378	-0.700988849226853	-0.606087013655712	0.154525815219692
0.488519414096574	0.76643264823051	-0.0807569311918004	0.718212634551696
-0.981872110370441	-0.176313711034838	0.352586703942573	-1.16230321014673
-0.986282088563899	-0.0249943732771936	0.243924656280963	0.106952842354366
-0.368501216938011	0.239839317329591	0.43739068236417	0.142376751107895
0.00694696964972874	0.150507966641521	0.0385891342370419	-0.774791696020577
0.481713454720575	-0.675909307505548	-0.555676994200905	0.455291692364424
0.415604194453937	-0.183178927322091	-0.260118599289713	-0.299631247676554
-0.561525449709326	-0.0601366630766939	-0.414314149761876	-0.38387905229472
-0.215052450922976	-0.0526578465144186	0.172057066881867	-0.0406791936116304
0.53214301594778	0.834930268834058	0.086524926637405	0.288170092920142
1.00045998659053	0.399105467210495	0.828342181621567	-0.129068828163036
-1.2454058979151	-0.287485311735073	-0.129853954911555	-0.21251556147683
-0.21363388435083	-0.308498361100553	0.0235604608186157	0.242116367655465
-0.429238521534047	0.686349191603483	-0.0524505430294364	-0.299841813676596
0.521447350471054	-0.399082201693146	0.337470994757792	-0.0167585134984759
-0.466271756899398	0.421237159243366	-0.865769336360694	-0.0305509591043953
0.0960333901656238	-0.120381036894449	0.604561413163796	0.303067365010114
0.745582240681266	0.195532789563344	0.0705691149752897	1.26422228906426
0.831310477858537	0.323521063926589	0.575650691985602	-0.79639332437933
0.166020615580268	0.1261003018581	-0.380213640562892	0.132274093929903
-0.333330249704448	-0.129904488385068	0.34914454252139	0.882960825957588
0.349915800317758	0.139648056739118	-0.257416929684275	-0.184489246466877
0.585482937731522	-0.0785652516117034	0.269185905918731	-0.130056808872586
0.144089829974882	0.154334802413982	0.0406543165629518	0.274149027981914
-0.357011442924317	0.892416298214112	0.412156285673569	0.0380626943551291
-0.778146952202982	-0.387294264980681	0.29323949473692	-0.28844245856932
-0.00861319951862201	-0.498231625926275	-0.412493378174798	0.113475606513888
0.304979019568231	0.787291582887291	-0.614528871676712	-0.0766331030340277
0.64835729142466	0.449903473297192	0.52610548413115	-0.928409998988565
0.581485449076732	-0.282606192454637	-0.991640931839287	0.364678454559065
-1.44817243555354	-1.67528830480867	0.374761103706418	-0.632644849704418
-0.525502248661699	0.400629958411812	0.349604687010189	0.113193977696735
0.830382936630832	0.110832564327357	-0.18007555385955	-0.273450004486171
1.21465909207562	0.348070842225964	0.520095282012835	0.272941924078756
-0.496246767015554	-0.702005085594565	-0.233374582149158	0.268699907126012
-1.08438669460575	0.0408348405883213	-0.0532820476235304	-0.59301465933353
-0.898564068139203	-0.9817206644094	0.440208632424356	-0.757513060143956
-0.516391372796708	0.109574370676415	-1.18733181685269	-0.0354044245275816
0.175797581166565	0.783226943725155	0.895554123634884	-0.0160120164493604
0.162282823378545	-0.132952066426183	0.0692459505772527	0.3305345900308
0.848374424978918	-0.804243956858789	0.63914731673193	-0.048832391777151
-0.347673726555988	-1.36131366497478	-1.06164858024025	0.173642709718787
0.166733877686247	0.0280508267119623	-0.360983585963521	-0.142361544717762
-0.259349086589311	-0.469045783741391	0.0549525297877857	0.690366375698121
0.317631101137304	-0.0427738746306115	0.503565372206027	0.769203092212248
-0.648412804769132	-0.299195930401648	-0.37796695987203	0.405748421987237
-0.305632022313135	0.66673443553217	-0.277162177953515	-1.2539419543093
0.661641516624198	-0.0248691021540002	0.631465932950499	-0.145745085226427
0.956430739958927	1.05039142325885	0.474002089075183	0.503758778287198
-0.0950330083954486	-1.04042672102126	-0.526110892686103	-0.983155981080562
-0.575524427868518	0.205644195590021	-0.238021409313179	0.604123129330163
0.543534863799766	1.82040495158757	0.092124954905214	-0.196742308026351
0.122728796218516	0.461714091150912	0.591143090169899	0.623255226617842
-0.616933268532399	-0.0416669720164427	0.440513078809314	0.739899485307431
-0.293250573400622	-0.162393112765644	-0.403356649690015	-0.74892282470915
-0.0950751508895091	-0.796783154507481	-3.15150974674358	0.381887011551763
1.44997569888936	3.56538083007885	2.66249889913133	0.830220211674967
0.752371990403792	-0.0536335439940396	1.42399812001303	0.939309282788414
1.15958624405641	0.406705975556958	0.659147728043	1.07185650540959
-0.218878192265069	-0.561086194409329	-0.078519561826395	-1.40813362980279
-1.91714665064956	-0.763144938381458	-0.881340509663445	-0.586081328954263
-1.43258722704192	-1.07351264226987	-1.17578355181016	-1.51605213301471
-1.53652656926876	-1.52062735550182	-0.738192897867199	-1.7829840635994
-0.849262047087966	-0.851273583174225	-0.714211189484273	-1.08242646340123
0.572549245258283	0.540885993780503	-0.16198131496919	0.0600430885371458
-0.0355370490316068	1.25812298981288	0.0410854653305946	1.37921907601202
0.467534461187697	0.276982655419445	-0.592056125912078	0.385471409503224
1.38902388102207	-0.241574148601092	0.885097882196011	-0.372605894585872
1.23575244312784	-0.464768914210144	-0.221318299925751	1.021678484368
0.868379351227352	-0.301699800992914	0.0852020335289985	-0.0388585436499494
-0.647600741775968	-0.551424374680723	0.114761262990517	1.03761698376826
-0.143672185451123	0.193496922051402	-0.331617858720975	-0.126600163628704
-0.119499830184722	0.489660083618852	0.452664514028057	0.730875709720805
0.00949197866551048	0.0358347606193958	-0.0912502112956709	0.23669670424513
0.0579672249470004	-0.0214274000876626	0.885221993561154	0.469783455211037
1.17087879091787	1.12878191018704	0.148937014062729	0.362710512952314
0.19347404197596	0.00564280538685365	-0.597688352688991	-0.26597728000825
-0.592364628463647	-0.615373775208135	0.522484888864497	0.311879134076971
-0.148478961510142	0.241625842785898	0.651198356485126	-0.451790342188797
-0.0842423780721932	-0.682083290816815	-0.0782488505868169	-0.222568756731423
-0.743532857426567	-0.441543951621477	0.0306867481393083	-0.641272989135024
0.351774064593243	0.143297913179963	-1.06675846547942	-0.197101359717552
0.155699399494544	0.997009359032438	0.985910834305602	0.0797519145865489
-0.492909706622958	-0.188937003398251	1.01188438150426	-1.02142783128856
-0.309522989703055	-0.334242087092934	-1.34244756529257	0.318189654784625
-2.08494455945424	-0.0937009476025906	-0.317784055258516	-1.6372456651564
-0.147745776495956	-1.05808209486484	-0.388674383434961	-0.661307295710508
0.867892596002731	1.09363220457572	0.08403179584893	0.422384119964578
0.0608059718924739	0.452604310474319	0.781568921518572	0.837543767383189
-0.277485013702284	-0.276050590610173	-0.176114477947177	-0.162000928350591
-0.0345872605137605	0.204525301866686	0.0515359761941424	0.0715402131288593
1.44864812905125	0.179724813877762	-0.40905825868857	0.544281753076361
-0.395635923281433	-1.10820740724596	-0.172533391475441	-0.739129146720653
-0.872209184074833	0.383615380206026	0.00316042038695033	-0.101828233323791
0.200580008069922	-0.585760429600056	-0.0359022702979435	-0.638454136111502
-0.507957764756439	-0.208846903840376	0.305142949222699	0.513654590076032
-0.391280313008934	-0.376533639434195	-0.949616576425767	-0.449220102405572
0.178666036289603	0.126473699638003	0.397390024741363	0.459054073941625
0.0938364854022521	-1.38086509671697	-0.0192477915070148	-0.945400757103937
0.335225061486678	-0.461586354115523	0.0106394542429547	1.09984973318365
-0.565501468366142	1.18606788674476	-0.278553154788696	-0.440802079021059
-0.291555711002883	-0.233254663185072	-0.335159500279392	-0.200005028127889
0.172272901244242	0.0149078752907039	0.300956946361266	-0.284019210043721
1.58215792695464	0.322467945673564	-0.733283519235038	0.233220103555778
0.833252436435465	-0.702201777415826	0.408604405756693	0.46371946405738
-0.59179539015963	-0.524838566497855	-0.622185926926733	0.296232563394544
-0.0115218926026043	0.896665791142557	0.590503713979827	0.599145927473196
0.29895149037447	0.587506250040187	1.14518068414425	0.697859643083236
0.172858679037563	0.440357610014035	-0.41794637635486	0.718251046261943
-0.563467116641884	0.153653922744296	0.59918453006537	-0.206481202435059
-0.908239124235813	0.788984017204865	0.0762535247761549	0.229023981232083
-0.426777092160086	-0.580503851998816	-0.130924348940779	-0.261635599483714
0.156936011969172	-0.193961862479838	-0.201782375939136	0.59192802867649
0.995876015163759	0.776016756267605	0.452774157061852	0.263969325844942
1.10906585645072	0.894782302912298	0.335437559331602	-0.586374480186732
1.22636460947532	0.17405303623757	-0.178938697846045	-0.434347505151769
-0.0247903669834291	0.384429579662481	0.6493281883587	0.226660764017154
-1.11964849488178	-0.756934019789856	-0.252490241757438	0.728713067451923
0.00801464419642862	0.0274818117073431	-0.857534646635926	-0.189691190155845
1.05862684867707	0.681442289555543	0.816843044013609	-0.905159833439993
0.0197779081286852	1.45001145992232	0.0591911997923944	0.0953623882880833
-0.128343100774095	-0.494575441564939	0.807040198061117	-0.35948462202089
0.706766097002941	0.832573126296788	0.62683277775523	1.26057916307292
0.739115559143526	0.374259500914212	0.325331063099235	0.334195781349323
-0.591098882721276	0.252831785087088	-0.224214054706309	-0.563168982195631
-0.0614498124734324	0.702470440620659	-0.0338661591969581	-0.313552114922285
-0.821037700755569	-1.13186363543535	-0.345961597821782	1.54862062569949
0.541458245513288	-0.176973194940252	0.184752889221936	0.646703058250408
-0.610425660527102	-0.691724024325685	-0.881998315239863	-0.456153423183222
0.71116537859401	0.482524298681577	-0.0325655309068115	-1.10098766805722
1.37721269206463	-0.0199755252506547	1.35088986583815	0.378385037202625
0.316591594856427	-1.65238521411817	-0.139794038126313	-0.544446637729997
-1.48194713400103	-0.225902981786772	-2.13071723860899	-1.27649294482871
-1.56472582877431	-1.22385163805	-0.0145361853966064	-0.337995296594628
0.0714864647131041	0.346278081694484	-0.319263511249397	0.884927713845151
0.485134024473785	1.76396409820494	0.26091878369656	0.69846257737861
-0.427371556650784	-1.0161270317828	0.405989874944883	0.165971448946309
0.283223959453212	-1.24894326451213	-0.0460976971854092	-1.1744936016077
-0.766559612357772	-0.0271226920565403	-0.478986515815887	-0.227287710902492
-0.0788346943080758	-0.215436075201846	0.314481318249993	0.102072713880427
0.162558096527535	-0.249831218270692	0.211814643279206	0.734615926057844
-1.18255825762081	0.357124998757295	-0.541606175409232	0.0921678860109646
-0.417497920936527	-1.7754544070469	0.00438638319740497	0.544778802610063
-1.53738475503898	-0.486783748164618	-0.620895807493689	-0.859329592627728
-0.474915315520589	-0.446426129748823	-0.295713279696749	-0.162270711312963
0.620610390634349	0.384707720282028	0.308854193848525	0.576557873112042
0.194936522826625	0.306757692933594	0.332301782589368	-0.754729244427416
-0.295009848895054	-0.682427459645999	-0.880102611253191	-1.11263171322001
-1.01357225878537	0.433838698166014	0.10858504651546	-0.475720739387047
0.689321489244158	0.276874892533066	-0.20796030265782	-0.580527831522856
0.266150943634832	-0.0982226440447942	-0.081253616753448	0.373404371132266
0.269612453190978	-0.155904535295307	1.17979864725354	0.58205902987641
1.01832742777098	1.0548054121953	-0.0965055186707139	-0.969049906202569
0.124228101674464	0.373402435782251	-0.714269423496725	1.06194777262068
-0.747370503575886	0.331768202780407	0.390446009221448	0.594971368575148
0.911015612682865	0.763010952353724	0.565861208113036	0.261585774939494
0.853369740218874	0.200527846121021	-0.448758903250913	0.477407185552427
-1.49137510352421	0.0913551616197805	-0.635974333466529	-0.0629641343217819
0.186961437154744	-0.725833599789992	0.617990251621178	-0.0253092382544235
0.891062699258784	0.173768110839175	0.601390619223711	-0.355328889989625
-0.73744041129638	-0.0311246481502011	-0.696944962063369	-0.62300568172029
1.21668853712317	1.25608393926588	0.801572811358439	-0.193656808635553
1.28341500021957	-0.397823672428504	0.595941747433917	0.358075243709381
0.473093678388663	0.486663923458145	-0.0348593254849979	-0.104486786441028
-0.638592670215556	-0.504752097165256	-0.0842248603692035	-0.616931305669659
-0.147278418061121	0.86890742913084	0.808992112332135	-0.123007778528459
0.247288794434002	-0.647951895291998	-0.888611461250444	0.34534606679708
0.639748163030445	-0.0890946515737846	-1.03539792604511	-0.0457209366567861
0.110567890081395	0.367122843939661	1.62595184451217	0.625839372283614
0.00155932844549511	0.487571956331615	-0.680112933316164	-0.401729278340979
-0.210955174182111	-0.480526336836789	-0.41786428363285	0.544521805385599
-0.312138413949612	0.527287647337894	-0.756118495412955	-0.680347843781641
1.00907208452699	-0.908607018673933	0.688782692070871	0.79280739316836
0.129426816358793	0.96798081096275	-0.847236092181502	-0.059863326134868
0.56223640962554	1.21359983448146	0.326486553504889	0.537614101974031
-0.246478605179018	-0.788152737296638	0.150243236127974	0.292894856090162
0.890099605092586	-0.401405744167296	0.408357719487634	0.579571809059557
0.581839422181524	1.07515720865618	0.757302956291676	0.367383935732518
0.14133838776437	0.685281208502701	0.392998746750463	0.284460921863822
-0.811168566816022	0.41184830202558	0.288133635415193	0.296810411355041
-0.915130563321567	0.623421238665809	0.0367497753131108	-0.476550748287599
-0.535973655843983	0.0576596940855606	0.325097419840533	0.0398786299732768
-1.15368624929317	-1.21251330177236	-0.463680612740001	-0.0731153644489468
-0.466123188248211	-0.706424988060029	-0.176639499796971	0.305495584353552
-1.95291482615784	-1.57521757947382	-0.5127981835695	-0.58046149017749
-0.517745825850441	-1.68631026669676	0.119740347115147	0.0845508258777455
-0.224018659512019	-0.0474991338238598	-0.355534932367152	-0.283403986758781
-1.15262725524306	-1.31310671016427	-0.401999339375336	-0.544905564615952
0.102548999652395	-0.248365312676953	-0.554941672262982	-0.0828960858122645
0.622033617473162	-0.774794952799547	-0.383116060818475	-0.63912290936369
-0.619180569872951	-0.281979682100604	0.796329000724697	-0.362766565295788
0.663818680026744	0.760413800216453	-0.231537795333506	0.114557485190223
0.59509655333155	0.609293279473073	1.04867813766971	0.999402273434528
2.06005396369408	1.06279760010902	0.484993027576294	-0.207290509315967
1.07443044422578	0.0361034746956041	-0.32160551476655	0.865514386612499
-0.171361599261506	-0.338492006962188	-0.0213925652680548	-0.711195717334988
-1.27391555944063	-0.0472770009077873	0.289821384951851	-0.799145534546559
-0.0428941538883752	0.298461850046907	0.247424718658059	0.906401562267944
0.420479776423355	0.327498182650642	0.415185908504076	0.493576018337254
-0.891277595140214	0.229669820036165	-0.63897742961861	0.0296050507253942
-0.632914922659977	-0.943505942844762	-0.143357286745816	0.427877895371507
-0.0609379980382875	0.208246694422235	-0.852380131002251	-0.863155450457315
1.00105209445539	0.626729927812792	0.359040266164343	0.227345302651725
-0.227493938370549	0.0910605149015084	-0.604617923102474	0.319660666501466
1.0100754121206	0.0211244380089074	-0.653863360524726	-0.827673970781316
0.976021789815729	1.15018702091905	0.646105239312968	-0.0245298944339564
0.830430873369852	0.675079754014181	0.267636866459825	0.631270496653006
0.0269827598224986	0.674732939347525	0.552897643320213	-0.0718941869480632
-1.02792242547371	-1.47969101010378	-0.747303443001084	-0.993312154121234
0.167284113913441	0.826843902274176	-0.45972567801465	-0.257562879793442
-0.809709012544833	0.154586685180951	-0.59305468135169	-0.0185606223293251
-0.0439210572022335	-0.315853875462717	-0.0434075129227028	-0.648715501762117
0.776844658943582	0.311974393016651	0.306584855721527	-0.532931559332113
-0.54879643131862	-0.614062264500974	0.420514720290164	0.634079479516541
0.373128893412166	0.116468241849194	0.52039126098288	0.344828719994841
0.109267479600934	-1.00143675084134	-0.00704550734946427	-0.328884733212289
1.3034613904142	0.256288298197401	0.401290262999803	-0.397488035634983
-0.344792442616811	1.11506056150005	-0.712521723885084	0.609937755835178
-1.68822357756135	-1.04894332102553	0.86410008257653	-0.581256379717306
0.0828805727482466	0.0805173233835233	-0.680587218725212	0.266468285523451
-1.20617694225375	-0.612937998775563	-0.313701167504849	0.123274647214637
0.174592170260471	0.362775670696824	0.567771385840964	0.0176579989923863
0.0394161570159523	-0.197057498466407	0.45339329554071	1.24388693088615
0.655783128642764	-0.924461816494624	-0.303719821132614	0.445529080081771
-0.0205044078429215	-0.119688812635672	-1.06469667270939	-0.0973110487683794
-0.992249227781844	0.329588889732681	0.433253081361092	-0.787339538574623
0.657714138058102	-0.226895518783	0.3085114705354	-0.583347940153601
-0.356016394912598	0.405184281106651	-0.241430783164148	-0.191519389021744
-0.115786448860994	0.31894769593171	-0.0660440255383642	0.131616643609055
-0.705297695107532	-0.205833477987511	-0.049944237818972	0.233545459519649
0.704096897735775	0.32462738258944	0.0413905205760495	-1.08118282161188
0.809040028438104	-0.0531268969543033	-1.06551101517289	0.0782100295372041
1.23389941375351	1.77759599640664	0.710351309115635	0.95096302529134
0.140659238591651	0.655596605154071	0.562109805955285	0.587193732073125
0.277978084176274	-0.407273055207693	-0.0562912626703668	1.12724419647244
-0.493306977535044	-0.862758828369159	0.924163232171323	-0.24689503200559
1.11097818735037	0.997846716491509	-0.518013680656168	-1.37350883771466
-0.436734755390321	0.0991212290346597	0.864596245198108	-0.0645063957546053
-0.544612470729901	-0.655310626837124	0.884999823235658	0.6418969810679
-0.715067459871602	-0.368164014054521	-0.766011448957547	0.347073878773707
-0.925941445792033	-0.601632210226715	-0.0348022654858918	0.661042376027503
0.768078647713842	0.308107569727022	-0.179105518993365	-0.165152297725926
-0.81872421873401	-0.358716792080776	-0.231894708140201	-0.155847543688208
0.122327137010324	-0.659695730044937	0.710811887056156	-0.719984023034217
1.00647107519884	-0.00263363366409685	-0.572206621477819	0.764867320779195
-0.143949927981085	0.112226928869159	-0.36997894296854	0.110251942952816
-0.0898264674508835	-0.369456112541143	-0.540998181162665	-0.285951268132057
-0.880607119101392	-0.32103988332327	-0.135527594973404	-0.00244775280272853
0.0996322379844381	0.444056580865643	-0.159809912922673	1.03004705817112
-0.188585605719003	1.58580524676182	1.05667025591217	-0.162726853026201
0.42880110077419	0.148911711368067	0.0676314139103191	0.601801083988856
0.575139673744895	-0.307248974765552	0.446234875338536	-0.425709067335524
-0.63131533311526	-0.702323417657457	-0.224833508500806	0.451035329569574
0.0647623961286884	-0.254479433713892	0.72457970142076	-0.67962770114401
0.0130919714835325	-0.630889352196961	-0.635932616323939	-0.321679881025331
-0.270485584271324	-0.33938248021036	-0.162255830251581	0.0468029619445242
-0.76884405639823	-0.209651526911294	-0.126662611846858	-0.904693765054536
0.740281867377744	0.839229021339381	-0.262375337110507	0.168866056244173
0.607078222955343	0.244871733460868	-0.420592675635039	-0.985675538614348
0.244381835637499	0.322591468840641	0.391863676474703	0.703333117921019
0.492716539849969	-0.639030832827229	0.372580937630523	0.241750858482128
-0.738064169808931	-0.0947949186368629	-0.109128169012517	-0.163465374155054
0.375094484842429	-0.614498209084572	-1.32269700489503	0.631532474251929
0.563277621686297	0.662168994925342	-0.110712903674668	0.042376398563274
-0.621773349574872	0.542998872514444	0.224385234346777	0.578551260005425
-0.0244218529053837	0.269818947114388	0.195856670114139	-0.699443574944524
-0.0784794726759045	-0.455981017379194	-0.472898656077099	-1.02852717367844
-0.168191001214458	-0.279610739573359	-0.296387451157089	0.0339428216354593
-0.0866223162658337	-0.187014003577895	-0.15565045162304	0.335793961859007
-0.0862579107639489	-0.159938004912942	0.155889227374043	-0.964075999621662
0.332591565206099	-0.146080692660595	0.724478696491714	-0.544435673199172
-1.07636185095027	0.220601312662693	0.105189451318778	-0.540865418258166
0.787885242233476	1.48879053693077	0.727511584802636	0.952531881025617
0.0917653575836664	-0.0691491805265781	1.42779875087962	0.197888894715264
0.811896937086223	-0.611464886334499	-0.41157670780126	-0.238945245406971
-0.814818081769785	-0.144682223070721	-0.845207097078411	0.0518990617047861
-0.968648128026904	-0.414753801390425	-1.32483190410414	-0.0656209895327712
-0.535013722164165	-0.0293230353682021	-0.0959369267376782	0.282861395634026
-0.198164617033359	0.151682952119358	-0.224283426221217	0.0646601833234147
1.08630164684563	0.166288089386114	-0.0782948244863331	0.36432517300163
-0.393434323556543	-0.314076054005646	0.645882306135624	-0.683615071777267
0.690669091721742	0.864381131882383	-0.0221517698382181	-0.0385337829215342
1.83343831603438	-0.207100420260624	-0.520758281034864	-0.151661616138691
0.604596454629939	0.223364527447637	0.512581632361841	0.558107150492775
-0.105387100120966	0.363847964443179	0.585488016407659	0.450938776014553
-0.501767503173082	0.728049801453747	0.0559106335685806	0.48830421016887
-0.14822270940461	-1.81908908694827	0.148082429804438	-0.258059167868401
-0.60017137820388	1.48291418299681	0.564362824208596	0.29553888008912
-1.57419520622479	0.94877263829685	0.711135996668801	0.18596348142478
0.30060570799864	0.0853051571418677	0.420845903553108	-0.0941694929082146
0.471683826945605	-0.405360848249372	-0.964640817645369	0.553895030739748
-0.869847163436272	-0.120071806968043	-0.38681359303147	0.301077691542557
0.516120858916695	0.437014328502482	0.516339701768805	0.692706013003245
1.41809828575596	-0.573286223638204	-0.34759842697035	0.520670061605666
-0.361037793743993	-0.640411219718903	-0.64191530402284	0.058105583416547
-0.818415029332739	-0.447348763731505	0.341031143533539	-0.716569931421704
-1.18283571711805	0.630892965587217	0.566821853359384	-1.05447251072154
0.578976081125555	0.0286705860995528	0.525638817876127	-0.634131151793661
0.931846483419864	-1.11423035915861	0.523335170762583	0.0555017727516508
-0.102953949778091	0.105500629212039	-1.90372741649707	-0.00223003716086604
