IFG	Ins	Put	VS
-0.176470048995122	-0.400179667891808	-0.101953477667138	-0.677816910058394
-0.515974735177299	-0.481745679042029	-0.033320552058317	0.27568469891654
0.659452023189602	-1.02615699291337	0.356993849679968	0.0418537137866405
-0.367164562878414	-0.590995733973341	-0.0052909931468611	0.433634749610883
-0.415674595802974	-0.141667515034838	0.0471232510991269	-0.281902429613342
0.703601348387421	-1.06574941991541	0.303905982336905	0.898418497872402
-0.123067248095086	0.472094796473274	-0.505564929942098	0.518808829670009
0.784310325100002	0.37258936061218	0.199230781891273	-0.469021045271708
0.52667551565705	-0.530828266559253	-0.667764866688821	-0.0817837804480951
-0.528056248256522	-0.745853261815082	0.117099234600965	-0.189544527930341
-0.471179637674685	-0.383406062686929	0.702267969835993	-0.675177196993236
0.0549979680414877	0.182298328380778	-0.646109906683086	-0.0134708694270404
-1.28970733170873	-0.301716066367517	-0.13136938836423	-0.582487485251006
-0.602260074486324	0.61817456680023	0.0877601406216623	0.225938151593575
0.594137557414437	-0.6247939924033	0.620319640193477	0.221465038960389
-0.0455713001165018	-0.382089402940535	-0.0769031642012373	0.316240220149521
1.11105031345196	1.23659470544201	0.16367950626588	-0.7355751708581
0.876004130609406	-0.39908039910035	-0.0207047598208592	0.56525606257921
0.839241777832845	1.59666618925523	0.337382985592337	1.13805573096626
0.306056767518892	0.606456473107078	-0.635199816479289	-0.00450369515155256
0.405617629216059	0.408970429589187	-0.703651220602734	-0.147882202997436
-3.92474040058721	0.854311270116663	0.382770700454043	-1.67892822309984
1.1228920251497	0.310949475151504	0.0478511114368815	0.0167934221668659
0.39121370205759	0.96523449866738	-0.0996792623527516	0.705223933769443
0.367748003437072	1.60040207514465	0.325382747533605	1.15248456278033
-0.941619412486645	0.0823854268982554	-0.828598444968305	-0.728041112067561
-0.999211072884664	1.26202186570536	0.00208601687348829	-1.09606036037535
0.605102034680915	0.627130149139483	0.249090426605374	0.819605589249303
0.637992568325329	-0.681455839563479	0.328654657481896	0.937283126569189
-0.503087688584346	0.649623429280943	0.0804412196947227	0.791627760745866
1.78622078904186	-0.322720608815615	0.485076801681933	0.228519796557542
-1.55929413081418	-1.5110157484989	-0.638414193227596	-1.82145606234402
-0.0530355845096778	-1.21348142194105	-0.564817821034362	-0.590846067214758
-1.30882345186858	-0.462942111030158	-0.146111762615539	-0.211460451394437
0.873603911318101	0.589837821196352	-0.697348675639689	-1.38445518731486
0.516649909417999	-0.282879344662963	0.577102221114616	0.0194001813036156
1.27598858718941	0.560140294806502	0.997560338406634	0.101693756935078
-0.0250429828360315	0.424363667387561	0.469177374152982	0.261738001535497
-0.619499419376127	-1.06109717888205	-0.435614046937718	-1.04210442713664
-0.772175242975714	-0.0133358981339796	0.454065544547491	1.18419916267876
0.023444467455275	-0.621954905690945	0.1258430377934	-0.183487220419545
-0.772578367264452	0.148495647907407	-0.00879316183127368	-0.415438178098906
-0.391213382500504	-1.68779274343476	-1.12951291896181	-0.22469438814915
0.0800686307562771	-0.0743006097244211	0.544611579517199	0.695727088492401
-0.0112059196136042	-0.000542066917948646	0.615067225801919	0.138758413793136
-0.0945421893718589	0.223431462264345	0.310477231826719	0.72139313264394
0.750094615404801	0.540138621044142	0.460341973922649	0.373760852228291
0.196928646640721	1.77547932775168	0.270971646038225	-1.20354224347277
3.29405783054534	-2.38155070523357	-2.61261110158708	2.91625672816164
-0.451189964127839	1.68471790640984	1.5545538938046	-0.395799412172574
-0.20480461007542	-0.0203545958363477	-0.0831006640062728	0.503302474578346
0.671218602712863	0.60658694625017	-0.167613026941853	0.94488404010053
0.0999325339857593	-0.991689991838469	0.0893534391300245	-1.05408102390623
0.297353786163039	1.19929029512079	0.804641022343292	1.98667311626586
0.703467358298897	0.303382838386091	1.02948331613074	0.0732540898940409
-0.448195455127127	0.838947777803787	-0.705099505594704	-1.1627504070848
0.0261351052125686	-0.350794527918704	-0.678894134165573	-0.353541740154065
0.338964004253769	-0.160018767936983	-0.471981266773927	1.05280098251018
0.210569950936878	-0.363482646366148	0.692479566050234	0.014922928210002
-0.455356184897849	-0.259835324841467	-0.849275014240639	0.0606219412022698
-1.20093333226263	-0.245957743097758	-0.183528602389376	-0.112530970565934
-1.46562419177256	0.212302282572457	-0.706432189671593	-1.11176198482812
-0.597600056969367	0.175267787912592	-0.747579470341182	-1.06625559075733
-0.993784537939515	-0.801864756922057	-0.20368135459939	-0.300199567369702
0.305902636781464	-0.406791198170896	-0.0971387084647094	0.378550708706149
1.15142382921683	0.838856391223278	0.100984315749412	0.66186991072719
0.0427064116814618	-0.407630503505763	0.372090225803754	0.477018101282204
-0.248789949107934	-0.446918040976561	0.624053566786193	0.128285277731238
0.405868943400404	0.0607599598971348	0.392316334990087	0.162025360905146
-1.17061838472922	-0.864075669167173	0.550970427507635	0.326127181677629
0.053330796997468	0.00686492418637902	-0.258727613302581	0.447268323038604
-1.13900356313092	0.180085437022695	-0.0382221240228927	-3.07447090464801
1.47921534820122	-0.90520101402417	-0.291278386467475	1.12623088345446
-1.55244444492865	0.571419458912278	1.04123513953044	-1.47604540412176
0.40378148085884	0.0641753254813235	-0.287281605929289	0.112635134414574
-1.17621751579072	0.235091694591324	-0.137930248966838	-1.68803052716211
0.440278238381089	-0.732289427304599	0.397875067542763	-0.980862468847699
1.38009820836568	-0.701098101973576	-0.0147908391846188	0.701466262850364
1.44090717611247	0.61643676683301	-0.102319966954288	-0.0552655340894239
-0.434798323478958	-0.0763603023524531	0.0873484146760032	-1.11639248182146
-0.434540319612689	-0.13673199303998	-0.40726201080716	0.029730317003159
-1.28596944754987	0.227784648302501	0.312414173640035	-0.528471135870305
0.268077981004148	-0.446533257698275	-0.181205557500421	-0.132840208133549
0.148921957783026	0.312901630209332	0.166335168576856	0.977662289081333
-0.330189581356239	-0.221885349529595	-0.50712117365932	0.22349999146345
-0.880336694812181	-0.758513510525588	-0.34992458963903	-0.739199873903296
-0.5581567549527	-0.433788625515462	-0.334377390403679	-0.371443574908396
-0.0239335072510331	-0.354912403045586	-0.110096871728895	0.475616755389539
-0.63934387492747	0.547583106642748	0.123750512769996	-0.550799388823237
0.582761228611293	-0.906222466806039	-0.911455640025672	-0.0477102545009928
0.498173123729912	0.505420516374644	-0.0576463608881172	1.14194217405922
-0.944126693530837	-0.102452822283415	0.471827986706181	-0.281084528341224
-0.0959751950117753	0.108585854046451	0.28792366815188	0.552532353468756
0.541218653860061	0.942072505797271	-0.500073396187206	0.418638833166245
0.96373746717433	1.07820080190443	0.311292768089212	1.06463986232525
1.76337042924015	-0.798450710327894	0.915469977884546	0.966028422556098
-0.218467146623167	0.719615321689645	-0.190674662750112	1.0909685685385
1.5756866735009	1.87777601771811	1.1007195564834	0.967798966540704
0.638529767790452	-0.0149512813561373	-0.387698604957613	0.601667855096826
-1.2067930599099	0.405844744054228	-1.1157144555189	-0.334807276426798
1.03393259860353	-0.439974057403877	0.862038796801196	1.40928857119768
0.106579932188603	0.410948422296624	-0.124364314935528	-0.116484844323197
-0.476535757532284	-1.40322920291436	-0.530728171957977	-1.15802148748522
0.317646066716122	0.355729835880506	0.0937338925322368	0.287384258385097
1.00351335660151	1.22308117549006	0.184524233989206	1.3141165619963
-0.0593509534701405	0.828414370028499	-0.408019026785371	0.92844020503934
1.35971907106271	-0.996906060962142	0.276543404988235	0.504991057637758
1.03024639245171	1.99714063786241	0.649648172426048	1.25608948729739
0.798542451703906	2.15286423524628	1.32475163540087	-1.84058350400907
-0.626317258662054	-2.65977498494355	-1.64863970420112	-0.383589220812447
0.140246233391913	0.175831741837514	1.20258098127851	0.555618787523243
-1.49671875513823	0.481608318070976	0.522672515919596	-1.44683771597459
-1.03162194960011	-0.0061296289029766	-0.939122966599532	-1.41104582407502
-0.914426678183504	-0.245816854348496	-0.269591272147754	-0.271342632104921
0.499254369952129	0.410922142979386	0.227355173883481	-0.109450117871381
-1.64773336555509	-0.683443354622303	0.426873908994512	-0.726783225340299
0.598648208464373	0.827889516647796	0.139142035704292	0.381302779038901
-0.071125667331427	0.647176020233091	-0.078994945674426	-0.582017788664022
-0.439345609211241	-0.165614248467123	0.318791675189933	-0.667339766514953
-0.0315971392166152	-0.292327281756358	-0.358916444275418	0.519863226369432
-0.535569466992379	0.536603464283293	0.365266264214344	0.555714219609064
0.0971523305943049	0.0124706679529685	-0.849329230808714	-1.17780770304236
0.553463752877877	-1.39773600129617	-1.16873189929664	-0.503997646532965
-0.228407850428633	0.621723492671342	0.149987113333027	-0.434119834967791
-1.37676289156849	-0.682867853454601	-0.255104124153856	-0.9854773955137
-2.05699391674839	-1.11954692704413	0.625314054285322	0.352923280950094
-0.35752896328289	-0.572419816416749	0.0729641670825889	-0.758274682929234
-0.30970041544139	-2.14073204710065	-0.880528553933158	-1.01049981401479
0.314329939494083	-0.119373199915287	0.16757160048879	1.00843708778713
1.38105894106825	0.314725579873055	0.315296241776775	0.542240068014499
0.186951491804518	-0.62424742136026	0.581985833954798	-0.286297447626126
0.542864066779428	-1.20288479644798	-0.151239536136768	0.300037417249435
-1.93606886779022	0.356161882158844	-0.607967319006131	-1.12133553299567
-0.361298305249644	-1.14820826592447	0.26643920832481	-0.225656100523696
-0.91223730588474	-0.993484342674542	-0.479414168262637	0.148355462107512
-0.854355584951457	-0.751227034312815	0.101270458647246	-1.14558571427304
0.580946631453053	-0.545429374358403	-0.475310689193875	0.144803869655324
0.692791224534086	-0.362890199038842	0.260743893218332	0.506710014157726
2.2142185779663	1.57797243116292	0.96172966955261	1.19929146710112
0.431496704377856	0.10902858092035	0.414244788160772	0.561491608805901
-0.475486353118704	-1.13073833829197	-0.786426421251292	-0.438734385436127
-0.399974484673182	-0.348799397782949	-1.32118647277947	0.356681058330714
-1.90162210224244	-1.35030090285772	-0.938944171974276	-0.0247171579822111
-0.278403063993799	-0.430333109003951	-0.0902627878972339	-0.368041877135242
0.253609033847064	0.0624288335105872	0.980941899739111	-1.50059373129692
0.738618653113749	3.02857586844946	0.757436174971455	1.69064884913016
1.70632906729495	-8.01168790084575	-2.17313843589609	1.23888762869226
2.35298273466421	7.83790174349757	2.43919199892323	2.23469489208306
0.685610006368089	0.974827721533488	-0.00674288817376791	0.298409031619575
0.904423060224911	2.90181277754951	0.875847580030926	1.46974753966927
0.33385195773338	1.51938813852579	0.842551508499675	1.05194680095013
1.22580589270349	1.26193876291264	-0.0651474523540108	0.130073328171511
1.39730658206423	1.56919997587324	0.713125331436806	0.597476827419854
1.9460775829182	0.978886169742204	-0.316534004099011	0.252347954907563
0.289725690812254	1.39021087883992	0.392564190671356	-0.308174280912821
-0.419260872311424	-1.5252528958442	-0.788543463596199	-0.462836384684392
-0.915673670482322	0.460024406374574	0.148034874237655	0.491477443365152
-1.91837603440023	-0.575394771036659	-1.0847399690067	-2.9008457785006
0.520582837834133	0.0359907013182158	0.0869309609675738	0.601261837792168
-0.704053318767087	-0.925948704801418	-0.8977553461401	-0.677894888014163
-1.35957187646021	0.159348322008297	0.289429775126541	-1.33493504613911
-1.92242293084132	0.243314718155148	-0.476271848227848	-0.385648838240562
-0.674010327643662	-1.27022935010739	-1.1973945824746	-0.21422149006801
-2.86773542978906	-0.705463982773147	0.41122533561926	-2.58792760615353
-5.37725281754044	-3.41271540871207	-1.16960189338848	-3.28203559247141
2.86001689412569	1.66574615998347	0.604735040034819	2.11971865193458
2.60984049618406	-0.729559575596838	0.0363427907418602	0.54655773700578
-0.858325672285877	1.2572327753529	1.59307629103275	-0.183489512280221
1.36091912643124	0.955812977349549	1.20669597506793	0.710476933909575
1.28913629075081	1.17660222687626	1.14602414357084	2.52433746715649
1.07023458344852	2.24816145720419	0.752033503808856	0.570941489661543
0.797021780195278	0.622864618065526	0.921874778411531	1.44331057881024
-0.029326372546111	-0.341083530697787	-0.793752757301822	0.236542567190656
-1.56089109312713	-0.40813533594566	-1.02829254853697	-1.13383870530888
0.705533950866648	-1.88213507368301	-0.470404767939757	0.158675024842541
0.363508144550002	-2.2557327159744	-0.0259063729655847	-0.889738917727396
-0.90761613582772	0.790159616192103	0.479890243409483	0.951949979802881
-0.337342089724399	-0.307789048594968	0.304066728246073	1.07894665886563
-0.412476763045921	0.679701064813236	-0.4233429428126	0.407381821152105
1.19885661063656	0.643887146475056	-0.16616083645919	0.356161469330186
1.05444108551203	0.0149456895950302	0.502567766685035	0.341201502474028
-1.45928364926479	0.0761520262105631	-0.93279299649879	-1.09105508490744
0.997624575865252	-0.310298197668897	0.279274424693319	-0.818460987304792
-0.713447024575415	-1.19394402672538	-0.64266445932837	-1.10488601798015
0.0378229697671417	-0.979626707290147	0.154683308685315	-0.91643280316594
-0.0689298984241873	-2.13818054400304	-1.83360767519082	-1.00494942830553
-0.807122976424943	-1.34643662783825	-0.845330029031369	-0.431393925982844
0.872944923596425	1.66431635724899	0.012019926216955	-0.643466087334549
1.13253961153157	0.837199772738652	0.528542478137765	1.6078278387235
-2.06518063784263	0.727243632888555	1.55579485890751	-0.208267505209331
0.179473740430259	-7.02697406428456	-3.59488415741747	0.366678220433535
-0.0557210637170769	3.29235755248335	2.69424177820442	0.343657315578253
-0.811773291527624	-0.425852762434572	-0.80554298995751	-0.50862578951123
0.825133221171475	0.123216176078072	0.187643448668937	0.119642769837652
0.00645325312634203	0.288177751117004	0.56943817696927	1.36574501340351
0.145888929626533	-0.0994423492973865	-0.800068452465558	-0.987801901065236
0.396067120625812	0.594505526711513	0.872795127398082	-0.505684244642773
1.87186636373313	-0.851556350676019	-0.144504372274566	2.0243309065389
-2.66231007035981	3.33017365241296	1.61115249866344	-3.83396011342077
2.16234664827147	0.209918275628406	0.359841293413364	2.4177545484641
0.231179676899412	0.634754793985872	-0.197760248639834	0.0865257198602638
0.0903345629617817	-1.06149769940674	0.619720178799725	0.208811275993454
-1.15633105974458	-0.0600955488862641	-1.93836194767332	-0.145927100841705
-1.06239686863629	-0.874224976413119	-0.0401381986589939	-0.682918425850237
-0.712122188413868	0.591684227437461	-0.443059627631637	-0.729506138173667
0.0127874221893788	-2.12854444079443	-0.184676745617851	-1.0244866777495
0.542193223632797	-0.257387068967996	0.0420193185240961	1.04259407525012
0.257326521199539	-0.509103449010448	-0.557068590550928	-0.218482532908733
-0.907372329331786	0.0782968279987294	-0.199471570725116	-0.0611878118920711
0.164726705019339	0.201979831695275	-0.0515155728271536	0.508412568698225
-1.0248994831312	0.058921048934593	0.732046464572806	0.110914006275588
0.728641448416965	0.196095129845832	0.685868368047504	0.152795339360217
0.664038006340031	1.76506644964995	0.323860484504527	-0.425610109614437
-0.417668374668621	0.602163915173648	0.170261967031433	0.0611286847753246
1.3973457120704	1.37555161974281	-0.0416817764797921	1.53420301992116
-0.173630547252449	-1.56012816381648	-0.101097110883847	-1.06950969639883
-0.672076793993499	0.0134022265979524	-0.407897601031475	-1.35148032408687
1.88945778369568	-0.432495920962249	0.95381986481214	4.12686993489052
-0.179980274934053	1.55283950234704	0.416981683733701	0.323499170048357
-0.44898289616746	-0.713280096355526	-0.196564556243186	-0.655671703199778
0.819604642942184	-1.25749134619746	-0.371095603214497	0.297462193403599
-0.873135250429244	-0.38671866223186	-0.225287024664142	-0.101491442646599
-0.579717346443967	-0.224807967537066	0.618179512047623	0.573277711153193
1.53248687516427	0.847376683894656	-0.458478080918805	0.96286197193825
1.69492816147185	1.08143128759759	-0.474366392266372	1.35928173825894
-0.74197375863605	0.120082589106105	-0.0460369676784391	-1.30960005827849
-0.239906336365679	-0.610491532406163	-0.765462578688335	-0.853548639357274
1.00918683040512	-0.0958705556424508	-0.486597631560837	-0.214733934311831
-0.0257030846068753	-0.949020308672111	-0.0214283626217839	-0.626531059052183
-1.83003364313151	-0.955444365916388	0.215783174349844	-1.44571805496635
0.649227686764832	1.81712389411614	0.637242865352092	1.39075242004042
0.300476856916185	1.30836938594735	0.573507693894089	0.912523456859432
-0.72279682732609	-0.473546700760151	0.0244955053342114	-0.394765944514221
0.509998513468016	1.41358146134453	0.681941094813636	1.16231028910267
0.697008567899136	0.89336691694298	0.325295722746508	0.387084459956502
0.417640354882358	-0.0791471581286134	-0.434635506100713	0.488010921927329
-1.07491965442124	0.160109656854591	-0.681843836431572	-1.68936812544282
-1.29723607243724	0.455539626168653	-0.300502142623691	-0.611556573825845
-2.63852154475251	-1.5394619321904	-1.14938816474852	-3.24851682191096
-0.240937270646869	-0.187242644138814	0.0515522420307875	0.293404465394415
-0.909840243291355	-0.846554233754586	0.614697472222043	-1.43383593527227
0.222566412093515	0.285139676265794	1.25945792651716	0.805776390511399
-1.9724573342939	-0.541580527115912	-0.921147075783514	-1.36664569706972
-0.337021145038604	0.250340603724049	-0.12591922187248	-0.920413342921014
0.264199935737716	-1.07407560170351	0.136802732217174	-1.05326008445247
1.06013625454682	0.402603879519289	-0.258227885916809	0.222405312182179
0.225961387968926	0.813281718496346	0.0820051398644219	0.670603210254173
0.379922955654875	0.0614130051914659	0.809865508130193	-0.12985840561303
0.87093296596728	0.853115563127497	0.774974322051913	1.22559646595329
1.58013344362808	-0.415360974381228	-0.396995990345063	0.894921112166221
0.38551423841406	-1.20890009039032	-0.197810670133645	-0.576186504361463
-0.998295828436334	0.248255387075365	-0.327619038566903	-0.661001832186599
-0.568057758748819	1.01362223800549	0.305381574575612	1.37501747212128
0.505409182512944	0.353840040687421	0.661725186427064	0.231346699843344
0.280598468938349	0.322596486071986	-0.524121963762307	0.406321585084268
1.01263659466217	-0.809159344253869	-0.0735454877442507	0.989565789108511
1.21425608925784	0.318781845389565	-0.223114641522163	1.62120930123111
0.587720271123742	0.483349145910284	0.84046409906869	1.8922393033522
0.348186332669512	0.561466479219322	0.511451598008444	-0.359520204637684
-0.582424768017649	-0.998920040189185	0.246233208121482	-0.0842610127285451
0.0702857939572875	0.785817442186461	0.30055090454647	1.00156666463621
-0.229523180887811	0.590394249715505	-0.563734133586943	-0.336137195537391
0.000305350993045725	1.38502403259475	0.153785938570071	-0.0217581501974299
0.275487840008739	0.170703652626982	0.729568493044324	0.238967312881565
0.327332475510296	0.395708004022252	-0.570893069244729	-0.257553281758603
-0.103920733006205	-0.910341585657884	-1.03772794584777	-0.4469677414315
0.961523323067198	-0.743970754192276	0.913545738744409	0.0626393496176508
1.27196895976338	0.444646595812279	0.248864579235311	0.574029476272327
-0.515391648813208	-0.913793951782979	-0.504890450007845	-1.45397942881806
0.121687271949809	-0.512728572707933	-0.423147156117116	-0.0366746023964423
-0.820678121286834	-0.127208375978341	-0.695351760939573	-0.507571913870692
0.149820321309379	0.574552278240698	0.252110606389537	-0.603421650804745
1.14785668728992	0.836687482640812	-0.341451149379941	-0.155818635386169
-0.255998254272897	-0.29663269802735	-1.18516411775044	-1.28513328322106
-0.522630720066285	-1.41666768382276	-0.501842902711803	-0.799320498471753
-0.0884055070369867	0.374964211725239	-0.276799525724479	-0.646872120290331
-0.713727192255134	-1.05871037878042	-0.0158818312756536	-0.372127054561409
-0.345967570314827	-1.0615482086566	-0.0506966799878215	-0.0131611558392678
0.10535209942765	0.23809037912804	0.03126615919952	0.508406318914775
-1.05463722806869	-0.824208809146115	-0.167108565662331	0.394824697599048
-0.358337345231345	2.13922869173316	1.48774280174218	3.43958247361854
-1.83663284633367	-1.14716129710244	1.14538934667726	1.36163729495301
-1.58738305616705	0.374222077690128	0.611240688271533	-0.291037602857939
-0.699737254294569	-0.340996115893065	-0.349105020381368	0.176290662476039
0.381012060790089	0.131273534408945	-0.583252015506949	-0.339240686314291
0.24250536893544	-0.31804108551714	0.408769149355868	-0.553669998344928
-0.0553328249594892	0.171387476561067	-0.788059700570135	-0.588034374775169
-0.0688236104800601	-0.936007199814504	-0.128182663494464	-0.677152820755975
-1.37821422560284	0.283196811075362	0.0470335230469421	-1.22710601003716
-0.936327788096192	-1.58926214513844	0.0693122374194255	-1.44660356549623
0.13428636867088	-0.18740001217437	-0.407335013977445	-0.176282665080818
1.14778579720862	1.24555467639548	0.669955161633017	0.156273048059742
0.629223863218777	0.309808530356962	-0.145686046819834	-0.212516491262772
0.836808931941417	0.959046650453726	-0.32393150233098	0.120384087761888
0.638882760959822	-0.839512514522003	0.64009651190439	0.505076197810725
-0.109130044214207	1.1483396162483	0.147983704933491	-0.573872340005254
0.00774636137464055	-0.556073627879672	0.127667461774309	-0.835422022700826
0.819795321969611	0.0259355488089833	0.665746944700076	1.18468697400897
-0.788362000775013	-0.377988218725899	-0.497875599789061	-0.635802769391589
0.821873976267346	0.529906430126152	-0.118076700987984	0.00328741471777419
0.347840108731645	-0.0665820416405361	-0.410993984311388	0.395871295197949
0.793538299678965	-0.0361577806454878	-0.576240598300734	1.11286466196849
0.524201512045499	0.343915022497536	0.823752223310242	0.115123716238906
0.619352027328452	0.488417161142954	-1.20411427498957	-0.0414126613075943
0.0766668114208612	-0.511091046664344	0.0888210554764398	0.263854825336528
0.0802914609943569	0.34468622286775	0.325197968494776	0.146864494023239
-0.493210614723741	-0.405044545924058	-0.45650544580335	-0.470737871853985
0.856060886336983	1.10336084988212	-0.813526779720746	0.141365200313843
0.715306134651671	-0.343273734402861	0.35119249757022	0.522685660570013
-0.581074793024568	-0.306676911563746	-0.706339887594795	-0.660795492226705
0.338911384787941	-0.742759497799081	0.139772766759631	0.648323167466617
0.814162995784791	0.7143448712226	-0.614273890238772	0.774116227186295
-0.740793160026788	0.18722617123458	0.11664356310265	-0.486036306986395
-0.0584852772108107	0.17488448580222	0.933829133105463	-0.0524854768345617
-0.531172001328805	0.454516729826485	0.340029452727947	0.7291285855635
0.538172945926406	-2.52249743215811	-0.202866057524772	1.43421132475445
0.304942126425426	2.0930052171609	1.13628752375664	1.87274855163113
-0.022724955721853	1.84049769937205	1.98988152505078	0.750548807827283
0.28750650412138	1.02989480424097	0.290315375715942	-0.0739748998806359
0.229617251213339	-0.318694160678256	0.305219037649824	0.842815068343898
0.495328161005846	-0.28613339829792	0.659462477602752	-0.253442776860859
0.133651313391175	1.32592811942003	0.515051743126834	0.145942133371795
-1.52868759598185	0.0910980672829584	-0.0659799031620742	-0.944452034936899
-1.49049000598422	-0.852517520406949	0.36560293864493	-1.58109879280061
-0.66693024003568	-0.328350059422069	-0.0164480142317384	-0.767536769348107
0.181186572624461	0.309065772894543	-0.224728385307565	-0.349549108856968
0.163209109069048	0.0768868549831348	-0.368209232313062	-0.643168231886518
-0.63453280337547	0.470812233148058	-0.606620618827986	0.283843201763947
-0.927301480323504	-0.958833996685854	-0.917766527476231	-2.21274650673624
-1.28571901418304	-2.0727182205087	-1.00272260236174	-1.19676642464503
-0.208310735880011	-0.364492172987727	-1.03544589188591	-0.236296815767669
-0.567162005044578	-1.18313055593273	-0.490684820802052	-1.10151811953207
-0.818048448433557	-0.98634792869456	-0.693192898551008	-1.37881953127672
0.170412740846912	-0.39640703797703	-1.01905932615286	-0.514915261765038
-1.83883800327913	2.36892997044708	1.77062935561776	-3.49081084516062
6.37781774763084	-2.86517238765815	-4.92789347062761	5.20395125505876
-0.0677772845097515	4.06601587873964	4.20773995675543	1.01371121256911
1.47669500847812	1.56825667634431	1.63341836910242	2.09974163176146
0.535468226538389	0.639242049240544	0.0221246978635155	-0.204769243543419
-0.204649818989377	0.505184406055627	0.528700538287385	-0.460892040206379
-2.00117696040723	-0.200315695358396	-0.479481970611049	-0.0050834515537506
-0.684294294105127	-1.51490971714852	-0.56287874835884	0.116712518128932
0.0098981569601839	-1.14859384139849	-0.649907747613392	-1.53368962817299
-0.695507223023004	0.0991715638931178	0.539284155887823	0.820951863992296
-0.0174873479349992	-1.66021514673861	0.4267797349766	0.620963487606221
0.472489450422746	-0.835800659009239	-0.155103577773817	-0.0625322309061799
-0.51521688069763	0.058869516751744	0.67839613345577	0.629552786826631
-0.234756907492309	-1.06240602365771	-0.727634192355587	-0.209857929265209
-1.11499249364568	-0.763631861009454	-0.354969556548239	-0.294478485550719
-0.238171186376969	-0.989172208108962	0.692535433422996	0.849058849559089
0.99519884417139	1.00221606326902	-1.05821654790887	0.099011779378183
0.407600545794119	-0.437000839919579	-0.0472521222699051	0.127508972196218
-0.343619993203563	-0.760827529462981	-0.273169660770509	0.46599040019717
1.04590824120621	-0.454139045830712	0.0294403226853612	0.33082501463159
0.815920819598087	0.00220711996967171	0.237858889366121	-0.0443612392081826
0.175524092479907	0.171097054550037	0.342673559445973	-0.438371066308922
0.16217787391885	-0.0591318168399312	-0.444653509568257	0.752810063702758
0.820361003086517	0.621531223731322	-0.460411748715836	1.39922443282831
1.55439824279945	0.955519543847253	0.408746522530306	0.0840372139603959
0.572596629993316	0.817315745374088	-0.363754337582013	1.04660789303397
1.9961198452346	-0.335126301623356	0.364536951787174	4.19468465862104
-5.48244876042706	2.35264992405848	2.19861607975956	-6.5169328243753
5.26651980984748	-3.23793117758727	-4.3780595639558	4.81399930885268
-0.4957855687366	5.34430357341927	3.16828299022227	0.120706472138933
-0.519161609931683	1.65323229415353	0.400637739756623	-1.07258630998141
-0.938108542403799	0.119959575074042	0.51034418377991	-1.47079866958512
-0.700623601808358	0.919296095214507	-0.487925617000783	-2.22806309452555
-0.335946421756518	1.01629805383559	0.94102998942694	-0.535730898753944
-0.36459677140816	-0.859572906846988	0.243884008665546	-1.25623824511511
-0.849652415462601	-0.623111969838269	0.41231767789017	-1.14558259326745
-0.329230068675985	-0.765778564355887	-0.240314312431817	0.492758884001225
-1.33780260232049	-0.965374292725899	0.106976258269013	-1.63816528467879
-1.74316881800829	-0.0334183817001428	0.161498887284747	-0.587688434073654
-0.468213728057152	0.130061489603495	0.504724737643782	-0.428893654875578
-0.773424238320046	-0.869827437860094	-0.976987015246308	0.117187263001347
-1.11532473270041	-0.261386668723926	-0.223494621497769	-0.404266614682793
-1.20106814790869	-0.631973296273629	-0.646446896624572	0.0192567649135549
-0.143556216497587	-0.59026221613259	-0.466891472759374	0.648289129167313
1.27084500446911	0.183952090877241	0.826954936934387	-0.575701895292043
1.00898909444275	0.136630279248534	-0.14605880865822	1.36544704398849
1.4923255407716	0.359725706603584	-0.110380334933353	0.513472685812149
0.495026274222378	0.707648196929753	0.517765143090784	-0.263739260876698
0.8738562464385	-0.199396324925965	-0.225638394811867	-0.288747688804713
0.567954267223201	-0.827614696607181	-0.280322797784407	1.23519828591944
-0.303457019230562	0.844473855590147	0.012686747156511	0.492111424006895
0.057864492884652	-1.12106979200846	-0.116394906674562	-0.448613203506467
0.499709483292104	0.217638041511436	-0.428114367213531	0.523440321850895
0.120264690259917	-5.68011609150575	-3.97722460075718	-1.09881666059004
1.17894618746891	4.7499086933805	3.4853383206522	1.60813572533496
-0.376515887360582	0.43068254397459	0.18536279889878	-0.2470980116119
0.708312300503942	1.06456918850374	0.575210542821959	0.0957834125677839
0.294606457507237	0.785361380276644	-0.619125989581951	-0.0549963891813838
0.242339386492453	0.508285113584076	0.643252187412098	0.258683206564605
0.403838290300829	-1.52161362270782	0.0168193368110788	1.08178480651874
0.895586132549151	0.754071539819097	-0.763226909781645	1.01846190687565
1.41514015373204	-0.19300452173713	-0.311947746386052	0.690729027374845
0.533864804347668	-0.0131787163562929	-0.788024017628107	0.654319880598315
0.676896184990259	-0.826263627640238	0.351718293277524	0.788727145806077
-0.316422471030161	0.89087891889908	0.494364848384515	0.444522872173866
-0.439763922969825	-0.813565929173467	0.401636516417643	-0.598049747984038
-1.71539865387887	0.357084663514758	-0.0606382195896924	-0.354741396859547
-0.144705609541263	-0.219165096167883	0.0868830894338953	0.467674398613281
-0.362418834608473	-0.159432825672297	0.92445693825305	-0.226034580269236
-1.06137816227976	-1.06664855661698	-0.869167062595731	-0.133557458140181
-0.458612802512304	0.724077683694781	0.495567187972149	-0.837837106913142
-0.733543207673739	0.402512150182967	-0.470242660102587	-0.60127436795593
-0.714239745558871	0.0633863984151186	-0.0584230500573997	-0.888733539608322
-0.178484237219478	-0.872177343198716	0.652594830309741	-1.07069139020424
0.875690643138494	0.247505873441695	0.244339040711784	1.01424316830495
-0.0738819552089157	-0.107143959063828	0.0728513791236618	-0.59281221116118
-1.78061452603264	-0.669621855270874	-0.0976789834152001	0.226643069375925
-1.27482670950998	1.14342185832737	0.293947088102309	-1.4186305785342
0.156080782617927	-1.51605603969989	-1.06625209271576	-1.13057446308699
-0.90728449559921	-0.184395601468596	-0.362903444511582	0.0788959716845769
-0.375551536103363	-1.06979366292228	-0.667634741022945	0.163711507381148
-0.726825036224891	-0.493751121071968	-0.739107048540977	-0.621948028300175
0.314682962104943	-0.969528031158925	-1.26770961841535	-0.0360145017598107
-8.91288305178398	-0.236953136082548	1.16546755730094	-9.19969579227428
7.47911743732027	0.126001746331532	0.763908915860069	6.40695165148087
1.41633275464723	1.84234533571909	0.794915155150297	0.0620456637512036
0.474175919402165	0.671593005898505	1.24061663872094	0.45819388612347
0.118641468913878	1.14186709329109	-0.0609308851518852	0.90145754767166
1.54092140645388	0.92558930559577	0.507755328904647	0.64959769105884
0.531620847048262	0.0867946040143071	-0.132033952753002	0.0121560168828119
1.42592087844559	-1.57679751663354	0.196815374259105	0.614945655372439
0.085290322998107	1.11737080605131	-0.134509093543437	0.463900463361679
0.586216237070959	0.561871266230931	0.199372540708623	1.22637468637359
1.71234130169449	-0.54376708797898	-0.524741738573807	1.26761364552211
-0.0317910994116225	0.414100553125599	0.00644199214165039	0.349965912507475
-2.26315496456841	-0.405533760998584	-0.85890377464027	-1.10194720189232
2.25033520007158	0.61691966859419	-0.679153010545131	-1.08264440830968
0.660739139304808	0.474645599022403	0.121565796782537	0.346920807746656
-0.354855361086802	0.282740030919496	-0.586549800088485	0.0281361177891326
-1.2207566408628	0.242940754223966	-0.536027130685839	-0.611300958772451
-0.412386462480992	0.0986014736770185	0.0512713060060062	-0.925334104422285
0.331453085074858	-0.472625166625051	-1.43433559485612	0.807636914595226
0.10139562140796	-0.0894937301811217	1.13885440988294	0.874124543975032
0.0523375820582391	0.48612028561641	-0.297469247239681	0.458042537847488
0.0782979403528319	-0.275761699891134	0.218772900525276	0.214019340317169
-0.719072930435767	0.156154011519092	0.509304732140384	0.224265460207728
0.770696996712641	0.451324485941717	-0.270832380306112	0.214940522704904
-2.77340394432199	-0.33331983664106	0.180456912950026	-2.05741031360817
0.211080009259592	-0.770025417370863	0.18541201966153	2.30956015683666
0.581251978903183	0.689577169589593	0.669442347385651	-0.746791647503151
-0.547604708600346	0.59083405677194	-0.574329603802661	-0.491578578290602
-0.568960649013666	0.166221619758477	0.0312939252783671	-1.52159427790002
-0.517757403846483	0.179866945370352	-0.648108301493583	0.1150208432226
1.008118307837	0.749979255869959	0.614417466118667	0.95813531488883
1.21561167102589	1.35123158689681	0.813050656298615	0.707575650827717
0.344326880716501	0.626425979964779	0.761953808947993	1.05828874867272
-0.0727595641073328	-1.65577451059618	0.610675083018608	-0.200002484117741
-0.0125036711291541	-0.736663653455841	0.472413408100605	0.280456793378527
-0.403518922635981	-0.688706781006327	1.02963861990706	0.680495910436763
-1.33995871280051	-1.08033845407681	-0.841451045866358	-0.201993550513391
-1.23800412197596	-1.70576123267054	-0.445458372962118	-1.04889105693894
0.132405461705773	-0.115402852762174	-0.183957010966103	-0.87406804070929
0.190525014064264	-0.0982691800965714	0.481889129350676	0.715302397799136
0.796739517275731	-0.789310548432242	-0.165356287291679	-0.56399267378481
0.664133591860734	1.00794529992369	0.595881728286491	-0.134283007627832
-0.206853855537266	0.879442744138583	-0.186001333159016	1.16954142553662
-0.0772702762755897	-1.8859750879185	0.446707693286893	-0.53825537688066
0.298971312541985	1.27897526701092	-0.640787861870482	0.278996768228935
0.0701392518148419	-0.13739890538652	0.611083020582112	0.329103672208361
-0.490944242643155	-1.36895163103672	-1.40827777741855	0.376823189395456
0.160305677610556	1.62247313399509	1.24667006048164	-0.36010966065107
0.971323513141131	-0.898785055256065	-1.13275586087507	-0.14196102178242
1.07079393683686	-0.43922519897785	-1.24845469092274	-1.12181308276185
-0.363583453226799	-1.235726237618	-0.0479323628325675	-0.017926148305191
1.00062401240875	-2.03797405551648	-1.60794553348624	-0.712325370602631
1.17364566720751	2.5570123869454	1.51224281523559	0.145380731360253
0.386591232978508	-1.3425566761951	0.150347959700877	-0.0485155622678928
-0.712363296451941	0.223341956460386	-0.18416087363051	0.0281871357353234
-1.34891682858833	0.679123294481894	0.254762931988845	-0.521152632176834
0.580517857986555	-0.275186149956249	0.655430448546883	1.07594005123865
-0.83587119676449	1.03322792389586	-0.13858600379541	0.287946663996214
0.50816998149045	2.12970585604353	0.267429913977926	0.326080266446158
-0.391927351101338	-2.32652291821861	-1.30654110747563	0.0169629054717416
0.0118315672918214	0.775952880865887	1.32801114899326	0.65635646101519
-0.502582627773662	-0.494300350014607	-0.540689871657662	0.659611177135671
-1.09581008603169	1.40791934830616	-0.20900923142145	0.0135074632398303
-1.1457964203522	-1.50987273488687	-1.60346390969309	-0.86467746698619
-0.290542216836804	0.619043296869461	1.30220398583843	0.370596299788354
-0.235152282993106	1.54924665167378	0.557958613014109	-0.408283288960814
0.733996360873706	-0.7549152314785	0.900070638031719	0.620051349572097
0.87096950168661	-0.341265358569171	-0.642234266046889	-0.41956915325798
-0.141964900420126	0.256654499379395	-0.222154563460861	-0.905065269917177
1.36017563888877	0.335412891748588	0.442888040036649	-0.167660104033129
-0.279873716822121	0.134151143205574	0.378580113011206	0.56649595831487
1.00862405454265	2.33125181416796	0.381831761964348	-0.319082103565166
0.385102208577742	-0.0607287320162394	-0.179813655467838	0.604157755161387
0.977575800305556	-0.0930930405960117	0.389598185396166	-0.489152090733637
-0.68588534266665	0.944503561426988	-1.54989376565769	-0.277903739767063
-0.0747135408947787	0.704359755340855	0.485721028210747	0.48801966040045
-1.20616717736192	-0.781964943093446	-0.510985763966694	-0.743412455329087
-0.712365038475943	-0.338986826158379	-0.0606804085008727	0.123664325176504
-0.67286138863084	-0.578952691186003	-0.961891365682537	0.0642553974589301
0.541368612463674	1.30162751254309	-0.0078803128856184	0.74782568450254
0.0536178228053415	-1.34490218941775	-0.857998279161904	-0.513040719524656
-0.130491885378337	0.721961108488397	1.14752774480242	0.0879130639618792
0.918382979065917	-0.700803210796347	0.520746456291502	0.346379878086528
-0.153984176931443	-0.40733578980031	0.413974701346236	0.709634656115508
-1.13212665408551	-0.78382724244023	-0.213941352744776	0.306731515715872
0.0318442783307759	0.808528301799808	0.646053986125447	-0.439459016945899
-1.19100696736521	-1.83602956564492	-1.31568641225355	-1.94539139224136
-1.24378374101496	-0.584359140307433	-2.13710379802078	-0.738358540306495
0.229026340316485	-0.227391687495695	1.62503849374731	0.615229966238254
-0.369249467174266	-0.0168481476911004	0.725065397421181	-0.0197802647085762
-0.682652528755654	-0.55713417653296	0.340818053866203	0.213615939545085
0.288689319418083	-0.323391506731374	-0.463159775579711	-0.137432525322529
0.0107216647455291	0.191811330540377	0.738972979276432	-0.30931704094587
0.976673450025518	0.980208696027409	1.48004119744923	0.953838552657094
0.750952651989724	0.443954746638719	0.247390040829533	1.42497748128543
0.57782184143309	0.463013890544637	0.186533546210729	-0.636532754074874
0.472865454052912	0.243387354708193	-0.549301423791048	0.597969587714841
0.685039049554818	-0.734127803124411	4.54836556745056e-05	0.172677737076872
0.951968583816393	0.696794234472843	-0.261070367316876	-0.459674167663485
-0.302463367566968	1.12063428774358	0.352275957944168	-0.041715025953512
0.186991538346445	-0.679386492335279	0.0720296781251667	0.831430184830264
0.588803355217723	0.15190869912332	-0.131642882841648	-0.0493207444669029
-0.1772887232413	-0.12680828583653	0.0893897671322978	-1.38033975435494
-0.817853284049662	-0.171365946028284	-0.128504039828468	0.328009333630583
-0.130853578519583	1.20302758135975	0.0222912371106953	-0.634368248990724
-0.741917070157943	-0.335668914606512	0.266007878888804	1.20421181846124
0.106363284556971	1.25716573894355	1.13097763487698	-0.418538811454518
0.189612763416337	-1.4501709862428	0.0565117254857012	-0.12252031367221
0.438512795554123	-0.401294425673154	-1.69031978852602	-0.178556483794108
0.0818517128477161	-0.191501178662103	-0.629945402033658	-0.511687349099706
1.06961827575838	1.25442220396245	0.195720568944775	-0.255653185727073
0.216267196453001	-0.591673928677747	-0.153481044683087	-0.90016253154471
0.811474866424463	-1.13618705917518	-1.33621534507975	-0.510902910253565
0.977437185443211	-0.367035021320052	0.24478506294948	0.896243751913468
-0.654630680482175	-0.355593586624298	-0.261953921219108	-0.695874335046246
-0.81385721885089	-1.30574382002741	0.595834216199923	0.334237693566224
-0.117891954687779	-0.526441046736416	-0.666960692368416	-0.301445780217914
-1.41085480718699	-0.224236335828726	-1.00335034488056	-0.268990061633262
-0.60156856330373	-1.48476477176407	0.706111524081823	0.385328498388871
-0.943124816230158	-0.359062811781174	0.19306988943849	0.957930348744009
0.162312496023932	0.803990671888616	1.41498584773875	1.79574425051046
-1.75777935005872	-0.289997288404301	-0.587832548323909	0.234729452190181
1.78253867122568	0.309240591501265	1.48704473762848	1.68313081698599
0.746303748293842	1.0642892007532	0.796676776138943	0.595904070271788
-0.368511026201602	0.0483463317045264	-1.08498264382148	-0.927270634052741
0.184655433525832	0.758096695657354	-1.11113160901257	-0.291684909554879
-2.53034769470114	0.446878380376745	0.197396317594677	-3.49512423975556
2.43507931586839	0.105409222084594	-2.02980762918593	1.40191294843658
1.06845577326075	-0.459298581894529	0.688032443605829	0.393603285093517
0.0521869328873676	0.804017071078935	0.230516833071582	0.832890200599556
-0.153882238031044	-0.952109008895935	0.180948625106516	-0.270383827107739
1.50244552047867	0.43313538434682	-0.607938635697431	-1.84817468227373
-0.637571160668346	1.10631296976878	-0.0772494759153127	0.442389369044996
-0.108333465661134	1.49754874125366	2.11384709576429	1.48567926846864
-0.100078465620257	0.560889950642676	0.0646579223888763	0.500495500482932
-0.14701881997932	0.732233534988985	-0.429103083089122	-0.755490171901861
-0.973420278837293	-0.686767726194775	-0.694942437552885	0.0217729091141091
-0.81287011153925	0.172224747807476	-1.30061673464766	-1.20673806572687
0.891047656917496	-0.47006461636811	0.266036928832837	-0.488579389002919
-0.12846872721041	1.13026341789126	1.22446860650102	2.17470580901399
-0.0584910703967397	0.232250044392588	0.45113823929471	-0.728512462247341
-0.294758017487172	0.353974087061272	-1.06881026872277	-0.511757462014268
-1.22738250552073	0.464571228644168	0.712643962348199	-0.886497703174559
-0.254027409504274	0.24863717134497	-0.618544397362126	-1.10143985476137
-0.491294466716682	0.128858762739808	0.910324080109436	-0.214144341269349
-0.375342629030276	-1.05565435276125	-0.383504532288466	-0.385929867189936
0.148955615790732	-1.12244782052675	1.15627501835599	0.803326484911549
-0.678321498892004	-0.834231335358928	-0.222788097875209	-0.12581331401409
-0.213647127229712	-0.561387111284087	-0.298795738844072	1.1313154257756
1.38155720415242	-0.638696781739556	0.434265185122743	0.589639643581162
-0.023407318373669	-0.378917334102238	0.219711349766394	-0.856395712271519
-0.983649503818364	-0.637681021908265	-0.59481289986682	-1.39843333735373
0.312499257132687	-0.504477077163479	1.21498854571811	0.610781088867016
1.06374112553543	0.869239271778087	0.810322871712151	1.45432866156269
0.18226116352063	0.677114438844862	-0.0457635247550835	0.356918208387356
-0.721439322841308	-0.142449154842716	-0.0253951338078882	-0.730976173445387
1.10288092165164	0.34671787459611	-0.17931408821119	0.753165311844651
0.335108087439508	0.128785283410807	-0.57233762439964	0.00495209995706732
-0.574587568176647	-0.430619559328939	0.949014659021532	0.247760003799263
-0.984932445852001	-0.3953816216919	-1.54619181038185	0.921690576482965
1.60931255472122	0.893393044653287	0.998593033666311	-0.789140360383049
1.23917299886019	-0.485832500843663	-0.296210796647037	0.469101519492473
0.717987536736098	-0.386888964447854	-0.446428343496205	-0.150098403907587
1.06346965567004	-0.544378912028136	0.0565691113168024	0.287337152001485
0.803725893070794	1.44885166336222	-0.0679335139889392	-0.298582801941557
-1.22537092326927	-0.00696006745242743	-0.947274818042657	0.192726287567923
1.24811337132201	-0.836214640210548	-0.087912501002344	-0.718236783280259
1.09921786285657	0.119498140271639	-0.656837290123032	-0.747197174496928
0.49669645541902	-0.0983727291119664	-0.952369245223253	-1.30374395889256
1.20134823820124	-0.256474750754548	0.584792642895194	-0.0583454958512686
-0.0443670740950077	0.969510513532938	0.726391646684748	-0.583343952448635
-0.938452764870321	-0.962693225163693	0.296668467461348	1.66587229014745
-5.05693025574473	1.2999751870561	-0.583800149581628	-5.74463177605637
1.97756972534281	-3.34400556085623	-0.992953117313432	5.03209518118321
-0.279718970604674	3.07812502941146	2.14578225225645	1.73255922287379
0.0186069260617406	-1.16785504423267	-0.0324558548899762	0.491349979716097
-0.805149733501128	-0.378119242505127	-0.628366399645366	0.318909992841508
-0.913792416501019	0.00402769337341624	0.764493841551101	0.572096698011147
0.146576260212766	1.7647234004743	0.040275695151317	-0.355888303699171
-1.63581770858566	-0.468399753281503	-0.164043001781043	-0.426493209988322
-0.0296690092371801	-1.41920675041333	-0.572685445363973	0.543288835444828
-0.391554231330322	0.495275756377199	-0.0762805416148495	0.253178519256636
-1.81802773770551	-1.03083237764741	-0.483001717323779	0.457139174520206
-0.297074982560396	-1.65765107565386	-0.447818367562093	-1.29028361517564
0.309870036617781	0.194310539900124	-0.419456385623775	1.30304740221978
0.919683518797956	0.710437804837479	0.223547152878192	0.727588370023322
0.058804028861582	-0.0564370295250225	-0.60349491897856	-0.977192390045311
-0.195428835491465	1.43558090598275	-0.0765449097768031	-0.521977511036198
-1.08418060146514	0.628924118083025	-1.27386972589695	-2.555628478357
1.81094369622287	0.903004975515442	0.424721578927688	0.108904121503708
1.04141072884417	1.17896613451188	2.27221677282822	-0.238051645950219
0.604429405947796	0.651595829138882	-0.901515856962498	0.194525151508899
-1.40084770473166	-0.454691813097819	0.145413514453868	0.305972330165831
-0.674491321818476	-0.547187142708339	-0.12245034001588	-0.462787916223807
0.828827485995698	-1.21727777077568	1.85526901376777	-0.0864457940532264
0.443353880354027	1.10074578489943	0.229579436544286	0.667468729723091
-0.111560475680198	0.451342895965078	0.202649855983055	-0.0877504183219608
0.648644929465371	1.78392671951156	-0.481593743564389	0.364987927839642
1.42377692764051	-0.286590702934103	-1.14706984976428	0.144661533440968
0.422053170130162	0.292816126411213	0.922071101338315	0.902565374764826
0.206947655580234	-1.13195883724485	0.718474306528757	0.379978192027004
0.667419578937363	-0.199675144534656	-0.909606268660743	-0.712362164839543
-0.131300548883098	-2.00448284438024	-0.180202203739721	-0.779005555505825
-0.911306742013284	0.267722878079954	0.217620421887337	-0.176380797799244
-0.47244428024153	-1.05712297552116	0.123428467749503	1.53118979101506
-1.85242936477854	-1.15248326537434	-0.122081665663303	-3.86775237932965
2.27562933238076	2.42410909679807	2.08609391225899	2.95662230837512
0.0363479103697492	-0.188793251280068	0.181381049136553	-0.474525944816847
0.327252938799758	-0.306818139631921	-0.811145681430271	-1.00300091430142
-0.698651223974808	0.974953782104657	-0.563482374580651	0.374985079124086
-1.17901515403312	-0.646249206870354	-0.623293605551306	0.401354712953665
0.698092029222439	0.307013306906199	1.12350580125216	-0.343583937514387
0.777339183468828	0.12984306990555	-0.685560878588393	0.348880619782432
-0.334035422137428	-1.8574233088751	0.649599282174836	0.939108757597644
-0.559864447493688	2.16079950778918	0.660047322521388	0.592873981931312
-0.735826146601985	-0.894778832371838	-0.631272238762265	0.182610525833935
0.371235622013494	-0.367278101711662	0.0569581695528061	-0.44333783687389
1.24972446125689	0.00755344797334797	0.528965811456321	-0.0785663778492472
0.764040223361368	-0.568500030722072	-2.01143851212477	-0.117721156983079
0.93184705110865	-1.51566722157069	1.02529350604336	0.281234832154794
-0.182217512311533	2.25731073856088	-0.218338167710982	-0.207865814036148
-0.739288503677608	0.330695367359341	0.0167932381581512	-0.620525360859946
0.0835408341193307	0.421478074237698	-0.16010398013842	-1.00664806305504
0.311638248268348	-1.07424265407673	0.340944343823445	0.725152425433602
-1.44196301871792	0.696422515648173	0.550460235630952	0.367340673349414
-0.487725577518416	0.342724666215977	0.844364681841696	-0.559771430921929
-0.521200387854376	-0.224395841468473	-1.02805433260183	0.596174639266399
0.271643322428073	-0.372825011613586	-1.24491748283006	0.0176981622596107
0.352951687644802	0.592970376040321	0.124438817069799	-1.21311354136365
0.319079535049464	-0.082444844001717	-0.547036927572284	0.413908581722945
-0.374578249777671	0.0543441842426031	0.335552227861533	0.0799791464958864
0.0359666300914512	-0.219591752343447	0.90637474678097	1.28167953353415
-1.21152966812506	-0.697634476051646	-0.73795113208278	-1.1262756837503
-0.261146307498629	-0.562652104500085	-1.57693848140992	-1.96786579095637
0.860978036604199	-0.272576254794287	0.261199464621236	1.17965586530216
-2.24805059694667	-0.375262045718563	0.667675461300168	-0.370346915678895
-0.435063693296086	1.32010358281567	0.274959859335414	1.59632434121093
-0.124298016969365	0.245419658778215	0.197753254427519	-0.957276508195012
-0.306934941933536	0.672140819667251	0.778308204200219	-0.205632267144459
-0.243268496246381	-0.965398290028543	-0.635731189495275	0.660011014646868
-1.49564223979765	0.85505128306354	0.680985437167994	-0.36740951027643
0.782133951700516	0.284178572654367	-0.914933473817262	1.3837371685418
-0.142695749082733	1.09739021634923	2.00848499554585	-0.163974242792497
0.442462040760963	-0.683503127074019	-0.739438436044178	-0.166220767328143
0.268862902163932	0.245403744346468	-0.245666483488896	0.466380597611257
0.430763921414552	0.460439251739009	-0.367005495393477	-1.35907347549991
-0.0245534446675352	-0.104844611894166	0.311742282117636	-0.91997722188148
1.28522214786528	-0.180114112731968	-0.141881423045501	0.233109534398526
0.638996726559943	-1.08588644426389	0.0303781594234056	-0.1646343999195
-0.421086735024578	-0.152414671657749	-0.537232200576369	-0.232617648281777
-0.458146008903661	-0.592314488111748	-0.487875079678829	-0.452109869467357
0.603480028248903	-1.51657944016026	0.301939130900226	-0.707154284498518
0.814892312400915	-0.276736421635132	0.358865919163455	1.31085011476707
-0.777016001116657	-1.68464734949407	-1.20336581132292	-1.43476693257371
1.64530397603333	1.52679867031865	1.01506432740664	2.16210807826483
0.368297249292826	0.646982535826001	0.992221881246492	0.45024150433191
0.0734748696233943	0.7216376993148	0.555490156978987	1.43321765141047
-0.171337338768579	0.0935365073746006	0.508258813294219	-0.0782041433975668
0.886356007445052	-0.651621782103574	0.767525458764556	0.521803108776032
1.90455343624929	2.0693693861552	-0.151507681310486	1.29696289478743
-0.278800475172543	0.646194829830878	-0.225717749458792	-0.501610492056249
-0.0184445867029897	-0.607387708554965	-0.0488633310570509	0.298646441835604
0.387084142443529	-0.42698325748821	-0.857861144978264	-0.541707162507177
-0.601085928442698	-1.4748900971022	-1.75025812129205	-0.510248639706538
0.670119239316947	0.226839725881642	-1.279870045498	0.946515871769771
-0.216047622997436	0.997405561515777	0.579335063526034	-0.292590303815973
0.449185133211748	-0.197224714091205	-0.247570937339309	-0.726474403325883
0.0674019977037223	-0.302085576747919	-0.34032406953204	-0.105923459594472
0.0906207747402637	0.790036965461136	-0.776078328380178	-0.822020167669821
-0.0404135359308052	0.0360914610824852	0.600848112916219	-0.602361285233093
-0.363047963013965	-0.5916930545821	-0.307763004455303	0.834164728040326
-1.33276009402924	-0.0750038940528865	0.860999297718059	-0.299570391288449
1.18187700101219	0.404344219058573	-1.5586358130831	-1.19946433679619
-0.511845761553639	-1.47860862287643	0.242244706967209	-1.76244824523057
0.470379875484662	0.30899931286259	0.740476346598591	1.69461337432515
-0.16539313080395	-0.585149431178135	0.828156529721603	2.32823291292579
-0.766244405938477	0.484564325724555	-1.37659508023588	-1.23309489172373
0.489727582950513	-0.731253642246922	-0.254358894326219	0.0985377801317915
-0.525025713065782	0.621110690579657	0.52738123115575	-0.0512966710918386
-0.59095192003652	0.810481981574869	0.749060393223881	1.33732613416566
-1.01986414444124	-0.198294285772969	-0.242747289037244	-0.0418765301661443
-0.848360531516158	0.842391738736977	0.96327545204469	1.01628312999175
-0.293717211746948	1.12896599154119	0.207606656923274	0.547200978150745
0.274497783162005	1.32696178701049	-0.0619827667362868	0.461079086792412
-1.02794876865675	-0.9792837595651	-0.785030381481238	-0.621026864659402
0.655549253169299	0.431889424110652	0.449447129468255	-0.0371058758451693
0.0939321980975526	0.0689071657888972	-0.146881664479487	-0.723403072352121
0.259023218896227	-0.254901830901079	0.194359071150791	-1.05317180969246
0.10112725640204	0.597423543765261	1.20110196930083	-0.716979899018849
-0.249181004937946	0.350217858802194	0.408162522211665	-0.684191208235418
-0.123409927210036	-1.39706904723169	0.193239492001402	-2.2079979863672
-0.52239949381049	-0.637598996749831	-0.570553184260919	1.34570336319006
-0.0184182001774166	0.486946461434972	2.04088099673364	0.478299864214061
-0.120566957430179	0.0896408428920019	-0.739156339544735	0.135391893534218
-0.866809705785226	-0.63571787888611	-0.33693488496455	0.511085236183076
-1.31028993261628	-0.667966750187754	0.26254306720406	-0.0459077566911917
-0.744303451158574	0.872283180329992	-1.27506563040424	-0.70886441976075
-0.732157644676796	-1.73862945591113	-0.595316063788161	-1.01097288396675
-1.49173121504311	-0.690897225058852	-0.501717611391456	0.12549538172623
0.631791968350905	-0.263634183625505	0.377515054464947	-1.24380743506832
0.479572525730953	-0.618201010542666	0.844564665922773	0.408404977083142
-1.45246580438804	0.158929067070489	-0.723767863676667	-0.220545110376519
0.356455807386062	-0.622057910398876	0.187970718689136	-0.240988421959616
1.83112271287466	-1.44780303464146	0.0397091319990819	0.245554923365092
1.04354642622654	0.843950248759876	0.511113620783952	0.756049363796132
0.959862490616456	1.51028009826625	1.44024126432445	1.14301811732825
1.60198880344582	0.716963950910554	-0.753004661048735	0.0762658438032874
0.558550894716847	0.17830992432887	0.220411458027118	-1.33217219288806
0.917163248286257	0.126863591030146	-0.416831939596677	0.0076336491553011
2.05380460926505	0.0674699841862174	0.665306616687323	1.24543997142947
1.14365668345876	0.910226984729025	-0.583778682076044	1.13051835472781
0.527534822251988	0.693167498273484	-0.235822030848895	0.156014987738434
0.194056987002879	-0.454870538447589	-0.269028730206474	0.315381130687679
0.273394120532126	1.01471787214264	-0.255484434327874	0.293129445869422
0.191689488296707	0.86163263271855	0.424250595032707	0.866985755364116
-0.283791365533036	-0.862372109219602	-0.0470010023518275	-1.87678075243226
0.138530952408844	-1.0374357458934	-0.689090238967086	0.35814976085623
0.184705805559704	-0.516765991816351	0.143092961240583	-1.22946548560334
-0.657954638097108	0.89437923057389	0.278177264293513	0.0962361936915377
-0.5284456342817	-0.0635162784381819	-0.653767727044455	1.09049540610384
-0.820936221392348	-0.751498606904645	-0.33830562892414	1.59219633921055
-1.1113522822806	-0.646768258289931	1.16548921814949	0.971892152328583
1.25397504608888	0.271856505732863	-0.659062160870358	1.17231264552388
-0.290294095521876	0.595543254485401	0.60789237776948	0.389884170547869
-1.48518777848522	0.0353292958998609	-0.630449111654038	0.133683374237167
-0.523437397120895	-0.368826672359457	-1.25907776205586	0.0472874609650548
-0.393270121446571	-0.878520084566613	-0.499171356039959	-1.64451232364116
-0.361782017076358	0.762243308341085	-0.468112878628742	-1.37711461600717
0.464440048176439	-0.0776357339954126	0.627566241267819	0.0918548402709444
0.38135373689383	-0.90050321850996	-1.37258507291258	-0.51084312626533
0.154282382232849	0.407078935334791	0.443093162406537	-1.72337146088616
-0.594885760575235	-0.546772663888612	-0.0418570165549482	0.224173871192863
-0.627406113259113	-0.170739348167156	0.588372066967748	-0.804557887728545
-0.115672638697342	0.504276337981756	-0.300707930224842	-0.347159287796259
0.492382642879299	-0.0636025644570867	-0.484278245154787	-0.704066976682847
-0.48941957722722	1.23641174019071	0.460127005914331	-0.475071142471916
0.409649185832545	0.203052797118558	0.116227210774524	2.44217411393144
0.566058516696047	0.518124273393218	0.593245364007857	-0.776936881456582
-1.03776781077067	0.0874645121220948	1.0758706563332	0.247390142726841
-0.106127445847224	0.478761022198804	-0.274007050798224	-1.4513811448609
0.336662500721804	-0.0752912389085468	0.43819302212685	0.719664234686872
-1.15119414833529	-0.638934322923886	-0.205154354942749	-0.534412662485177
0.482118402525344	1.04704206368779	0.371049220616207	1.38675930146266
-0.229714201002059	-0.725166254075525	-0.191816406557554	0.499672886821112
-0.949538151445308	0.431176390437919	0.458058149247582	-0.161491181767703
-0.0556406957988171	-0.898151675340987	1.20666454286318	0.782382566088312
-0.0344060710463739	-1.23392016407295	-0.423225368208533	-0.499324734880405
0.193989759005397	0.487467675102674	0.0529241969563829	0.231500883429729
-0.657918576244645	0.13821171971461	0.419720864287156	-0.0251975083788648
0.227182553026754	-1.32208804466451	-0.731040644725999	-0.805568481615998
0.55138347451122	0.23888626028283	0.248604565884047	1.9173245882289
-0.205801115533505	1.37445204331868	0.929014531956006	0.955097164949748
0.556701830585007	-0.361444608958967	-0.0301227923379572	0.0713491670112649
1.43484568714688	1.11680129854716	0.138829359181447	-0.795715982793141
-1.18751440372779	-0.213277464665783	-0.408028433015716	-0.743855414949205
0.306805452923968	0.870220400422276	0.340428379096365	0.165319912007299
-0.271857502707562	-0.436497771106476	-0.495460030642662	0.0388725310233268
0.377150780720265	0.223320268125362	-0.57458749914334	-0.805342583622212
1.03113663493967	0.691229076147887	-0.0998115610590988	0.677513196959404
-1.13279670658107	-0.5802458710976	0.0702343947549762	-0.0741175745301141
0.0183039172226236	-0.18859067547105	-0.198890640699134	0.383916110215202
0.327566713157132	-0.37625758090254	0.485623841154214	0.844790363030034
0.508634172330048	-0.0667871522727894	-0.444133869045849	-0.356716208776296
-0.0133685015422019	0.139632348659651	-0.473593696103205	0.0825514496684693
-0.224816333165744	-1.03494155007511	0.520094958491195	-0.542683786910865
1.06505822265352	-0.00836581182941796	-0.597946643549201	-0.109933554753245
1.25624412292918	0.027871939075088	0.437129624131229	-0.39507172602849
0.0103438685766096	-1.96957752490441	0.280866657885904	-1.86133110845492
-0.687717236911467	-0.0506994046110757	-0.763789291232818	0.303949386867657
0.226289652854866	0.829397340198305	0.222416391481119	0.654694996313194
0.71698004536036	-0.157743275798378	-0.543308931496154	-0.685770500643043
-0.860335766148898	-0.205768279572066	-0.776456683052596	-1.98358459860133
-0.0488552927661294	0.346342844004937	0.441193078242441	1.15561274245828
-0.348515449454729	-0.614712989171468	0.0386990940461173	-1.2244784995193
1.28372790475282	0.402695589917686	-0.372880625996733	-0.247500412232037
-0.0585387820193111	-0.473580710606809	0.156473054416783	0.405213815881689
0.391562264224438	-0.562810419114763	0.400391175720546	0.117936134695002
0.304069912900095	0.34044168172889	-0.130651439563855	-0.38813085308204
-1.69454184260895	0.510050942433507	-0.25410370359276	0.13717713420184
2.2883469566715	-0.734072826859207	0.69097804109231	2.11929088036066
-0.557763981218624	1.51260931240811	1.95807940856731	1.53113975837461
-1.21797708075457	-0.429712435992134	-1.07707860448908	-0.995939742295005
-1.16071499547497	0.189996985344778	-0.725810578090808	0.187774856579623
-0.349097528362907	0.714377987764701	-0.96825324237369	0.197360542025259
-0.834212847279465	0.808217169961176	0.506553918540019	0.367630422897521
1.8496939537244	-0.65569966991626	-0.835666610147856	0.0391336154065302
-0.465653967504312	0.384985175256864	-0.149220586043071	-0.430427895755479
-0.751834874528547	-0.0785331105466539	-0.193989216875439	-0.301935507703605
-0.932836518037379	-1.30982200301953	0.37846738453319	-0.0561345454363857
-0.659071243542556	0.342256590422582	-0.0769438429733272	0.402162968807759
0.0131012275544056	0.174433254681949	0.848079429881025	0.0347062826361405
0.276962258162061	-0.643550440765779	0.358447952449219	0.254393561101923
-0.909117087814513	0.377773292720146	0.83735564127425	0.760057529598616
-0.84630207008876	-0.347548826009658	-0.59787552780416	-0.260844582609446
0.595891313628789	2.02307811096896	1.34600562211699	1.3933646517975
-0.284724349967525	-0.945816133112631	-0.0984264198079081	1.26760511331947
-0.66698361821357	0.55047245461352	-1.2492880332178	-0.0155041564101961
0.185348698331309	0.524837301862732	0.24717218217497	0.656496203615576
0.887942108578989	-0.150534828809116	0.147627972795464	-1.40733826595335
0.573636667183821	1.02168022558804	-0.54122749524161	-0.109916399860471
0.993650131643146	1.07479414860267	0.642408592435056	-0.382896670569378
-0.239569507301808	1.14961957544593	-1.26095529065706	-0.813461145247715
-1.86379169021902	-1.14045533101027	-0.368629271383761	-0.473048097524873
0.367319004748926	-0.654595167154889	1.06453805653658	-0.270440593927332
1.0218406054564	0.321396798207656	-0.675364224107993	-0.736154260138458
0.474209416042863	-0.679233626327105	0.496353489646745	-1.89527838080896
0.801802527920675	-0.578250020356669	-0.380744730343771	0.0935578890046339
1.64993133305625	0.286292463983858	0.707845176826983	0.802579531726786
0.537145755673923	-0.282299780759343	-0.608756321714571	0.312827051171631
-0.915282753767577	-0.301260023605125	1.04051334222402	0.535619228634395
1.55250080462168	-0.257439449701128	-0.611948007142687	2.3078137335236
1.87289293319223	2.60874997581309	1.16036171716988	1.54672936781876
0.538638125884241	-0.694003313380358	-0.53054256541588	0.00478819428195462
0.100511370999716	0.670067962173374	-0.874500889819137	-0.35462016512243
-1.34362272439689	-0.221630962533959	-0.838448379453996	-1.40559277753522
0.0625740470149097	-0.862881209434507	-0.102230201998438	-0.924409700257756
-0.240142058479377	-0.538364852790214	-0.426029860271326	-0.788560549767241
0.0497515224403277	-0.870441172063886	0.705883013963946	-0.724266782081211
0.00422404155199748	-0.710531672662682	0.267521124919548	0.133563749299626
-1.19766635734041	-1.94474407376207	0.301986937470802	-1.53746930050742
-1.22284414223285	-1.29312961343332	0.173083996295334	0.268213821496837
-0.93584790831382	-0.319282864588841	0.439197351417934	0.562006728195177
-0.378094943531471	0.734460132341474	-0.973352071738887	-0.282188560107829
0.320595672657842	0.69597497701349	1.01807139816147	-0.785472436908092
-1.14099172395927	-0.184726543815496	0.601697902873035	0.410908387990567
-1.3835441984261	-0.184699488070344	-0.276738123435535	-0.0391119897713398
-1.47142052047282	-0.46854433969006	-0.0934886989752988	-0.655702295876777
-0.0563146728199276	0.318818941539011	0.59578924072988	0.0877301808168797
-0.470152078687345	-0.537112834827401	-0.223658064177712	-0.559091874091493
-0.0784635854677266	-0.593257522656212	0.234370194867041	0.833781206368829
0.500848140641851	0.315333272410778	0.753316956079633	2.10183069509599
1.41446080435574	0.58596772292351	-0.113307680247165	-0.820701949253847
0.671863969771572	-0.62074223546101	-0.447547477488183	0.559353132631239
0.487231861767153	1.22178383573811	0.017901053015934	-0.352264383476761
-0.0549144204924284	-0.0349316966105622	-0.0639947111295355	-0.499440835336238
-0.38122738433673	-0.34125630758984	-1.11305658243543	0.0774640191831761
1.06931304360016	1.38954002494005	1.63108134627549	0.448822543025432
0.279543253762775	0.139700469487741	-0.687488473975939	0.752176992749842
-3.92175959085293	-2.32500779654231	-1.36710350235569	-6.04528386654764
2.75451173279232	1.07427882169473	-0.150567314961725	2.77071067937392
1.65242571433839	1.02119433425479	1.63162306067698	2.64054149911181
0.420091623082469	1.6102402643793	0.208230043419418	0.53844214269516
-0.470355945547856	-0.396313900350078	-1.4033421356129	0.073425639434062
