IFG	Ins	Put	VS
-0.298113506854685	0.464357783019495	-0.499754939355091	-0.065327169943125
-0.116003204194171	0.575526602984927	-0.220035476008295	-1.52527323887883
0.30389125568982	-0.209526616261364	-0.966614136937728	1.13058719573685
0.138533901906016	-0.263893168075784	-0.520299527518384	0.122284303073661
-0.529314356892853	-0.280090263841966	-0.0892112393509321	-0.347109242994204
-0.330922052121708	0.391099765558289	-0.417536804360334	0.527960109031445
-0.175414272263883	0.0870574153019756	1.10999553333419	-0.382455310723861
-0.182908927774453	0.0366705384419053	-0.347806274186132	-0.364136561947133
0.886464307585534	-0.463638722362796	0.528145170722565	0.677152891065484
0.637469163560428	-0.0254937089905398	0.882399879782797	1.10990939540561
0.289563270731953	0.140776881640989	-0.200888376913621	0.284892164595276
0.0426304049120394	-0.187740991567401	0.211060072839538	0.165295558209826
0.346459558261957	0.8302600384614	0.224570966416048	0.533321515659168
0.121267062090597	-0.225655016093509	0.206428379025084	0.767706481492187
-0.0869523434985743	0.595474505971598	-0.167640637813016	-0.868299275977229
0.0852611160356091	-0.254584324907462	0.237991505057181	1.15052974093394
0.120370920685488	0.0245906773069019	-0.344453098815036	-0.0177022599959687
0.517574884815585	0.510600433975643	0.268306905025984	-0.313195909541628
-0.018982994818665	-0.452492716251304	-0.241565805719817	-0.485294967850708
0.153892030826797	0.214788876783053	-0.134961553142363	-0.313500649004704
-0.263968595283811	0.343181939820178	1.05207746534578	0.174537857924772
-0.258647464698702	-0.506925710032484	0.18914893658078	-1.04370328366122
-0.252049086274098	0.127849438581931	0.387564824516833	0.641177260083696
0.067344960764613	0.332872704163219	0.315214570478198	-0.263087284461278
-0.0718125775228719	-0.3345125218314	-0.058242960047935	-0.240925046699645
-0.842518885540384	-0.871517346206063	-0.557032590894394	-1.47653466788358
-0.111788100132215	0.113059283629795	-0.048969414387383	0.321840994494512
0.0200857378416954	-0.0998848462570279	-0.295523197913846	-0.476220236868628
-0.427042469760415	-1.01852478607701	0.143922698018847	0.219163703794934
-0.0419964932835614	0.452310095748783	0.923195224623264	0.888196652838196
-0.390347586621851	-0.203928892057284	0.136154512245157	-0.506666054256832
0.736372635765792	-0.168340957676378	0.048419835275402	0.844201095921896
-0.238681975635455	0.0189201289858136	0.0334196542255166	0.0817039410760897
-0.223836340592769	-0.318024118219366	-0.572367711510416	-1.11766857261424
-0.483599953680134	-0.107351888384803	-0.443340954778661	-1.64253217889132
0.395818258826111	-0.0990019575893483	-0.772486439655486	0.413462606714777
0.135472075966497	0.522380725141057	0.322784021769779	0.822707583396457
-0.369734643826016	-0.604750514830767	0.0381502571379276	-0.820302012586515
-0.160792529684512	0.239093727831298	-0.645655666206162	0.312111339533958
0.342767242095274	-0.129318908056435	-0.127134261681361	0.0995178267913212
-0.214889870332735	0.472145988269052	0.0346738016571605	-0.992163418720689
0.243793391010468	-0.35052305106707	0.134878875169807	-0.46533202918242
-0.0899613675442325	0.275954723263516	-1.33225040898878	0.622049160659192
0.0166479111642411	-0.617935777909789	-0.0821412237891357	0.06436542306147
-0.35393905660414	0.415826153717528	-1.1995133305097	-0.879562828334649
0.212033046071199	-0.379539275074468	0.541961258855158	0.649547335928724
0.0472822891597955	0.131889325588925	0.212105138200045	-0.0477808625595863
-0.00619710981143918	-0.546265859379226	0.0806577839961294	-0.177199296217152
0.207712666656002	0.372719220542745	0.0589035693428112	0.0862425204361852
-0.101123129630248	0.0697336774646748	0.702635757796069	0.320112751158394
0.87742714427824	0.473612641001535	0.359426680064361	1.31185183727063
-4.03085265594511	-2.70833881716984	0.739873708351347	-4.55949987305245
2.2564656619715	0.202756954991868	-0.945552479911965	3.38449610549566
0.223234786151281	0.405749251647312	1.59416863278129	1.00139230140992
-0.537787549235875	0.370128417749616	0.73573786796595	-0.0571759163998515
0.340399825216843	0.413943269921192	-0.0965429823430784	0.771355056903709
0.77128821305105	0.0979858612175714	0.397924573725396	1.00761204421568
-1.8059204748721	-1.02469006661385	-0.919345404747502	-4.96074170856555
1.81401930221587	0.703725089287367	0.209313133755927	3.55503515463922
0.522689837927923	-0.0403547494610048	0.753345030306949	0.808685068889829
-0.337360252267646	0.88806943988609	-0.507398583260741	0.378501609429052
0.337591572290454	0.136632070224024	0.0453250164706541	0.371670758718531
0.452755351665297	0.998195619971069	-0.37769620392316	-0.196639590257709
0.163938339433294	-0.0254729753378972	-0.080412612706039	-0.137807997770718
0.275037236077044	0.725813184826319	-0.572747645741849	0.604051165622683
0.229879604843964	0.107769716468655	0.129801287943654	0.909509112002292
0.222156045663452	0.837786141395891	-0.17123595205926	0.470673064971589
-0.572459563661783	0.196721405921815	0.161247833665343	-1.72520498700422
0.207333575624641	-0.42914154301515	-1.43257959044937	-0.564831070532395
0.354300144809764	0.241830724929936	1.58759794974954	0.721649430086783
1.14037112821254	1.56023185292672	0.510893424203514	1.05323574476427
1.11624046550113	0.640274671986396	0.683768166264661	1.44650066612219
-0.067310517827973	0.0807131191222741	-0.166337318310819	0.0512111315458705
-0.549917405380715	0.230519783039689	-0.159897027534931	-1.05216969765639
-0.588433810588893	-0.526296851150573	-0.599128904697399	-0.854136205606082
0.0480336220521443	-0.479816795807033	-1.10219283944025	-0.267489720723494
-0.312403280737078	-0.149786012103354	-0.112091063493494	0.760346204309809
-0.342197967995165	0.356781035972462	0.105072463937011	-0.149417691744173
-0.0213109825951459	-0.222545758687873	0.508808033642922	-0.238805872441158
0.0415913419621301	-0.699892032104425	0.397421560332728	-0.399540634614412
-0.878049993625205	-0.374063130437364	-0.0128702502954296	-0.637366124897796
-0.189856722373613	-0.19967286610197	0.145965390657266	0.453212341636583
-0.41070577657051	-0.170310223180963	-0.188104177862676	-0.573546375128315
-0.489626486421738	-1.18086528692084	-0.774206668117556	-1.06463970182436
0.315429360353848	0.674263507966354	0.285748162582712	0.403233840015097
-0.519016031671231	-2.24288715847715	-0.408836989424211	-1.35938015700568
0.831259061747729	0.605847801001154	0.55742506499296	1.73383038177978
0.439031979793591	0.176652267154677	1.03081109403829	0.449518677735356
0.00538149880762025	0.129158782503891	0.0191808185162601	-0.278160329841439
-0.59236568665782	-0.912193816970155	0.437420363180195	-0.372942101302865
-0.594956145069289	-0.349334428576979	-0.87172410030037	-0.102609844086469
-0.524194187324771	-0.555726125190901	-0.714241188835487	-1.26137058122405
-0.120067520514647	0.382990903474961	-0.748566109503235	-0.646889995328012
-0.480353745495699	-0.23560605634776	-0.301598266590916	-0.384660954848056
-0.760815384211327	-0.465415551402494	-1.01710233358572	-1.79288417279195
-0.0771484543028149	0.108414007592763	0.608384499009849	-0.759643551708188
0.419737554761738	-0.589648986266382	0.51917472400135	0.0602925920274431
-0.343106437703909	-0.116221089278991	-0.85379182220205	-0.463668932736621
-0.107839792156691	0.0937622316247434	-0.37650492504201	-0.577251137541603
0.28703358854257	0.181828204561886	-0.309742990616472	0.440820527567418
-0.0393158967752909	-0.344286132791042	0.621062407846671	1.16905408101568
0.201510815288458	0.804940577143644	0.899046566795097	0.37007628020406
0.135953378191242	-0.470719558099704	0.0326705270366621	-0.663618520442727
0.401995647300406	0.504231523694183	0.345944653044237	1.12871901680857
0.116872210682748	0.346248500841934	0.81724664439606	0.304385322838359
0.111406715594305	0.668004372505532	0.259958584799287	0.330537655620975
0.763039132884643	0.656872045850852	0.449753849459831	0.976165747461548
0.297363244540131	0.465140208502044	0.400567848625297	0.71360127392232
0.115690128287103	0.282628580230678	0.175297349774519	0.989690933577726
0.60751619372321	0.05067106460878	0.0364430465474203	0.476185571951248
-0.406680097336294	0.0582548047345758	-0.134831472151413	0.924634911058398
0.187788939238976	-0.0176697111391633	-0.116367515015171	-0.191924590937239
-0.123829667244855	0.13684626430937	-0.300469428949383	0.672824796131639
0.277095329165853	0.108623054086882	-0.131870212089153	0.0838751271757947
0.999405059095253	0.465859884435416	0.405924914615677	1.24716161599453
-0.311852974831033	0.358935947103295	-0.215875134621257	-0.105622186352228
-0.244308932624855	-0.220828291079404	-0.0365680987816523	0.705981389294928
-0.068317675028938	-0.0699665407204711	0.252271516659897	-0.0821962767446125
0.731735750502253	-0.321111849395161	-0.387849190069214	-0.214396417949376
0.143773791477971	0.116627456610878	-0.0882854890141678	-0.273925648790362
0.0736354072737527	0.0472441445174822	0.460835444797328	-0.377293589272106
-0.617891589905303	-0.269523847711989	-0.265731551609866	-0.566325971621553
-0.362007797645443	0.0705985188191409	-0.738716727196879	-0.430244199121304
0.389412981256151	-0.517712337937403	0.482177702761242	0.348793133617959
0.233440531149385	0.478101912441496	0.342501748903723	-0.293389469421204
0.0190961256082262	-0.0182930673325455	0.388022293053183	-0.825366526643819
-0.297409483893659	0.315253188810998	-0.351985746800481	-0.666617887465486
-0.0873317582418163	-0.0188499877635	-0.500761955323606	-0.422001787637411
-0.262307396224493	-0.186771173821685	-0.222100907057118	-1.14110733140642
-0.370208101797051	-0.976008987585587	-0.398112410482176	0.225064188857692
-0.295069240707095	0.0928548038074734	-0.166860060072329	0.0190127903888209
0.217471205694247	0.182076398291586	1.00808242788578	-0.489149473018024
-0.16535592920589	-0.0799137678455297	-0.643810586521108	-0.144008152902617
-0.234761890518729	-0.212599815096473	-0.89666028649443	0.273143037189576
-0.483520913985341	0.0628523758500407	0.350770194694611	0.216650353737427
-0.538583370208887	-0.548327386389257	-0.499014282615963	0.0416570813865848
0.551072858719855	0.239482930565581	-0.224738469342961	-0.249071963610351
0.167094924525412	0.75811146623329	0.660942283741119	-0.454793408950978
0.20852875731058	0.371712329960394	0.0459632731534894	0.221403870029008
-0.454252280212216	0.0154324481095973	-0.165081873514802	0.436111692471363
-0.0620581475467774	-0.39141061498352	-0.91910321198775	-0.640400086706015
0.16180204826896	-0.489612517171189	-0.511362573859251	-0.02830841658911
0.140255128678653	-0.238573237489699	0.247810791096476	-0.377702033886244
0.320039136958669	0.240225325493935	-0.0142585805265953	0.663014963954526
0.300508755610573	0.375501930781334	0.707601988225064	0.228283996397753
-0.209257740996361	0.156018101166666	0.203278838029179	1.46946160223835
0.431474558617886	-0.103050054885039	0.676808436621963	-0.552714276316324
-0.267797748749531	0.111118066410627	-0.274083126683396	-0.299153022460807
0.0134457973307948	0.203963612391935	0.131791191036914	-0.330823481618849
-0.431708597580467	-0.0205510211394012	-0.168900536712687	0.0530743600347679
-0.382910867258468	-0.155145409520131	-0.353411975380141	-0.159539447000148
0.0406542894449671	-0.162231702456222	0.495000552774583	0.351772826685102
0.358823303859846	0.160839430623351	0.760744239921671	-0.468125333077423
-0.0112102584699168	-0.0593211917955107	1.01742890622119	-0.0555550051622652
-0.159019000405855	-0.00674259466969462	-0.256214291939743	0.371224316223571
-0.123848955302622	0.0578670759000277	-0.0758255507969414	-0.250603367528101
0.162662643458472	0.0537567761065039	0.451155946239115	-0.1517557555903
-0.359916319075599	0.11766016392755	-0.451340393246323	0.674622965199826
0.144152347636204	-0.22064747613931	0.721912842664124	-0.0265099218325786
0.359677966045257	0.105614864635617	-0.493674209132562	0.244049888961373
0.25715543886972	-0.34114910478174	-0.714123537361624	0.712319677226182
-0.336078933840911	-0.51668257603843	-0.614498454559283	-1.33348103316941
-0.0643153547713619	-0.0576820520487165	0.879679248124896	0.736315610500963
-0.0666977827321818	-0.13056091805832	0.611184616021399	-0.111548964207162
0.0317096472577633	-0.117041686392995	-0.289616785779412	0.977167830912008
0.306327770653816	0.0850899072022194	-0.811112851138578	0.322557402132049
0.112198950854415	-0.401465234969533	0.0864602356211257	0.467916941440644
0.238247262138145	-0.175993616007398	-0.0659737776046717	-1.08420979576964
0.228704493797656	0.0857246171700507	-0.100634759199634	-0.543705356241964
-0.20992651899883	-0.052956746336469	-0.865579289003835	-1.20291310194027
0.0836124302364683	-0.273985640023499	0.233104117806657	0.349876385439897
-0.227227340804989	-0.0665304998807976	0.277835219159445	0.43791941360037
0.225147606188867	0.0915467649455296	0.201750922498089	0.730631721756346
0.361206877483858	-0.0597522791619252	0.460339918430196	0.719023197406103
-0.234415744474297	0.111359449480247	-0.0717904169148879	0.471345006411206
-0.193313155602862	-0.137582844415186	-0.715896814408525	-0.272310628634226
-0.50033915373337	0.368388734228873	0.160301568538515	-0.0279591640240163
-0.0431022402204062	0.228067184684712	0.621357329126926	-0.751252699293739
-0.694429746883877	0.248323386741963	-1.14866097436383	-1.09085619567151
0.394774079937322	0.0255217037866659	0.729380753326581	-0.178506466626919
0.348575184202834	0.155434365689349	-0.130573817045097	0.44297088923772
-0.63512102951914	0.157647413902787	0.488659475350086	-0.875566065608665
-0.179095961604375	0.308583228465526	0.177374791438031	0.706593991622226
0.459969070700505	0.29909818652285	0.0751431800767422	0.427238223777738
0.333500546839541	-0.00919674478727335	-0.338351385675359	-0.325435031387759
0.614352864800842	0.0247181280833324	0.244116042169197	0.448133722211808
-0.187457325778041	-0.0689073050797244	-0.355200857374881	-0.00759112667282211
0.249056625676519	0.14529045074221	0.329176797137651	-0.111802707075123
-0.00313758361028466	-0.0947849942676396	-0.478064301166029	-0.194796867722665
-0.0535934909862973	-0.932134983832142	-0.593157984016704	-0.155452825116318
0.830220682025577	0.342449635187094	-0.235038972554048	0.00541498352434988
0.112080480338178	0.253867064488505	-0.0867025675014685	1.09067318545025
0.172230052802851	0.159678924175158	-0.0268240441144179	-0.866242036798925
-0.210607101290243	-0.380536891181563	0.207494792533595	-0.43150889461726
-0.622641015379954	0.793465609380283	0.51648128990794	0.301693877767644
-0.579604301972872	0.482223620508248	-0.132197589933196	-0.25954973571076
-0.185991269861485	0.022967197043954	0.365875080472189	0.614768951408138
-0.262227047107198	-0.0162115066764923	0.096963140219341	0.242402962527536
0.114554455577108	0.188331801155196	-0.106316518797114	0.427104412397074
-0.0775779938584537	0.114212686487892	-0.266996885035465	0.229854324197743
-0.161180899374765	0.551272645944284	-0.327545936556417	0.107209062627544
0.236057540630077	0.607089094833845	0.405295261736839	0.0265562467999939
0.100447034180237	-0.86238180981331	0.0416387874172378	0.138586272858802
-0.2237646993967	0.0765346092392374	0.238494331558974	-1.2779119268569
0.494789519352264	-0.477002949761642	-0.0797636026839991	-0.216917333948256
0.0459570259359747	0.25831459459349	-0.451278598416267	-0.829516678576237
-0.175910939980106	-0.328590221988792	-0.233864947814136	-0.567734792476629
-0.758631912889003	0.188190034980277	-0.192550260217188	-1.26649984836176
-0.112287789359902	0.442098662713079	1.00143066319118	-0.61071849951153
0.899785558180678	0.0610593825100137	-0.0398952147044406	1.19925255620205
-0.255467724205799	-0.567304481505727	-0.207747820042805	0.290496348716309
0.0394260708599524	0.302150539562366	0.176078696971181	-0.409354942085301
0.494895206417399	-0.901803853604455	0.272655497426299	0.664034909167498
0.228069266557316	-0.222842029982044	0.293625435691122	0.535239528322415
-0.51757297244099	-0.470700952136703	-0.630499010252607	1.12204230040175
-0.58129550452424	-0.167705004709929	0.472239205382622	0.123702508603387
0.336427404650733	0.44528996377861	0.0165217461488928	0.597867988251074
-1.12053519749882	-1.07267765189365	-1.53113128193993	-0.7803163862577
0.804591724502339	0.60333650517992	1.00112053472681	0.852360571930044
0.925019588628383	0.344820692282864	0.789794547646396	0.91032727527332
0.555431628135657	0.206159017122047	-0.243015991759675	0.766748848549987
-0.0996880417510816	-0.0181931578717477	0.0126456897995942	0.335707916465186
-0.277077942172911	-0.699340633384236	0.092138824976583	-0.368864720247468
-0.618807106275909	0.0694531486678699	-0.809941189635098	-1.27153302653396
0.358569012911759	-1.01283283468805	-0.782380551868598	-0.226487326946606
-0.300824681939331	0.70921851820233	0.317843377014487	-0.79367803592842
0.0215767578159747	0.604468336391557	-0.347912052344695	0.179509387161753
-0.652145129497034	0.0532022578580782	0.312465888047453	-0.116695219363357
0.0600067588428139	0.191637991997851	-0.136776299886828	0.342368742326808
-0.581901977653946	-0.508596713392751	-0.385039775775886	-1.65658159207522
0.982861108067244	0.343319007782222	0.602513800610428	1.45257360272717
-1.11237183087226	-0.622021127595298	-0.860846619209312	-0.989801469529279
-0.237697341769437	0.589682868960893	0.415971345063635	-0.134848630275474
-0.466244074098812	-1.1948064065845	-1.64025153980553	-0.569686145697793
-0.856037456730063	0.938696444511871	0.85877064798589	-0.809676623088968
0.297789319401069	-0.18661373952764	0.252254285567987	0.618248089617294
0.624087962930512	0.084448852743911	0.741611410563569	0.126975146410756
0.467105760386231	0.0802712150225143	0.207787778937694	0.137024933611911
0.731448119229574	1.24919982191916	1.12666827796369	-0.121179820525876
0.219937946178236	-0.539356783157012	-0.0030730280673733	1.02890927462684
0.265392255224838	0.606414824801984	0.238762609987811	0.186191440040308
0.576601024637119	-0.425965456919238	0.269912707691644	1.22970336292291
0.571923600889149	0.376327208599073	0.397813412177299	-0.27883863260239
0.436247665815799	0.129416169660556	0.707295422888732	-0.285234833095106
0.0595451836968803	-0.195400650640729	-0.49555133524459	0.199756919376534
-0.00795006100224881	0.559624976259294	-1.04708102852702	0.260054051445837
0.276197471974055	-0.620462199707231	0.543927849610735	0.153858124074455
0.153269388573925	-0.0764816188043737	-0.224530205863387	-0.440277323236806
-0.237615940320979	0.269413686233982	0.240574369691055	-0.105717919295212
0.295425012482355	-0.144610826044674	-0.281928613009582	-0.0863850096944084
0.381523729484777	-0.645466071931848	-0.123496198660458	-0.296509407837963
0.157494106302421	-0.456190047760286	0.0405890410824627	0.413632549187309
-0.838543989469736	-0.413946714322302	-0.318733753025872	-0.16678992667575
0.153971300292997	0.26305725337496	0.200979477279585	0.257858320668714
0.254343375191905	0.315359927192896	0.218797841419874	-0.509367223492018
-0.399614091738696	-0.029724969929084	0.388742049711724	0.0669215184045559
0.127886190944594	-0.217398355720416	-1.44925547632757	0.489770571970528
-0.432673363440125	-1.07030893533797	0.48574961654878	-0.107471965007796
-0.846824607485255	0.433393077205919	-0.700772934010172	-0.942827947136127
-0.42966121914821	0.309830666469143	-0.787865236987629	0.839768819353091
-1.09191642439454	-1.21380671310125	-0.268058999009319	-1.04649772714723
-0.503803221192067	-0.10955563148019	-0.0560315025488465	-0.577887711312672
0.188748776038607	0.125519059368371	-1.06789199415918	-0.74582715452014
-0.553682817254791	0.297047356433351	0.237086161531725	-0.408552085485271
-0.226797723190106	1.03329640445059	0.576922853968203	0.538855277170401
-0.273546746118172	-0.292685840060711	0.200302399876568	-0.493664363587533
0.405209504412481	-0.222895914575875	1.33278111675746	0.327651941569297
0.539888437344211	0.203576539716213	0.44424240894037	1.64152125835477
0.0625387062368331	0.00325110047511454	0.352121717619	-0.343429141512827
0.507731735227173	0.727442564846269	0.488081056653396	1.13833272661286
0.452379212135023	-0.31041863969034	-0.688983568948599	0.296161944151154
0.122182739571408	0.736152511818368	0.776627570432681	0.547996866318696
-0.246495305080999	0.390981251274691	0.414084314870218	0.656630900109338
0.572343827782765	0.108050381665223	-0.0122905097305625	-0.199634110041307
0.58280853791467	-0.222619674553194	-0.391619676281579	-0.108015905076228
-0.150874882685848	-0.00434378016356515	0.117454399300566	-0.144403368534814
-0.599876456444482	-0.116979991725605	-0.409122023029294	-0.37820259224648
0.0830049142274988	-0.0617701700973579	-0.644696196426938	-0.725017826704085
-0.0186627279998469	-0.336347265893513	-0.555056038686755	0.375867956411437
0.28837823210314	-0.0582318345763811	0.50880508388172	-0.51001168895605
-0.00367900514907898	0.342426304536296	0.0328350500134154	-0.0602690517759431
0.596123895255859	-0.173427144459039	0.562418076408505	-0.638667617581331
-0.345139656730292	-0.251907058217579	0.018358073757816	-0.378066526082282
0.0382862803803358	-0.646695171336652	-0.461395314184987	-0.127609275439175
-0.191243408415921	-0.328750705645413	-0.554826585460298	-0.781555579244669
0.159262990025404	-0.214812636181768	-0.360916422650179	-0.0314483510606908
-0.0218497569301237	0.443341911308442	-0.340866841044461	0.155087743277234
0.62506152444185	0.842617602400256	0.0971776772598442	0.394392142675196
0.196300329295185	-0.30758064230711	-0.323648581756496	0.144223773402618
-0.259174868207352	0.289175811520337	0.259082119896768	0.310987163055899
0.5387269134149	-0.0429057175890191	-0.219723359506491	0.0795277034948327
-0.271482529140622	-0.547646956841227	-0.0764674560594405	0.423072418372283
-0.781638748535219	0.632811947976908	0.588160299595473	-0.285128815258492
-0.592333603396151	-0.280675333036282	0.334817508963521	-1.27811157566358
-0.372698831702287	-0.285870419994176	-0.718833380560614	0.566105054466155
-0.404304354592265	0.606827694656388	0.402981756582193	0.528684254498124
-0.0316835126703341	0.264046003603989	-0.170539974793521	0.735959584510662
-0.119902648056527	-0.161471605009445	-0.142543485365086	-0.325428372597747
0.332596873435752	-0.064875401460765	-0.33524840781187	-0.337801983631705
0.0134799584308419	0.526731539915849	0.0216656118929103	0.252518640859107
0.46149659670129	0.0944767955036385	-0.53948369681854	-0.031720389013755
0.389257935972502	0.170220167627109	1.29789045595215	-0.241336803379034
0.14250846683998	-0.473795248010198	0.0460680713313159	0.903514297494356
-0.118651326215681	0.345818106058315	0.771705171468674	-0.0298209141101208
0.213414095783092	0.280676690348646	-0.462748802209067	0.723978245650762
0.423940815495559	-1.19304120112907	-0.300973092731837	-0.531212828135235
-0.318340001207296	0.0933097083126339	0.201131443899571	1.10694910770753
-0.558640603995244	0.461878879069492	0.732920904421206	-0.389585359103084
0.303593532535524	0.193664324820814	0.949088099266189	0.868140922159837
0.337985848278418	-0.670467730660808	0.278722293250026	0.49593668689522
0.0445681559610666	0.578445893550803	-0.00645922596237908	0.437860311907255
-0.407431135741671	-0.18929186305005	-0.895594746102266	-0.60273549962662
0.266983192002395	0.854752060365837	0.572888486533432	0.125714537425722
-0.380493096782395	-0.0941025928924452	0.0857094616758314	-0.264723282617991
0.116684243115372	-0.514592961995116	0.35101994377513	-0.35893647589469
0.00853963179604555	-0.846838334567301	-0.75432623328154	-0.968687109294406
-0.277093961246827	-0.473088448415348	-0.665793737448105	-1.28549961699289
-0.125740582157687	-0.166665956518585	-1.07158474694502	-0.766375788240679
0.52690705063707	0.0379444997356465	0.567693400234536	0.435343378487913
0.409623475542352	0.560920379947386	0.541215903904854	0.420065650769825
-0.318273197991061	-1.9502802944042	-0.116428625458447	-0.364051493034457
-0.515851188841004	0.391902279649535	0.0266728385060952	0.629495657831448
0.263485612191441	0.194705132059244	-0.986699479544293	-0.432742768270965
-0.232778683935514	0.32066040033317	0.659734346868317	-0.187083727613763
0.0635741413489279	0.642520280925237	0.442115571283843	-0.416390136398864
0.0323783346995009	0.252860305784005	0.551116441352534	1.14301404754667
-0.523853862513516	-0.416130127529949	-0.656519256919617	-0.259336452702697
0.25270218966088	0.652573009420785	-0.527862424984662	-0.433741173772053
-0.153500285776561	0.0176251124045606	-0.120824991232411	-0.764258594646243
0.0379850290080043	-0.396379182681607	-0.19015931580332	0.495858893211379
0.228991860708636	-0.448396401553613	-0.103605157684005	-1.15245991839138
-0.122684448784727	0.293320137243584	-0.273415532335479	0.306815809496246
0.258081994857088	0.117452387161807	0.3752071111389	-0.438558161274115
0.331013940724741	0.756213699462053	0.205118163286255	0.622268071708102
-0.097282218030379	-0.978299142564987	-0.439906826699304	-0.583473304131649
-0.439984709587037	-0.432850532230951	-0.570237223324575	-0.39426517479663
0.692713260552527	0.233140526188017	-0.235483952648609	0.865298445451561
0.307701125093828	0.146793131257245	-0.509948822915482	0.218855569682957
-0.128782987706533	0.260198947819842	0.318063787698556	0.380184251747131
-0.352596268530715	0.19019941259041	-0.0262721480197682	-0.442599243946799
-0.029205487054315	-0.0642259494026973	0.665355538932645	-0.246077623047313
-0.438881838320482	-0.202943216699407	0.171421466974153	0.391635733926925
-0.43479875923306	0.478801208424185	-0.0848152767785327	-0.826726489280754
0.147618754936537	0.332747735226544	0.929766533861067	0.993942374649247
0.361340980497168	-0.771998407088196	-0.277118995538194	0.82131744039589
-0.00923495883793437	-0.253333056221548	-0.00920439890214908	0.604086120914843
0.0272632769102602	0.820815896624529	-0.371531610004527	0.686728313653032
-0.32308016728133	-1.15561913707997	-0.0169059206478631	-0.862489704735014
0.346138011073803	1.18011514439177	0.293097786609022	0.586707613077508
-0.230348807043464	0.592852148286678	0.836130589921903	0.268242418133061
-0.455553284319107	0.796910558403399	0.617489557138329	-0.25220162857713
0.30924661070914	-0.153898065206983	-0.842639771889148	1.29544675675415
-0.0944527562174	0.475581697644714	0.273362919446923	-0.17901156294646
0.510570528906557	0.227429511723529	0.201605367713265	0.681265535906909
0.0985228666941042	-0.213052548988375	0.0940486884735311	0.0265949225250826
-0.0849874564351539	-0.596367472097437	-0.101010826134744	0.223713599150521
-0.107289352187636	-0.162006303215818	0.0969207411709765	0.0125790420067695
-0.267815845942198	-0.043883778822609	0.251172785448147	-0.420424407598236
0.683325787066435	0.140151944452379	-0.532447672595603	-1.38147916053556
0.490539534988916	-0.833432105993927	-0.190349975442115	0.4290810383424
-0.19548997611246	0.0959749809616498	-0.702430283983528	0.13544378474444
0.624484786298981	0.473014442870534	0.657458124795717	-0.297048919373341
0.263818299453427	0.0728260092468868	0.114328010026397	-0.951044514278199
-0.0716510906233721	-0.680062221661934	0.0269692246569315	-0.374283977671877
-0.264210669934372	0.503638083293231	-0.408236309145724	0.134664138204051
-0.73401536459832	0.469484523273633	-0.0830441059650939	0.228491266265692
-0.0919035714679926	-0.341638851494071	0.335133092993209	-0.641727358107844
-0.381290844164807	-0.0816723985592686	-0.319606012645147	-0.207361947010389
0.492999344543513	-0.0183896592614123	0.176406039338103	0.387952659231346
-0.237539201854053	0.0971400477094532	-0.118407003276428	0.250674127842116
0.615972425929861	0.173420807114652	0.652957022126783	0.10203364028295
-0.281017580995925	-1.06950866814108	-1.08079355494249	-0.163761733250616
-0.713921557675087	-0.651780606047677	0.234236730379259	-0.287645061302844
-0.224308854315245	0.576670686122422	0.0786708097340382	0.283649320334348
0.135987082235909	-0.850083191860659	-0.890399736071952	0.703451605571724
-0.326175810962926	-0.807860176616531	1.12829527629858	-1.1530361911408
0.221339938507584	-0.0691989647841014	-1.27369303446664	-0.258031460159505
-0.325929211848881	0.523702852165252	0.393057386539305	0.123215486194103
0.748332887061506	0.283051999893652	0.602737027072156	-0.387685978921851
0.446571293787865	-1.14218644554591	0.126232348749471	0.473627515898193
0.85607765299078	0.241999486760427	-0.0889197974085998	0.737888972645133
-0.410223100780078	-0.0587563703517357	-0.53314033290707	0.257320402053045
-0.424125798518923	1.16006633119124	0.847924730618819	-0.517596436515167
-0.444682825676007	-1.00872056700424	-0.102383736746573	-0.333908535405036
-0.0564441130213314	0.550692181725494	0.342438177716135	0.120496916842431
-0.793576188550108	0.426862414289072	-0.472458803353738	0.226544933555396
-0.497463196778348	-0.0685260903382385	-0.0104084008147764	-0.557924132915774
-0.271213788025593	-0.460570306145861	-0.137943686239214	-1.20043672274501
0.11626644629155	0.078915059068487	-0.244940957179641	-0.788562096350597
0.043289216890973	0.207466722074295	-0.167359451451704	0.134837175956342
0.241831368521317	0.324154445556153	-0.698555192259144	-0.360985990538649
0.175460476762721	0.139559903759247	-0.317550761331438	-0.185561874477139
0.787089095518037	0.338420596802308	0.442890556888803	0.332011046217972
0.00717537034742695	0.478346701507288	0.379579679989268	0.225314904759365
0.244275991883671	0.602012139107178	0.827782931509354	-0.19648239087746
0.349548111298592	0.0802829763654245	-0.50228944738526	0.814032097623675
0.771372047445691	0.172801381632668	-0.26720824909872	0.285787402830092
-0.228741757448724	0.0782809817829073	0.797903913878922	1.18480584083173
0.344396986034395	-0.695874824281002	0.266515541086425	0.633640861878764
-0.598080815792413	-0.299915979934797	-0.64582830289593	0.190037411057631
0.112791845786235	-0.533022158839495	0.582297800012643	-0.0764557009817093
-0.436054600017926	-0.0272081840503999	-0.666996435668213	-0.604859539476905
-0.230252707013477	0.193537193541808	1.15140335377475	0.416204943525723
-0.141212494295322	1.09073552295217	-1.06920368710827	-0.0240498812956988
0.697973976842617	0.408571903978776	0.397064071395137	1.15406300740349
-0.165878772027472	-0.398674301551881	-0.0386897098326961	-0.0114372878567594
0.111300107525163	0.784697843232909	0.513002703724935	-0.448347372712684
0.260787691825492	-0.877269680522217	0.135719003446803	-0.238324377258967
-0.800941108387733	0.423863172143389	0.547595536688341	1.28890494984829
-0.0595063415458724	0.400606159413002	-0.186254692057233	-0.643604413655223
-0.0570292192508563	-0.113736616671361	0.0582379340583194	1.36222092482869
-0.242728453249589	-1.32429634714781	-0.71412260218391	0.164571801272479
0.112266925583268	0.180370955069216	-0.464688953597169	-0.526618033188523
-0.0300721364036376	-0.269114775730802	0.143100113672348	-0.626084957746644
-0.16676779592544	0.0531165131060062	-0.415251030011686	-0.446847752674215
-0.0155031368961528	-0.323529925671009	-0.29341339763467	0.236958181301324
0.670824985700995	-0.136041175295924	0.693164201544413	0.521845065360502
-0.62615093431358	0.482994310782361	0.247466417922226	-0.0404600835060435
0.423018599945753	0.485809612464272	-0.292847531603871	-0.989265649724513
0.350284412247328	-0.766036213234119	-0.805641339694243	-0.855384704674145
-0.242019214962829	-0.505294051936365	0.279736412252926	-0.045257490263011
-0.172439344118645	0.166164010827974	-0.604045213487129	0.000480235932986409
-0.263391900576625	0.527336184778573	0.484200965859425	-0.239646212761153
0.628652555477819	0.0159689536357711	-1.25942340400976	-0.633704753019937
-0.0189974650893456	-0.26854410199779	0.218656377347196	-0.919138749158318
0.371875428182051	-0.188484507033821	-0.29200766891932	0.884975096827032
-0.356914252409195	-0.316841927676396	-0.357024709936168	-0.473486435987917
0.0729427349828447	0.100106123116254	0.277398424267885	0.30377765069306
-0.398950734895821	-0.0283120017412153	1.14048574276916	0.792333113416982
0.0169559586670288	0.575476966609653	0.727076971832794	0.1605511250343
0.300088420388564	0.108713777179009	-1.00150043617432	-0.859720851142331
-0.532544005608169	0.0120723725866073	-0.0538962412660671	0.562663507111045
0.0146323207143158	-0.318312199039965	0.211368387921803	0.132714437992477
0.193225468772884	0.891532539346801	0.71097003882533	1.12456989843021
0.133213328924931	0.454613648796703	0.981038121046764	0.301620315849345
0.305435276378806	-0.278944751209319	0.628056470487	0.707640911910451
-0.0625838707642787	-0.39335945158703	-1.06703522526398	-1.15802809748721
0.272245899635891	-0.73541842893039	0.999289794540694	0.84640035413491
0.07002876331099	0.386856265803932	-0.460309477819764	-0.525713349631133
0.182819022056838	0.0363416866621172	0.221679956156959	-0.211034284364481
-0.510230333970973	-0.900080529832373	0.288021635700789	-0.0612698768173548
0.377838032639576	0.67821692347996	-0.685217965809963	0.254936339038649
-0.220252882918668	0.0526629287839058	-0.844563851075491	0.865815776603598
-0.93661765065072	0.0603762677963253	1.20534333236099	-0.283458889627323
-0.0292260363541167	-0.280051021954581	-0.400400781467518	0.541383528173523
-0.146404967488232	0.104065504089739	0.25575100278851	0.0830996308096434
-0.663902483412827	0.143633834204088	-0.145894322245631	-0.816801673264381
0.318609940293369	0.0635387135086976	-1.66002491669217	-0.917311725679087
-0.405940876670716	-0.360589635001255	0.264642491041291	0.0226002463715906
-0.0727311050985389	0.128987573369926	0.486722545894768	-0.32371025304144
0.383647980368604	0.0483086672693624	-1.02339699880885	-0.0621522681694497
0.641527756280744	0.363428763449123	0.0273113960868215	-1.07084963064617
0.480947619885036	-0.413822815597414	0.87870152677636	-0.1812812197005
-0.0972275218723644	0.525366617335052	-0.247896277550608	-0.220824942093905
0.551211105809324	-0.578681714853632	0.876527436541079	0.579503823634348
-0.0611832096735936	0.403382060547635	-1.0864093218041	-0.270470588494828
-0.168877673636406	-0.0260130253202678	0.997904190594852	0.38225045422679
-0.547586111542552	-0.716875660974331	-0.694003286382723	-0.19178843851989
0.235872730002175	0.947239103970858	-0.0454216137384293	-0.0980415883512687
-0.420515774959587	0.306673533020019	0.0538464978549833	0.225561679619266
0.0241356544366609	-0.125349576362153	0.0551485135084837	0.249233318056649
0.16853175039419	-0.168209895001399	0.45633717954573	-0.514429508701856
0.290906936037219	-0.566937925256382	-1.68115581209451	0.459477721281147
0.104409604261988	-0.262223002014615	0.578295361116437	-1.0032355729423
0.317753304962867	0.697171760138447	1.74585386447675	0.275368993059352
0.179554081003242	0.314154780704231	-0.163195949398337	0.584564757893256
0.385674890273054	0.18968256217838	0.421416919079011	0.486709629500281
-0.521789702070779	-0.104005053840438	-0.859233018033232	0.799331080925371
0.078900764575082	0.376529823937999	-0.680790060316329	-0.419171914515448
0.0247408896954304	-0.193270803817981	0.656290989758361	0.46702670952198
-0.0129945990204489	-0.892369461925491	0.0303458348396704	-0.550179162590166
-0.0352368368888894	-0.132385342505358	-0.1752813729296	0.565198633913683
-0.394378145207448	0.0209479193328084	0.399947146148554	-1.83532082251729
-0.13408458602077	-0.150571470353259	-0.48931018215796	-0.276021413512867
-0.679282972493912	-0.632396665137377	-0.735743491381132	0.273372934071765
0.118104763468132	0.725060995859025	0.468886618927005	-0.108239014433241
-0.0855411579384771	0.732639524657182	0.446260937224265	1.04895098356308
0.156835090045328	0.441272287406413	0.803279673871677	1.64939779260144
0.171852844779143	-0.30703785114054	-0.739030953933519	-0.209500053266375
0.12964794107237	-1.03362078269866	-0.587603989882624	0.165445903907558
-0.309527573067782	-0.100134100776687	0.0920695087056528	-1.04226648851924
-0.124671131027522	-0.397093111515534	-0.159248974426109	-0.305252866601757
-0.30688293870536	-0.669928178794248	0.475561086000173	0.619387516538345
0.529198341902127	0.174507748343221	0.434468941332467	-0.252171298638597
0.56671368994399	-0.126964673954654	0.278835776652821	1.05713006050901
0.512494077725918	0.710234386129929	-0.47896317062253	-1.40871646950062
0.216288426975312	-0.814432239673183	-0.387027590938779	-1.07532160624537
-0.0498566187515566	-0.0401934747158941	0.271676268216544	1.12753345560155
-0.446225209202034	0.971348424130093	-0.5978008204501	-0.409855207807326
-0.0244649687825983	-0.0424654826042839	0.311956346764233	0.588120003786194
-0.260256314692942	0.198729047395961	-0.710160416659408	-0.559799092051577
0.0643101764731687	-0.184191711687888	-0.188101222700924	0.116747350775606
-0.574655324387549	0.1809304981696	0.220963721631619	-1.15445228429709
0.689100795667481	0.379831254815362	-0.212177789199231	-0.272552164282784
-0.312754753317589	-0.520046943726023	-0.170901196401912	-0.91143748578076
-0.0657108824476092	0.260999491587342	0.525907487582874	0.59469548185861
-0.295613524448259	0.652074185934571	0.632585899068652	1.31385317050568
0.613480022159097	0.265969143648674	0.795943556599884	0.536489977112916
0.208373190506738	-0.20343086214447	0.265705822746531	0.54176084548839
0.118860511824633	0.0830872914269021	0.138261169228978	0.6497695940693
-0.0575567804282069	-1.05727756279092	-1.00732584852638	-0.59635478533382
-0.621759841368846	1.09481172034102	0.608601924053219	-1.01677868736243
-0.414156368995888	0.121761891597231	-0.110901594524652	-0.157040747570675
-0.287811687929047	-0.297687161114519	0.323471146936456	-0.0463834013957042
-0.290532919455669	0.0303470270679861	0.160560330000951	0.353238168168905
-0.049809184555554	0.344120499097566	0.515841413258814	0.283385926973015
0.195096003316548	0.527360067433598	-0.682813734514038	1.24428264854369
0.39301736339872	0.351278764479473	0.0815997871893152	0.017276164570552
0.16002246439737	-0.234157153754415	-1.38171303269876	0.421427899751165
-0.0894656490895343	0.284415833144028	-0.40821452416773	-0.653480858276374
0.5049301129007	-0.249870181278792	-0.431601101750351	0.665776683596567
0.333454781686845	0.073057714993506	0.866963403132021	0.413540361555753
0.153774502615692	0.425639118665479	-0.250534894959313	-1.24289911596365
-0.388672471414227	-0.0515514975114132	0.405750509802877	0.544594810176024
-0.290841395628639	-0.894164966310035	-0.0304747417684975	-0.926441365245626
-0.3687392790745	-0.653379420634673	0.00472643907138607	1.36724935325797
0.412189287089079	-0.260042166688712	0.392503887447164	-0.0254410287278619
-0.148427825965464	-0.0143181728555562	0.0328779496668487	-1.47080929920011
-0.0289628373474717	-0.471285190464979	-0.594664082955789	1.00661617120312
0.252410463375095	-0.0442554782975103	-0.249517054265139	-1.99526417244797
0.1570212291885	0.0235145673769763	0.548739552684312	-0.0669622344258115
-0.496645208586868	-0.206292138031368	-0.454065434244355	-0.229184702225163
-0.12527838156112	0.13791237696408	2.17225071283096	-0.00623153155281645
0.524458633435338	-0.111548838311163	-1.17450172791925	0.511878868848879
-0.187106858214145	0.667045915909191	0.00521768549326676	-0.952593077075401
-0.647273173234713	0.155895386607781	-0.377473733131108	-1.05246015808056
-0.155207689839721	-0.358138125459244	0.202355001434762	1.79086652914489
0.0456505660624236	0.17143636198244	-0.295093183077422	1.09995483832488
0.48779839096867	0.378148856965441	-0.095180014963287	-0.246094561523066
0.225742210325659	-0.00794136845896095	-0.0282735081553416	-0.512615819734205
0.782710579765339	-0.246720894413395	0.396143066932742	-0.435841244348737
-0.0223287913408199	-0.381150970692863	-0.47328317880742	0.603176595669664
0.615287656242895	-0.397766592454793	0.589206525097153	1.56465362403262
0.0359665807022691	0.264776219163706	0.546530773867024	-0.0887553237579024
-0.151655159193146	-0.0169871636495941	0.129416030439742	-0.248752112245862
0.150445523671492	-0.813405924013748	-0.838333495050864	0.206674418071315
-0.106092897826077	-0.447315436581169	-0.921481914876336	-0.130957661592141
0.344186692362299	-0.0222681037905647	0.387736283287316	-1.63518070438413
-0.246609831171565	0.75157981467396	0.780007930155568	-0.219761348990123
0.298075962303645	0.379588232899343	-0.0631857733187151	-0.0786804356383393
-0.420196312792234	0.574325861700805	0.154588716806461	0.82512082977255
-0.447558748995564	0.548689454343542	-0.337968687955985	-0.756013343247908
0.247011730116581	-0.63703213872096	-0.672030351477155	-0.63448387702432
-0.781705156117063	0.223992488245278	0.183466515703287	-0.43266094108555
-1.33508772141815	-0.130021595308695	-1.0156905760843	-0.763674122133541
-0.162934504850052	0.117141544949642	-0.380455860748047	-0.117181351370911
-0.580954141065546	-0.697262509786667	0.549997481223635	1.01806909159732
-0.154253647833271	0.809988848522905	-0.611548114075715	-0.170138827190679
0.185229005216617	-0.183203021010304	0.670032456214526	0.190353765098619
0.626962310330038	0.676570274872794	0.448351151439173	-0.189155341871292
0.381499907291356	-0.818562852027034	0.472827223661408	0.774043999165208
0.386493203113284	0.342703286430839	1.0204341859341	1.200808961693
0.267502216751986	-0.72877696196509	-0.693763300046554	0.918577156372447
0.545007130928577	0.120826041278061	1.00735033431223	0.860158761983854
0.3113387950877	-0.225438073400847	-0.60866788694158	0.491040304071449
-0.0284409057460919	-0.167501267167529	0.174211847065816	-0.193872625940155
-0.0634825868108844	-0.197588094519428	-0.625862315579901	-0.578301853369006
0.35139355401789	-0.0521933269048687	0.364247134294941	-0.0393049167645501
-0.362781144919755	0.580561176845137	-0.196279793291928	-0.322720492838746
0.253519599570616	0.445953333642512	-0.951553508542884	-0.0126944689601728
-0.475471490536016	-0.256027927246572	0.830963539538079	0.125433145656152
-0.12576055490975	-0.0199840976020881	-0.346608364588729	-0.50562175638206
-0.29484076473386	0.331303888261799	-0.67415432394066	-0.929478400066554
0.0752248757184475	0.127983252437093	0.370383943384357	-0.306971266544465
-0.877871894475441	0.652961861273245	-0.0775864391137225	-0.191623335905091
0.168472837356451	-0.0724615546121759	-0.373720991675784	-0.844607493019792
-0.0378575304314731	0.269336913712385	-0.744920441719188	0.743588149115359
-0.14825854481022	-1.18407163537991	-0.00828689005198413	0.54697394735044
0.51428800094917	0.235069439581814	-0.286541092171827	-0.0639584522191145
0.082785934614843	1.45122884659974	1.54398790242334	0.0457719620872146
0.147130647512101	0.611680574880841	-0.0128746612579223	0.837283849570145
-0.0596342053873341	-0.0107940590532408	1.61653316165392	0.525430869231501
0.62641605626447	0.234229415690158	0.325446100683403	0.525219640383017
0.260781520951099	0.312831871395896	1.69216673576016	-0.633854747451982
0.341449791994779	0.115387717214153	-1.06700485677723	-0.605859138258333
-0.0843589071106658	-0.42076212289222	0.889089591264073	1.17259033571953
0.306334775322941	-0.771652783839111	-1.10508361717331	-0.137325453304758
-0.033845147578215	-0.537448388495423	-0.457119890872398	-0.463310264006902
-0.160098805220228	-0.574357045674186	0.529193332472782	-0.730718286607554
0.265314649036058	0.120918473337071	-0.322288195158526	0.264029119200082
-0.372990444616376	-0.660914375742439	0.420817912141236	1.480612965781
0.122686780893702	-0.527190662957582	0.626719776397508	-1.23004417689424
-0.651738938805415	-0.535801466347169	-1.05825172262735	0.83875011952611
-0.35968734494254	0.321747509435445	0.486718681619552	-1.50627430111816
-0.505498405578888	-0.202531766075011	-0.793047578701038	0.0318503340171985
-0.245233699761255	0.350148087345284	-0.582795953461052	0.375277283734944
-0.468864183596429	-0.475529187845193	-0.706651012634769	-1.27334889663563
0.0682361031539877	-0.679344682395975	-1.24785751968161	-0.226969316411966
-0.416845155650244	-0.0144355429886275	-0.574292988772834	-0.764022232101806
-0.591712838651996	-0.402327160805771	-1.07894525172284	-0.673789875782263
-0.172421189580465	0.665375546729386	0.118328730812115	-0.388582898098703
0.208583526074221	0.349014816422559	0.534046234267488	0.420269821835087
0.771625021323683	0.337890933184921	-0.161818984466568	1.44821764421427
0.724101340028225	-0.188946127674549	0.00590026212239988	0.547597704056232
0.501272479146485	1.19341856101614	0.538700914566024	-0.2621662549087
0.436034055996834	-0.8319318609466	0.252349037210502	-0.971810705240258
0.482885340043948	0.0355480130488909	-0.131850662816322	0.159685105269695
0.0669337185861515	-1.0933389991201	-0.0576258391362753	0.211212446900947
0.340062930044948	-0.0552435695082514	-0.341430983774938	0.561793971574087
-0.0214374916936661	0.329227847559554	0.429892968275241	-0.892050628771556
-0.318879749203193	0.607850412140853	-0.731285381905339	0.751598130499184
0.488990073340414	0.127210347674805	2.3017400725609	1.14996099131358
-0.178223830648399	0.381766129486385	0.504576279523662	-0.338903168729963
0.113849012542956	-0.240694766693172	-0.651264369119621	0.281830495322609
-0.513569623335136	0.217234172168319	0.670792908568151	-0.302382260653223
0.285104272230847	0.166681061167148	0.868012353143703	-0.270645238849899
-0.553953226700376	0.127159373116197	0.232509604189044	0.644789245803697
-0.46127541270651	0.436276879930354	-0.237631224320307	1.3228243894344
-0.115190171977082	0.524822612917949	-0.154403376558706	-0.230469561903335
-0.278966378715074	0.310212720862793	-0.438220269534298	0.0282251670752388
-0.000617596865326833	0.332463534535512	0.539234553369027	-0.933558353795464
-0.226558189108903	0.099142121021654	-0.725925116820573	-0.499821835821771
0.754833822177119	-0.204498844807001	0.624947432980402	1.39749700251842
0.410397376935773	0.161360057633524	0.0304608153387648	0.400682061990254
0.442200956113954	0.0641326308290288	0.0286784905614946	-0.776622391091341
-0.11437259271766	0.38729798779431	0.989330310367806	-0.104541099129714
0.0867650194862684	-0.0973125069047785	-1.21691028673989	-0.486806384810036
-0.376917685756971	0.157967218737598	0.182786818912031	-0.430623837236222
-0.306356381984607	-0.801705912493185	-0.128895232884417	-0.597777416847992
-0.3290259910044	-0.938439252875917	-0.422803744936171	-0.59712303936174
-0.0608378703919394	0.0698648680903834	0.244828708958944	0.317605170090006
-0.030811704605112	-0.325425516579282	-0.496264883182044	0.595659941215404
-0.290305371256942	-0.347760357365908	-0.263312458298331	0.00967669973819857
-0.319964635172646	-0.621673014965952	-0.0214066336790779	-0.131520885667346
-0.00844950633864272	-0.354263386958105	-0.650125351554876	0.659251181616281
-0.473188490167942	0.964401053290011	0.598780754833477	-0.74322372227518
-0.245644439656698	0.152705790850126	0.379258699341982	0.697799159653392
0.481373061334364	-0.663267995462127	-1.5718191368153	0.564504708063898
0.305215428584877	0.0791457438659022	0.517065391452254	-0.444651602135812
-0.263962906395772	-0.389051665415512	0.169872911856818	-0.650808255317187
0.431184341467647	0.536788702565556	0.556342160980508	-0.694183327904709
-0.705017826462985	-0.538025527902586	-0.309587073243736	0.0167241376546666
0.480760381787905	-0.00878456830654468	-0.682908928495357	0.215872037914802
0.721288992355151	0.328194950536885	0.326506096404584	1.68767331691915
-0.0902143585733284	0.488966942225153	0.85325001761962	1.32780194224878
0.341500120118423	0.758707889145601	-0.152370943788637	-0.586244396118604
0.132918590396264	-0.242087296917732	-0.806724435928039	-0.651207295693852
0.0660972425812846	0.565287976138444	0.57639441670895	0.526850993481404
-0.129959994522704	-0.0916401797529327	0.156098700691981	-0.172190875008804
-0.175391387878935	-0.639519112530457	-0.251649874241407	0.565300423488359
0.23491456607326	0.0581721425806749	-0.60772435281964	-1.47100822426728
-0.107114611264253	0.561855868069367	0.219042259990925	0.534828661299801
-0.11893711435957	-0.477677559101024	1.26517604836632	-0.984108641914632
0.0351817390733085	-0.208733088667755	-0.814595705728817	0.729685829671822
-0.182628020487444	0.00367748337279989	0.257610537729853	-0.660056217890666
-0.412137555324963	-0.654712329448013	-0.597824332033827	0.408088151395073
0.501954557821827	-0.201850582165532	-0.696061275814775	1.15415701733028
-0.556707480678462	0.14642111768122	0.750804237469246	-0.746166806376453
0.260521090742451	0.608229486552023	-0.0581172911075304	0.176252466680694
-0.378992762386209	0.0559741286033641	0.471446808128235	0.150364096507558
-0.0810999026712533	-0.00663005396649558	0.13934836496451	-0.415127748852224
0.34603467002184	0.374200927007899	-0.0956049646302303	-0.883457491019142
0.012188983683152	0.585547543701316	0.0992199196543388	0.237074694566444
0.212347547662012	0.0613046715877234	0.437867029501712	0.606562772935252
0.300875695739954	-0.975227561902297	0.570283455689595	0.778363630084934
-0.241716234178149	0.283597267734727	-0.0850291336872041	-0.384758543368364
0.130244473156578	-0.62073212606689	-0.130006079201212	0.00379125480668864
0.534890661490237	-0.348273280312185	0.415466935857923	-0.633366157574924
-0.127100349343367	-0.735071589872715	-0.566225557102589	-0.553069241499059
0.350163673925937	0.608454879617651	0.0569409049004516	-0.93214627432344
0.430901766138281	-0.227199254813344	0.122371794405723	-0.0417772238617272
0.453548630451544	0.496148733142911	-0.117152768683442	0.442212257672241
0.162020567729419	-0.270404987697293	-0.274235982270151	0.591045567941109
-0.232128025677126	0.318143183765007	0.0173936767794812	0.219309637661601
-0.331258966626774	0.415632125076223	0.598879373771743	1.05038542243826
-0.273219824115478	-0.116474674560658	-1.02070542865479	0.0418454817381108
-0.357523985563843	0.524522598984927	-0.660939765483508	-0.481798622898458
-0.339201635713279	-0.293035416947981	-0.223761683483048	-0.659343487215282
-0.0232561657124272	-0.224093229261301	0.515715727368576	-0.484606387685526
-0.696913683300617	0.166024759499555	0.611704042727932	0.402735063595219
0.0935629420861582	0.206459096916012	-0.541963243382364	-0.40874727097417
-0.258038732407865	-0.0629311689382283	-0.575722483722421	-0.254959413346529
-0.137295863209297	0.0386096876396223	-0.0698232497227593	0.180527668488332
-0.666701841021917	-0.692575425351794	-0.079630574872002	-1.13062874887362
0.0688232425184045	-0.224181764722259	-0.0522302433677965	0.551272558263972
0.298743929501379	0.0946256404968937	-1.132439504053	0.0525998552199421
0.12782179772126	0.268406649738367	0.463929804688417	0.132825559208046
-0.829596425369506	0.323242965088375	0.583950212527707	-1.23675077780091
-0.125490851793716	0.244687931483258	0.735615319594362	0.23997964984616
0.0296363198377206	-0.198538949646452	-0.505902835841014	-0.615605598891468
0.198112448123578	-0.109275976046383	0.57687127699592	1.27300729741395
0.382901221131383	0.637553975511027	0.435952821493084	0.611894994362715
0.294730699927548	0.29511080027416	-0.0701575270865935	0.357895162611805
-0.19048722658967	0.324369469419053	0.250307359187669	0.561087231510403
0.323780738600258	-0.250525224161446	0.516638011133606	-0.842735207739279
0.0428950644686127	-1.51243953857547	-1.00597551186873	0.0175525596641171
0.57597482522937	1.26488803903699	0.746399732055527	0.200346546883338
0.189952870626854	0.426562816710793	0.520606649157397	0.541366830139634
0.580033907483783	0.344601412822529	0.859498592629508	1.40197776164763
-0.0700858295546423	-0.351407665617433	-0.0944306552995516	0.0332520629633788
0.639695278546384	0.293614921833801	0.779217055053276	0.876962525694109
-0.123151052642541	-0.371582964233097	-1.12989350964052	-0.601923014298359
0.201277476268473	-0.0158781781324588	-0.851014344671243	-0.50140642715042
-0.332652850077273	-0.0717098839003835	0.224890565944542	0.129589043490024
-0.635362116644726	-0.335299576462828	-0.418674975535294	-0.518732832604454
0.181295112014459	-0.191139620480848	-1.18731205669214	-0.188836877104047
0.45483195735295	-0.0596238457226798	0.709328211801141	0.0470126899550771
0.194701161851436	-0.451196420067908	-0.526724715238273	-1.13683253859257
0.295215222600621	-0.363381324916556	-0.18134995055832	0.161969608182154
0.385157719774175	-0.424164865731072	1.04710460302261	-0.315708840797693
-0.531350784136704	0.383472521458209	-0.337557348903651	0.0267063202326087
-0.889746533181587	0.435777966658469	-0.795388363553114	0.158737173425075
0.525669850415549	0.0620329586058513	0.538506222238821	1.48709576416439
-0.191113017238978	-0.259097521887941	0.042697578867342	0.0675101807848571
-0.216772986581906	-0.21880401036269	-0.0701763368818472	-0.89557752458961
0.0371926376671933	0.0106079100708923	0.06159275400579	-0.144603545495884
-0.263375065230767	-0.0625629119038402	-0.0643896355198248	1.24537505804675
-0.208118533510149	-0.10827457296128	-0.00255677838701944	-0.0164111242576629
0.638297185098459	0.129197416206607	-0.271217769031519	-0.721847360753737
-0.530950295393645	-0.367019356716921	0.434220729146686	-1.73587546837471
0.386759652327882	0.713151174265808	0.187459573177815	1.55761726153315
-0.43271762981535	-0.489356704552802	0.201915760747798	0.00752874579550917
-0.338106244059634	-0.123564297865857	0.249604361717017	0.450638666205913
0.147640114677139	0.788349710310083	0.726257744690338	-1.31015134801485
-0.103058577341577	0.435781937872404	-1.68359673635356	-0.671918592868786
-0.576519650379689	-0.24118398462113	0.389944669717339	0.525428298030127
0.0903303089850286	-0.243541060533633	-1.19554289702623	-0.864769139736482
-0.672176259836425	-0.615387721857145	-0.0864606448984584	-0.819331652952201
-0.184511721192791	-0.259131003257769	-0.0954142021451322	-1.32725637497721
-0.543765969069246	-0.367999257892573	-0.488841179277192	0.179852681052664
-0.0143890920838111	0.213538934957508	-0.00374351347698667	0.599835147172022
-0.203423345759006	-0.0682639117429427	-0.0420448316573122	0.46795283094422
0.519252881880826	0.464242488692927	1.04868658727399	-0.132561708284468
0.393196607890311	0.440731260742988	0.291316973079428	0.338917973044429
0.257106957281614	0.407275830807129	0.380626393770615	-0.781982686662907
0.494144443922684	0.760482783317427	0.690366752857557	0.917330577286467
-0.231101334503828	0.250092155322399	0.735482454993709	1.29850158916094
0.819796451279913	0.258779587443924	-0.166963657892959	0.0169175221678045
-0.016586745113361	-0.26785066449824	0.322289962670444	0.280683693482413
0.306804534132741	0.344319572746742	0.392167861958667	0.376725849111414
-0.27910610865751	-0.667288524232622	-0.0171556032853959	0.316447200960978
1.32891435151088	0.344331398517286	-0.218115889342926	1.69308771897206
-0.144345644241131	0.410732080855194	0.570205316681732	-0.563134273875917
0.0401637141031447	-0.314960528971802	-0.790615308312204	-0.526118340988294
-0.00539420558570372	0.0158468615789495	0.441063369990441	-1.08319322416867
0.00129396532927611	0.235121978609869	-0.083447054185842	0.0650513935281811
0.0142084429685586	-0.773149709107599	-0.148264238216129	1.01823592211404
0.186047418204517	0.244463843844791	0.557224714182257	0.274822016378013
-0.105611369835546	-0.646185756225935	-0.523055574333754	1.31355517828329
-0.795820342586023	-0.49072047476472	-0.131370695961164	-0.0289925696272691
-0.1161197529785	-0.530741981431465	-1.06824712974135	-1.16602869054943
-0.44955776634678	0.0852232547596795	-0.274318975351057	-0.454916051711116
-0.51622507429503	0.240401664398219	-0.644332208303748	-1.11853221669674
0.161759066452121	-0.505414082193792	-0.24319049315592	1.08862418529303
0.240169780915419	-0.77569617348005	-0.670461833416197	-0.470217205333936
0.548232165570376	0.0614568116477761	0.262670206472757	-0.48479237274168
-0.429840011948172	-0.235437030264632	-0.624529978428731	-0.345455762679812
-0.188868796533276	0.88515792106144	0.167240322178137	-1.12019400336578
0.377598701079842	-0.0759885358632737	0.234659696252861	1.26329982260119
-0.0914926411767332	0.953734795674059	0.0889908999814972	-0.565838339124522
0.553442824936066	0.332792291489624	0.853602483215389	0.66082003827248
0.482086213064842	-0.512053646396831	0.400548761080526	0.725631604256158
-0.230120436459627	0.57529279784605	-0.0717430353876986	0.510841514392786
-0.210337132594151	-0.217769072562413	-0.259893244756413	0.102769363345677
0.281770095855371	0.334619553239603	0.293794385946042	-0.875034726246137
-0.335692263482953	-0.517311447412398	-0.116842281730992	-0.166860053988428
-0.0220853237806929	-0.0416334461751	0.366128881692445	-0.081683247832578
-0.387230860397739	0.418635722199826	0.17032647717378	0.213960372150118
-0.395499739754046	-0.00590502810356182	0.00826950937047295	0.0743753822088919
0.155990684785585	0.123861175328315	1.04217185116889	0.740831297222968
-0.146811302722927	0.0216269013738074	-0.807182371659776	-0.536697515515226
-0.0169048149563533	0.698171557547718	0.737919419735205	-0.529798089529799
0.0975961806321265	0.14479787529502	-0.300435853411385	-0.412585885588791
0.203612780673083	-0.940968061299005	-1.71049866864921	-0.250556404038718
-0.368655840154871	-0.254896699473379	0.932065003236873	-0.746542123828311
0.203667163923309	0.422441480254991	-0.340009123192484	0.159496836136697
0.396054141449609	-0.0822206803195253	0.766873225588165	0.90979656452539
-0.317760974360785	0.38382691494609	0.0615845321329495	-0.379923300165241
0.32056161350111	0.456781574554892	0.410308583092664	0.0926207505910971
-0.672594595608058	-0.0726668790128175	-0.234187627624011	-0.0972982945903718
0.272165330773212	-0.41429685419272	0.0591962528616455	-0.0113888587255735
-0.168894119528264	-0.668629098940111	-1.06226739932299	-0.987027414464813
0.0395835437195215	-0.0575773047036351	-0.477336134697885	0.699216701292148
-1.08454695693121	-0.726333502063835	-0.76645892612132	-0.322990794461613
0.238150996598941	0.331509703094047	0.321536605353044	0.0772152902990584
0.14598117013057	-0.195442505197191	-0.230528497346489	0.739825347044041
0.0167661522755235	0.343896226661302	0.730503434567036	0.017313918603233
0.186459365318298	-0.606890508417741	0.515870279120193	-0.382977981138752
0.054996967043743	-0.422132496630617	-0.231289525149256	1.10563143155303
-0.36073306818219	1.04017701469032	-0.11388742553115	-1.32553975542612
-0.20964197965027	-0.322562364158706	-0.957683793010601	-0.307570774289194
0.13497626659612	-0.346909799796565	0.393894235293513	0.260576510766058
-0.199519466835054	-0.0825855440984671	0.338753023418344	0.00501357891252238
0.0695301771055296	-0.0717625496831561	-0.169510821885765	0.454260794478963
0.537849184316838	-0.128620946833901	0.750951460501498	-0.718337776866322
0.21943922458551	0.109279764073516	-0.312677796131633	-0.0457771685207694
0.0519806324233784	-0.109208460540597	0.443766935773804	-0.753715225110641
0.146770411879094	-0.411402672404503	-0.252815629635202	0.229520986603763
0.468703621099415	0.660679955977306	1.27797320197839	1.98172333163853
0.242142245435069	0.869726821563437	0.297172943272357	0.0846968938761335
0.890630905711032	-0.389467565661485	-1.02656590378084	0.709252242312443
-0.328773124873692	-0.0653545593689304	1.12685143598018	-0.120457733708544
-0.0159666706724722	-0.162507307838965	-0.906481571145675	-0.30184738441307
0.201879495070356	0.360819534786893	0.006826981171328	0.367792388506455
0.404803746346828	1.16265814583123	0.692841995974886	0.443540642623542
1.20808476836518	0.101623824616155	0.830865741967106	1.40426925307246
0.17780659349503	0.237959862938368	0.643857206388832	0.496879233841427
0.200803170582746	0.259878018196628	0.258027020400968	0.925016854792265
0.00196530767477595	1.02552944898079	0.127870924146877	0.119220491976395
-0.638811701685404	0.582509053534476	-0.630015255260078	-0.680202494105188
-0.303966282290354	-0.785387802236908	-0.932325501699566	-0.344879994340486
-0.587852862582151	-0.207317428290584	-0.745863626626433	-0.706459996368429
-0.361847859287414	-0.185184168343073	-0.478897231875204	-0.637078871759898
-0.879848061195619	-0.425213634619093	0.121297435009584	-0.415131739351919
-0.613459778239688	-0.019588340909766	-0.661014536434458	-0.783724694719597
-0.0779591873982475	-0.411507324235193	0.086571697635158	-0.579091989567209
0.453949914058843	-0.329477867822543	0.126286445318567	-0.294353805448507
-0.471964624308582	-0.379120525480966	-0.574819160791682	0.3329252296252
-0.111396783467585	-0.270424374067084	-0.5430633049217	-0.721906048026218
-0.639150022493597	-0.517650063639545	0.718470737054454	-1.47133099003502
-0.174656688463069	-0.794432807953729	-0.773940895537888	0.623504922501341
-0.0407109565161401	-0.550018748865637	-0.26899578902102	-0.940099800087477
0.203200590297074	0.428706974799872	-0.284687387697421	0.131072734401811
-0.908693490316827	-0.846427998441362	-0.884750198367327	-0.412698285263285
0.260921161301338	0.514594955063993	0.344066733732152	-0.848846350146245
-0.00281246763975752	-0.189699160303048	0.0548362918394507	0.215726548458781
-0.000875931315708043	0.291131538799651	1.40652975859569	0.935254990545723
0.042368442592582	0.114667193212054	-0.425773418197822	1.38964273789762
0.321289639499556	0.393401377712552	0.0939818587387941	0.468926171495406
0.282235450037723	0.714040962423112	1.2845941978889	0.00725133840117478
0.201868340641359	0.111572697787058	0.354743124085945	-0.441415595832759
-0.274643440825528	0.457651891878706	-0.340978247472815	0.433952065875218
0.237631564349315	-0.506443936712982	-0.142546542047339	0.774732906562753
0.533222516378148	0.416032050324319	0.149710146768418	0.464142608245553
0.330052660543581	-0.161743736355258	-0.0632848476194948	-0.863401331747232
0.165203017259941	1.03522822745455	0.179041630521203	0.62855442692272
0.3000448303381	-0.154210308751708	0.538995836654293	-1.13227303395114
0.240315105466061	-0.298018254060908	-0.497905734841281	1.16202836092511
0.0378989427693518	0.432095252928496	0.331993705261551	0.246217241774679
0.487411890694051	-0.485638340530472	-0.148842395675332	0.655764671151618
-0.360014735601697	-0.125915186817251	-1.14520468776355	-0.215029547634398
-0.0913713538576075	0.47164199206006	-0.0634886633198409	-0.646703298151145
0.236223319103336	-0.485073611011297	-0.271360473035244	-0.67937576238036
-0.0124174308984214	-0.193852593202597	0.333814140959286	-0.557328799656768
-0.638667711281485	-0.0694243630893475	0.846711832345432	-0.12016274376981
0.230959345659484	0.0565644542661855	-0.228367259645735	0.278865152420532
-0.164569084193566	-0.232421001892003	0.0166838488817336	0.503766349762764
0.52185163408091	0.0411531134040416	-0.213741796548982	-0.263475831778714
-0.774097861302634	-0.223442314489002	-0.640425732912645	0.0673053961019243
0.105707119839699	-0.598766426686267	0.20746604067766	-0.549080971609948
-0.465657050717377	0.739698469059178	0.770143530773653	-1.01755385648624
0.443859385922911	0.745541038373572	0.42315154693886	0.25550836105909
-0.218586034256361	-0.288664256128254	-0.58537975399092	-0.246608781296651
-0.0787248445039646	-0.132116539480058	1.26777527034615	0.835886477584818
0.300723619027524	-0.76952091599697	-0.48866450853118	0.677378510611799
-0.00120256452172245	0.00874640833393123	0.652659691208892	0.541927600298708
0.18600225785007	0.701322932969712	0.124866523424339	0.230633074479161
-0.369411356983959	0.0503846347482278	-0.633555251377989	0.151872458137067
0.274859494836134	0.18206866314123	0.330594518387558	1.18870675148769
0.763919623966304	-0.114621628917925	0.855032655767399	1.27951950109269
0.555489760366521	0.387050732436863	1.27624429717148	0.335260935669989
-0.226300823091223	-0.105414378565528	-0.245766211871049	0.717446201699218
0.111378736462376	0.292059548227214	-0.448991860835049	-0.594635018514925
-0.0769891773196623	0.253769215092556	-0.142899419775651	-1.10711028879499
-0.178832573723115	0.273755055117793	-1.19959162927211	1.16375952862068
-0.0436818816647961	-0.423638561361318	0.302674564631818	0.298744297395423
-0.557656549124836	-0.591776499258728	-0.980797630964153	-1.57519160259369
-0.356116865151705	-0.548295561326702	-0.634861496338897	-1.10989948207991
0.225540048772478	-0.1509275323136	-0.0455885934930328	-0.392189716457068
-0.387850826506355	0.424604384994805	0.169393716206091	-0.858715102482141
