IFG	Ins	Put	VS
0.0839510006711867	-0.273126730560212	0.254678678447968	-0.150145956665893
0.374002310306232	0.495660605083814	-1.15690196918848	-0.153961142050433
0.534179059833835	0.363873267960158	1.41514341348508	-0.384587324160923
0.359721739491674	-0.47938576528208	-0.643435264258339	-0.0773957612363347
-0.945375175946739	-0.751963011206858	1.40044162881403	-0.673312811812526
0.638235155493071	0.54732889758207	-1.37998168232137	-0.657424292568754
-0.513247111606904	0.217621564149529	0.546540793742046	1.20683087321675
0.661128883617321	0.216020770251897	0.00133944620078721	0.0930132966787523
1.189762671025	-0.170461865850177	-0.403824813154641	-0.467679497378706
-0.649964450001059	0.484545475644713	0.0293544637716868	0.782304320992607
-0.189262086711586	0.763455601954023	0.0476137477288164	-0.253208812700321
-0.534253511477664	-0.190257218149275	0.705967148173496	-0.482188682274055
0.237510885773745	0.116704875799636	0.326647400031385	1.42544111012352
-0.145830755743553	-0.890093628015538	0.88592008332488	0.119404760449525
0.609209451794083	0.187733602213392	-0.346692370843217	0.587067398596763
-0.772277122253643	-0.272684755825543	-0.16745432177695	0.48353935942417
0.148747198744589	0.558598822308479	-0.844848874294247	-0.41285227607573
0.106631789869932	0.384948013292473	-0.274346835015307	-1.10022834808385
-0.63396025129222	-0.486246607323808	-0.581032549369986	0.686909096606914
0.00364730728929196	-0.277326439413422	0.328010920808021	-1.10560569314963
-0.443923507738324	0.0425429265561032	0.476715952615469	-0.350372776528877
-0.642720531418958	-0.557191279820489	-0.659909976426471	0.193700197222237
-0.376473630297151	-0.206318013332983	0.564340468476969	-0.140153974514247
-0.188617564516152	0.336853058681073	-0.702737030098364	0.701096866229779
0.332162070441144	0.440471342124146	0.157965631305547	0.899513143893105
0.0891738964196882	-0.319860435995812	0.194217850254564	-0.0879017665548145
-0.789291800890745	-1.42909448322326	-0.412707017112648	-0.109664163528415
0.127709686051635	0.983054083680285	-0.117955379336849	0.676905484620066
0.389182125589873	-0.598311387431334	-0.595507818727639	-0.544840940886066
-0.147673988966335	0.0307330624373716	0.66115864573596	0.116958238838708
1.23663955301229	0.0841352319250539	-0.343422822278281	-2.18658917987234
0.0970117395163522	-0.170915691325435	0.193481634242644	-0.329052063914257
-0.581694179204927	0.905838255348233	-0.144044499576471	0.958941349845002
0.164418983517004	0.173421830563619	-0.458894410393301	-0.941972287778482
-0.429977130076178	0.114584701850256	-1.03989896181422	0.379598703888935
0.573430738794391	-0.0732765697425093	0.729080504408571	0.501311864827574
-0.577715925262532	0.347590420715573	0.341142969293741	0.74207671983
1.30248056220903	0.0457427364426501	0.554595022901295	-0.405289978841084
-0.703096136353266	0.907109207003511	-0.16286867415428	0.0404119639348805
0.177530725559722	-0.339574856125601	1.39201184209383	0.972326116039521
-0.885905240521431	-0.152378987726376	0.206973440179665	-0.0746496648867345
0.539614266013049	-0.176205974916527	-0.853027855104531	0.813397291594714
0.389450255111745	-0.733046087455018	1.28735360331922	-0.66774390386176
0.835857399359261	-0.695990736447779	-0.18717487462913	0.526981953212544
-0.735192826496948	-0.41319664820652	-0.682900191287498	-0.403988919500921
-0.351983038081251	-0.331413254992151	-0.557391890023304	-0.520684173349394
-0.8725269269191	-0.528457677090962	-0.186344285421089	0.292952731280812
1.0862284658941	0.17706954746205	0.133463510014846	-0.936049442035946
-0.79096970473953	0.0597611706871576	-0.422155577647343	0.807470711429309
0.57313036349556	-0.105876851035782	-0.758141537371006	0.320071639593087
0.115834374665933	0.510660841910996	-0.569278872094729	-0.579210028651066
-0.108622715487653	-0.873937288988069	0.912021003415032	-0.0153249410736031
-0.317515115037224	-0.0936018197825387	-0.336112320542537	-0.0468492347701538
-0.659959601850496	-0.157243028280733	1.04290001647281	0.169517040867712
-0.195719425069918	0.360290592024811	0.570162190337728	0.522535545760748
0.554180747771118	0.295271837478021	0.225161179180328	-0.573635451051443
-0.588559243722307	0.779743141728395	-0.0833093775525716	1.25203923331508
-0.571087844130474	0.504986198396186	-0.605776615736429	0.201979081233082
0.623455516661617	0.407737878505548	0.471535608670637	-0.259819426747132
0.165963150753999	0.486079946519054	-1.71136434131607	-0.37871322629154
0.310563456196851	-0.714216409384548	1.38278418885714	-0.811040139592199
0.293548573804448	0.379160130111556	0.16233690360012	-0.253418564101295
0.538622870950412	0.386077433715308	0.362761305901301	-0.742086756226905
0.49767475568339	-0.144880387838681	0.0504072949687062	0.19623184770416
0.0250836712243886	0.135229493216187	1.02629395496719	0.172691257496547
0.909388687993275	-0.185193254255462	-0.829470883650497	-0.801352103942764
-0.0365438256110527	0.65607177601538	-0.145878947467166	0.51143113603401
-0.400455693830359	0.102964517538811	-0.279759143467397	-0.0934466556704524
0.989094169622187	0.418674924276749	0.159531544637581	-0.984264446095836
-1.09850683328357	-1.21895770707281	-0.0250487360182994	0.786684616655267
-0.55379359414359	1.84513962395143	0.600787464837166	0.803122867146279
0.0290861997034848	0.551779787106027	0.382154658854307	0.419052458417714
-0.711034399824494	-0.120312020922681	-1.33724169359279	0.306593845911459
1.1111044567293	-0.423880364564483	-0.944337752692755	-0.0488831615093457
0.265815250027278	-0.789642100563913	0.05051239539259	-0.335912944834662
-0.185588379018942	-1.38923413050924	-0.416958292965095	-0.0315793393208529
-0.435653498841665	2.12084272179783	0.788193343700424	0.594962104433622
0.594071122134147	-0.142893734963306	0.698348428813311	0.61951480524509
-0.185193326922631	-0.548220436484331	-1.39829278624776	-1.39655400779387
-0.760165501223453	0.375045683677	0.293688291467752	-0.310451102217196
0.225923860528994	-0.0380062016054754	0.466953596497488	-0.309616683537068
-0.453111559820799	-1.30219933011832	0.255374782934193	-0.0163323419143829
-0.341206124919969	-0.465991698388982	-0.173285179094414	-0.290772514029743
0.235782357320153	0.262029056534284	0.410340449472904	0.285930435745302
0.155815330577584	-1.10152567430143	0.237998896591957	-0.987222408162741
1.56635026272351	-0.745951273559798	0.0393161705466084	-0.00219422889301768
-1.89833520406541	1.07521773641204	0.571081878584152	1.20073807177644
0.508522792373247	-1.05292634272624	-0.478450793297324	0.371071119887914
0.551143797959714	0.598505333324469	0.0732560531110229	0.896347198999316
-0.0310467666064033	-1.02735497824375	-1.34778994891246	-0.988285991570576
0.0175803117379613	0.436554953149559	0.253878949101949	-0.560562696774904
-0.0939888943228215	0.794213224731332	1.86097336108886	0.292923466190642
-0.691289797904814	-0.800922195615994	-0.891243258205458	1.23817944794094
0.637146381507968	-1.22899156888792	-0.876026012839896	-0.0426865698255632
-0.838799603441185	1.0441883460269	-0.276058406411479	-0.942282842136419
-0.213133551101269	-0.253797442471361	0.107584748943853	0.830273539153514
-1.20949570814482	1.17076023903024	0.39418685657381	0.145898281238539
-0.791823831369774	-0.305478222209544	0.0407574251078303	-1.55646694254409
0.37178755692644	0.455728958425565	-0.816517023060896	0.103103880228626
-0.258747359761606	0.200363767979754	-1.56201248539936	-0.16280951458455
0.712703556169831	-0.0142045989300055	0.819150905070902	-0.779960737154108
-0.189948114263323	-0.58876937713111	1.13342429414152	1.05930127773564
-0.886348830847046	0.990012631939352	-0.263939783718422	0.300016614156721
0.66351351425022	0.741364542298851	0.470913428085978	0.539960367719185
0.70968255334972	0.430244031812176	1.04830267003313	0.820986043259666
0.763644663749209	-0.567931168594138	0.495058011685604	-0.387035435193973
0.794627974149652	-0.211986978997055	0.362209727013641	1.04762447136067
-0.114849951577071	0.275357594020968	-0.352836051970723	0.585245738147665
1.00772786133318	-0.624446326138325	-0.14556130974164	-0.712740465259458
-0.631448379154052	0.187278260815035	-0.267191927382426	-0.306915657952294
0.413524582564283	0.25582805891933	-1.07780515164887	-0.254821189999947
1.10509299695812	0.265860987193488	-0.161909971267462	-0.884221764221025
-0.371592547722075	-0.159393745711676	-0.727645413495642	0.891351173202512
-1.56668225955595	-0.0296037228285167	1.27100357566954	-0.256314253167879
-0.0546738462879658	0.0699629001027078	-0.344170253058288	-0.153469422307014
-0.769942062672015	0.718880822643233	-0.471081073202608	-0.219025177460923
0.453428254770347	-0.664226243000535	-0.367178256026825	-0.244221637520766
0.186338869449808	-0.567122553065911	0.948026734821389	0.498126381837717
-0.00922427597134167	0.227202915566271	-0.0153089054420147	0.0327198928028764
0.305987805547027	0.0374589841189018	-0.829641412010436	-0.417884712327592
0.210750895874266	0.559376736257264	-0.467488758691386	-0.599004316985396
0.514312147045353	-0.743262344695549	0.746979941019133	1.16284659613797
-1.0072528217472	-0.307483524669348	-0.555228431762811	-1.41305524461492
0.594132015943743	-0.338670450375885	1.47786287958584	-0.307708530957871
-0.422210731861527	0.183527659875112	-0.378972395594025	1.8088108018394
0.416609389616557	0.035875909465101	-0.087596547085406	-0.379452970145614
0.732725193151905	0.23820837195594	0.591041124915116	-0.147468344406832
-0.655855429934641	-0.0543062863790953	-0.258712862736519	-0.856557295033428
-0.0286466067980596	-1.01759235565796	0.34962740472332	0.332036474249577
0.696045854960037	0.651442768121953	0.623356487767622	-0.405851790645462
0.346088851075922	0.189454439161576	-0.80775306900197	-0.279930167893724
-0.39878793652514	0.0236589468403376	-0.27940461186871	-0.674282052055063
-0.254080770962367	0.586783946685244	0.860518585705278	0.128258391414424
-0.308443861693692	-0.316039390005537	-0.385124351399703	0.00318511716141199
-0.346480727546107	1.4586081422462	0.368268678379752	0.67673762913439
0.899753825091664	-1.0867569330952	-0.0112934941769538	-0.832124896457238
0.0266343153218231	0.432023172049248	0.848773390643765	-0.13492217963516
-0.11351183337964	-0.479782927701635	-0.276159292294631	1.13278474269197
-0.592304811336352	-0.401141248327062	-0.808345632797687	-0.0412063693295131
0.361230188698433	0.609029501813601	-0.215720481911257	0.0991946056263855
-0.712993387325484	0.306669528835146	-0.798696040200046	-0.291913556961224
0.000384364026662827	-0.322631112756262	0.339039896691611	0.889456180578695
0.129490623932281	0.66796541575438	0.187877158099493	-0.768294581906899
0.470654161459277	-0.557206621062057	0.547907911327314	0.0957396500022369
-0.833606705723836	0.415750388644363	0.101217877013049	-0.432796430054397
-0.749283592459455	-0.0172802185960305	-0.468503072871768	0.656234013320545
0.24768732070688	-0.573614753183591	-0.384490228251284	1.35960902454224
-0.359208568040891	0.260390881791007	0.47190650877873	-0.766108132943788
0.239873888792557	-0.531090810265369	-0.406231081684607	0.05925664315597
-1.47962294347205	0.210110079102609	-0.230517215018509	1.07784900322155
0.0962690192412042	0.193201727535253	0.174333262170832	-1.11902805364102
0.38064496731507	-0.668515914782456	0.119894021144654	-1.56706124342166
-0.774646730041307	-0.106351491124575	-0.753033617430354	0.726399541622994
1.298672515416	0.116041919035383	-0.688227401330867	0.597125702744171
0.308421458503911	-1.71923262829831	1.31288503856601	-0.166093503516469
0.606293039022799	1.53576016960095	-0.0397736836218146	0.999859496322241
0.84175506967581	-0.169931504439026	-0.751760490343798	0.373790832878086
-1.48440666198785	-1.13936268733236	-1.06667836072208	-0.79107472619134
1.26565160443259	0.223759247517105	0.0292354785937507	0.508928633222242
-0.82120742150805	-1.05970968138594	0.138764532903581	-0.840040171585421
-0.203960676355175	0.273218852513137	-0.244301779885603	-0.605301328420769
0.163026288606684	0.516725812415481	1.58327691950995	0.0837083651218433
-0.795690615515984	0.400628078442691	-0.329732997865415	0.0882357991651472
0.415849722789312	1.06217652083926	0.540943409681234	-0.0330286830852932
0.676290169525519	0.916013730197776	0.20267669387496	-0.380438331403701
0.0943792827243914	-0.411961564409404	0.201818878247175	0.766577453077328
0.766203334717989	0.170572217303662	-0.959556897499506	0.451359394602534
0.488539741543894	-0.13402297957147	0.662549942684735	-0.311957602834721
-0.701429210997746	0.30616042913287	0.222630446740023	-0.336966713247031
0.532587314503746	-0.275798545891649	-0.353919267346499	0.766191221100082
0.108216022647449	0.482264564236805	0.273361305528841	0.136970040761835
-0.159688951735064	0.321026204483744	0.42052509205815	-0.249935194053797
-1.26140786243789	-0.703258019167881	-0.336106330992967	0.813064112549188
-0.234522710699561	-1.41770670355717	-0.186632830656099	-0.548923147897582
0.468830871446407	0.489547123889165	1.03338625918506	-0.0559905852250537
-0.0851510567024322	0.225432817942257	0.869394822203051	0.82668975847938
0.660473705121584	0.469731464409943	-0.229493549881234	0.159987397963127
0.0881283129970987	-0.165650039370532	-1.33954205687784	-0.369094732557711
1.24622034237947	1.0105433761336	1.17729860638601	-0.0329161313581391
0.0497928030479741	-1.44889365944373	-0.520451198553782	0.151312541936142
-0.148966717488123	0.714273290315092	0.566683259400146	-1.33533172768547
0.175191790026707	0.566610260761388	0.209726601719612	-0.82713858236764
-1.03809007735238	0.0416084147662067	0.0872980193835703	0.138563036954922
0.352560421544441	-0.75988054392204	-1.51746428958641	0.38624369553062
0.213802179812538	0.254042644705681	-0.57093302865274	-0.353052273633799
0.460552955753985	-0.763784373611823	-0.216755311404952	-0.51776515974398
-0.6175643876134	1.6153240952707	0.925581232031346	0.133312917724909
-0.461561983597199	0.292557468217521	-0.442044804148979	0.821429080427506
0.384890051754616	-0.318609384580124	0.371600736055324	-0.509732620452046
-0.469264876060207	-0.226042566541614	-0.225852093456235	0.472629061961082
-0.603786891424554	-1.37888600868119	-1.41324823244488	-1.21096736687592
-0.187634523292176	-0.86205834695019	0.552102234539884	0.173492083898245
-0.91826573534339	-1.30775832221609	-0.406717098779466	0.0235332648509625
0.0728816068832111	-0.132852842361107	-0.937684970513803	-0.381054668623164
-0.104666900437654	1.10168356959697	-0.0537241252765506	0.101731209289322
0.796448409497833	0.963252234733292	1.42356815994894	-0.67300592378755
-0.129448775941602	1.14626441291954	0.909026698694066	0.400716914973753
-0.512507350367912	0.871071632713359	1.1257487966088	0.230328768771319
0.084896998300928	0.235404556639097	-0.881031574362417	0.648982966437226
-0.0658384206945513	-0.210922286027775	0.105381682031235	-0.0673755834083582
-0.443577723146098	-0.621234620880202	-0.141031889563662	0.681737405577969
-0.949705731692157	-0.173992929351862	-0.100235970523322	0.204588339498065
0.327199952751749	-0.362332176445108	-0.83024576756356	0.564080120586347
0.316314215274638	-1.16982459593794	-0.441266997782096	-0.267046742946627
-0.095690823858522	0.176783522377045	0.263307605833655	0.783241387336238
0.86991430030053	-0.0279359010301954	-0.985024832431128	1.17677583868384
-0.00532872220191025	-0.148373558419333	0.695994589169666	-0.0637170238457009
-0.23953524020723	1.00412313779143	1.12584591772819	-0.387841472414244
1.17827050616705	-0.376346563464959	0.302706286787096	0.105972320120449
-0.19915282412152	0.943951867894444	0.0747076036500971	-1.72055247364204
0.230967982002899	-1.07107959064821	-0.0714389232408724	-0.391410223096608
-0.497902675392888	-0.369012581256778	0.743935161912891	0.380242339798695
0.0634967835806124	1.40661381397153	-1.08944600186099	0.0372192502090308
0.554141224946138	0.264486631326584	-0.0386839513870875	-0.531808804142825
-0.189352266446871	-0.899421788770712	-0.0574840916396976	0.296321415755958
-1.25916603450555	0.738765353426949	0.522754488981324	-0.308153435100249
-0.11863265513967	0.448647176037525	0.539070413054278	0.25389004908046
0.0086573955086717	0.0198469513940679	0.194014001658511	0.162182442043641
-0.690819946952428	-0.183681795594486	-0.30398833975379	0.63688396840173
1.05475906572433	0.675151829887981	-0.880236256276793	0.113457789368097
0.010741266610628	-0.38813799773077	0.871824164309572	-0.12679640851447
0.565380308637673	-0.0315646615735786	-0.187138668726733	0.173015598672094
-0.426228815816545	-0.2738345793797	1.11019898953056	-0.864451355691193
-0.0863150656574512	0.766083240875657	-0.583472199874287	0.0221251372717321
-0.781905033824063	-1.20907910061582	0.589142034800498	0.264065678071346
-0.0845519844741499	0.836489690188846	-1.08777346562567	-1.07915263544129
0.332039617709464	-1.2262974349137	-0.0100065756046714	1.50807658874245
0.318628598358633	0.274154344864353	-0.937215796633752	-1.20624012004229
-0.583595270954191	-0.120447135575952	-0.403773660265334	0.655087157504303
0.255193702839873	1.14132400072829	0.797673030231371	1.02726052422083
0.232406371522426	-0.280005007148756	-0.076076359025697	-0.37422967976908
-0.774798516156572	-0.231656273658383	-1.36326464261033	0.158315248184613
0.830722203240558	0.161463183249484	0.0686314268143943	-1.35548254389674
-0.366732248474521	-0.52097144963491	0.454509379388404	0.385633451619555
0.681703191580035	0.738305255686237	0.0700266856225179	-0.0481926807697674
0.90332521695372	0.373941189686742	0.483922761530274	0.53854809242081
0.249754109646483	-0.448652455244526	0.646368319324595	-0.3948891537241
-0.044677853060496	-2.51098462631668	-0.618238368963647	0.671910196357974
0.3516830897263	0.0918809379080551	0.326165440280777	0.313277057191562
0.0791806348369887	-0.151318551008892	-0.648385509139749	-0.037324352446278
0.454996688943313	1.10777530605165	0.179012392649533	1.14386769737098
0.113468165173926	-0.542430425484737	0.223634567106056	-1.22709822865661
0.278957288822303	-0.2362870627986	0.578328251951661	0.742935700815361
0.767602777337504	-0.0614264094655298	-0.216795740018148	-1.53224288122078
-0.828557763545207	-0.349827113704216	0.276626428956463	0.0487493978522745
0.726746673258103	1.038545575471	0.707409566218496	-0.854483240372653
-0.704258656464866	0.303679147865841	0.138140142849524	0.24690632806551
0.494586870663152	0.246869810591017	-0.760126539005912	-0.830030719803527
-0.719916500712934	-0.223374965798902	-1.04146273466882	0.0867789677666854
-0.711448383178704	-0.67983115778164	-0.237559544765973	0.0314954755229901
0.297665149269467	0.84436128413787	-0.246991042550955	0.584642667614745
-0.116908040141893	0.329077026163837	0.666270059329593	-0.307865708953889
0.398985736384491	-0.172074513388604	-0.453096063108376	-0.702787438461814
-0.601544328544121	-0.495063815131071	-0.31365742913765	-0.0120348732618749
-0.231748722594215	-0.0638863598900128	0.719635800944638	-0.280444845334118
0.352823017821092	0.283704999571776	0.249492706612237	-1.27977217026537
-0.184660536939486	-0.1034018886809	0.0225512710353352	0.912673881735825
-0.738375547894663	0.617896317877221	0.426910632131047	0.907588500413514
-0.864076482885754	-0.435292919856542	-0.412323524001853	-0.614483465995651
0.32357843429504	-0.738058353987424	-0.538082031531991	-0.481390169640356
0.0704962608453896	-0.167387712362469	-0.138512176770426	0.595037776202658
-0.449808097106743	0.473814436429648	-1.11965558097416	0.59006645041277
0.535552558910121	0.0771507265326682	0.220026665548679	1.11931111544141
0.706164994801761	0.532025026837392	0.750479834386894	-0.0519301436618965
-0.560951946067243	-0.933144288119976	-0.148946252840085	0.666791099026821
0.531201300239785	-0.661380060254369	-0.197546536427945	1.81340387558064
-0.126156039838864	0.94674078146256	1.03403892890207	-0.296747248687017
0.531422739182944	-0.553578614337298	-0.216396506986297	-1.03111088874943
0.152656967385481	-0.0852246650121878	1.16398221698499	-0.120602574389724
-0.639629597457753	0.0670763465771322	0.0458047988423747	-0.333022380942243
-0.468546589885925	-0.328090125656934	-0.0912223139298696	0.580826242798839
0.284944494170351	0.574018699757423	-0.815649025526303	-0.858529923821283
0.101403285871737	-0.112705901469986	0.733294465483336	0.23956226036992
0.365712242128434	0.819959266305769	0.161209644117245	0.645611848250117
-0.0193098309460872	-0.474455539970606	0.072479600117073	-0.148567612969054
-1.23881777549143	-0.71165954106102	-1.26722782883992	-0.757268673885989
0.814704276588983	0.417247001991897	0.149242282073255	-0.374712741465963
-0.0634115574293522	0.756387653542656	-0.196851506973685	0.803666601438562
0.729769267791286	0.4822508277855	1.13349048869498	0.526034108021346
-0.479580430317747	0.211249091286562	-0.546401164742675	0.847174153121979
0.232162299492254	-0.191855286953034	0.14986329668686	-0.134663159165048
0.879821720924228	0.115978370896288	0.316197590125769	-1.08097250599996
-0.196483772672621	-0.507562379218586	-0.721744921725543	0.35048327610086
-0.46900265396811	1.39081833926707	1.15552314499522	0.422233079588902
-0.391216347935658	-0.164326564468275	-0.556263326357103	-0.715032140242324
-0.589748093046294	0.187843715391883	0.149081259549441	-0.593184933119431
0.0659556685326224	-0.034733019974294	-0.420846033708659	-0.6979022843205
-0.0263907026424009	-0.979259973208664	-1.35629752673257	0.208761421458204
0.855010105854052	-0.157414424733504	-0.946451213205707	-0.985697212199719
-0.0389879021163712	0.162762040361674	0.543359982960926	-0.454009363713491
0.174031817669238	1.12380451764155	0.328379842391562	-0.167432539621312
-0.430169620306324	-0.861339445283153	0.704915074085235	0.095566158676734
0.193339014344959	0.383391152446626	-0.0861134660922965	-0.352277577807601
-0.0107883846255936	-0.306213414667531	0.198269676098575	1.11465771048484
0.557405428581633	0.0312127228751613	0.634492598253026	-0.404769335101369
-1.0625341583341	-0.53788331053605	-1.16560322055856	-0.745719886582385
0.518892131509138	0.293872619161712	0.900575298168979	0.294764784239955
-0.601473624062222	-0.419906293443184	0.524131669497415	0.760923814181295
0.619550606966034	-0.491324144212308	-1.52155895452673	0.740891077442492
-0.481711219481967	-0.688053939431162	0.480383262061229	-0.526084296443902
-0.826186006287867	0.858627352488652	0.850950976963337	0.586935684376592
-0.124199669594894	0.83800814104169	-0.047222931601158	-0.67908036156607
-0.221149771636194	-0.174612776790647	0.137618092917763	0.344582295995631
-0.426058526858974	-1.24894365587139	0.153734422056982	-0.0205629618740437
1.38146573633466	1.54002620735866	0.164312144670195	1.7161827068324
0.0256395572384887	-0.233327802893821	0.872234827115246	0.44879375117879
0.950010004189318	-0.0983714345408709	-0.394641370184645	0.0234035545395236
1.43162334765612	-0.629367006880621	-0.746677661511123	-0.886596072224256
0.464516838721635	-0.647320473255945	0.611247430841578	0.515774453696566
-0.0890092396094432	-0.634651004080471	0.189832558094924	0.461530900009557
0.370227359960975	1.29974469360074	0.0205651538818834	-0.212986597682037
-0.660825708059186	-0.0804884394092636	-0.604875103255904	-0.672871053803934
-0.493655050652925	-0.337549373348126	0.137885121523032	0.0293595361314664
-0.230925539350138	-0.136450069060957	0.461564823053526	-0.929221326146704
-0.49839854200376	-0.152329953240348	-1.1950424196376	-0.429804443253084
-0.0734335800939343	-0.765806567042373	-0.39085913213237	-1.07552572789205
-0.599095482540183	-0.536802158782491	-0.725301475446239	-0.887002585022297
0.236413045407127	1.04612586094298	0.352074818462881	0.17252763564211
0.199360053221591	1.30415995597089	-0.756636555299778	0.463660948921935
0.166928901468723	-0.527447293175764	0.902450388058559	0.201761296467635
-0.020304056658029	0.42193808054185	-0.546119240074617	0.128566175194738
-1.00035883747844	-0.102661785139587	-0.913459024021653	0.682433779832491
0.91519834471001	-0.315713719608515	0.857997112069679	-0.883931528183721
-0.622152066611589	-0.68471924826589	-0.565778708938177	2.01163450633251
0.163300167739308	0.0696753484785473	0.245910317075598	-0.603322186595691
-1.62615245019014	1.01634526623229	-0.318162075592683	0.330642290860152
-0.0127349504097725	-1.06121296892184	0.708739234592591	0.557930351726004
0.100115059683464	-0.0842724033492872	-0.188070416945325	0.936360999692385
0.102677726657969	-0.478252506356684	0.0646065093545926	-1.34443616566727
0.422432714413626	1.72892900051095	0.384903533258109	1.66514823723779
0.0198270814119782	0.22793086356977	0.401201602576661	-0.00477059472048109
0.547765081421361	0.536059851337042	-0.108234363381343	0.332961362167035
-0.697244590576454	-0.886061033775106	0.495944181571898	0.176998656763512
0.500591360472076	-0.427302415581073	0.149268468799216	-0.757920604288037
-0.139376827636721	0.871118436261399	0.443294524373814	-0.393863711488619
0.444295050653151	-0.274717821094303	-0.407258048998049	-1.84218300400138
0.565476258045017	-0.445819774520629	0.687306206352408	0.266972381927265
0.0598198029752354	0.568047871446634	-0.0644725482049996	-0.382273828516587
-0.0228503130552225	-1.12416340903022	-0.663516062154797	1.02477980023306
0.504807865510514	0.763593262089791	1.29746722245833	-0.487803601166075
-0.423899509231954	-0.653674965661702	-0.888897199432182	0.309323720107421
0.361995304886866	0.780698156655797	0.231233766865094	-0.193985226266952
-0.0676930006876968	-0.173153948892959	-0.140445851933923	-0.321737265496788
-0.283229342389672	0.120819203684285	-0.279320988676068	0.0210133937782081
-0.495667065067293	-0.35280109755384	-0.745758373117946	0.217952679576453
-0.221180492888642	0.609433616752542	-0.291006793133633	-1.46712068624544
0.303808361629693	1.29951284333203	0.31849386157288	-0.369194545464081
-0.0174713575086142	-0.253100916219262	0.996106184809655	1.66627223869676
-0.11829227276631	0.00639784753713002	0.499874674189923	0.354932659313177
0.627920400381787	-1.05630598845633	-1.0047642108072	-0.921194737571355
0.0907848460474606	0.887681388964572	0.712022799197966	-0.0935640083894485
0.810939103096758	0.36148009752001	-0.473511910001003	-0.112899802101597
-0.254782230712118	-0.510756882121054	0.685364106669963	1.1548743476802
-0.010244946249576	0.579086391372223	-0.400634915326356	0.926908764199472
-0.838200793493491	-0.125283682994065	-0.810852143694672	-0.68296643334754
0.757288287276219	-0.35493816694473	-0.290153830229099	-0.449032168979277
-0.240926746028088	-1.38450371786883	-0.135844835400318	-0.0306486339568437
-0.162630677315124	-0.730856685928989	-0.963263473129523	-0.893111988532014
0.688545999439472	0.586312211226446	1.27745134570763	0.479794547180246
-0.86195228022885	-1.16661045223078	0.463648952061358	1.00485604962565
0.0411679323224613	0.0664024483489699	-0.0867867441461885	1.74816825670955
-0.872903269952306	0.372209779591711	-0.617850377528467	-1.10845638684698
0.167999219659024	0.571241908488778	-0.144508063357786	-1.222459957728
-0.754310698884745	-0.467117889110871	0.167527558613358	0.104837428567229
0.3312057600976	0.442649709016503	0.737927831911677	-0.0514549405232352
-0.59691257798852	-0.273950577418613	0.180795182009035	-0.341204562527765
0.0292773271932741	0.233902787031578	0.989215951900625	-0.864590534794759
1.14891061908755	1.76160957733588	-0.376878424329964	0.955038490772625
-0.708942736436455	-0.124833485984368	-0.747322350229979	-0.462884811870086
0.0509406282075439	-0.434735422159533	0.224649260318572	0.953019570825615
0.324393162632186	0.0365142177683949	-1.08711772989837	-0.406403780306475
0.376107096101434	-0.178459610351299	0.685540689013062	0.475412151632541
0.481068277948572	-1.17285059595977	0.0368991218719233	-0.566892030562122
-0.156892584608313	1.01098586391309	-1.28298365100946	-0.136739788032467
-0.259953741784192	-1.06671179914337	0.302733837837215	-0.470338846916966
0.806468666429494	0.861444046064459	-0.265666246756844	0.463474363236061
-0.972612589299824	-1.30863922843164	0.519229211994831	-0.776529842684936
0.112131232826882	0.811351824165694	0.267796870108272	0.90628926684162
-0.250947302523593	0.400789061272623	-0.335777597997946	-0.567913183335351
0.802602856935256	-0.605621896930597	0.105449657092694	0.393461425641671
0.627696004669873	0.753280344509558	0.41074417121627	0.691171391271338
-1.17500445642635	0.18878406058103	0.507517215418156	0.824596148840769
0.524358180905255	-0.896738122102967	-0.319604014353875	0.410424653681214
-0.608820910248392	-0.369262995116091	0.212957458707607	-0.249282577881555
-0.122238497137034	-0.411179576837336	-0.848910278694936	-0.365422230302582
0.578886117625228	0.605679400057756	0.13451690677884	-0.850697060393105
-0.548491515775553	0.516228839682459	0.00759077966723319	0.653361165357037
1.28306401105487	0.295418691129357	0.749039457521987	-0.218988887812141
0.0250252293499242	0.582274566294549	-0.803404686009819	0.274234315488624
-0.203409207894896	0.0565565677397615	0.102532318695855	-0.0140506721058619
0.105070886514077	-0.33888840619554	-0.0302816975712408	0.125604225338869
-0.869496553675026	-0.147157784629858	-0.234185406726941	-1.03446386519208
0.916518902379138	0.41076535534106	0.0699804430555969	-0.689775950748202
-0.619440535979421	-0.939308481476324	0.298695032912393	1.50263452704761
-0.572668715549656	-0.866557528057082	0.494419305321833	-0.972277115615839
0.902153086268933	-0.0175337161272587	-0.52247930953569	0.270167881952952
-0.61248306678654	-0.413621671022141	0.169750148532235	0.757147615118513
0.912118818174733	1.96160826257573	-0.0579266792395624	0.748132335512637
-0.800481322618751	-0.912359269821836	-0.134406063833519	-0.0391626067160284
-0.636302974677934	-0.157299833280227	0.251172286650598	-0.744653813587358
-0.344731035532755	-0.187495997634281	0.395977826001257	-0.11888231478738
0.124061047530732	-0.44839717673424	-0.480732918612256	-0.639319931799773
-0.69447150789159	0.569296515365138	0.00883063048816268	-0.690875205810191
0.326893995178068	0.0986762285082276	-0.0963258536391858	0.861446108851316
-0.0522000634900862	-0.329562933071568	0.211600814866437	-0.278741887489878
1.30477737068458	0.911108498977425	-0.183302986030103	0.179623089401082
-0.511623298254071	0.724033926013675	0.797358007989379	-0.179126126370672
-0.707960447784941	-0.0762666140700641	0.986481199695233	0.377986170216384
0.751522223633376	-0.4725209856593	-0.200025917138122	-1.16318818570309
0.334977575733419	-0.404911577213268	-0.479485366112108	-1.04434970132637
-0.374957825302215	0.729545035333936	-0.589579059947355	1.28296924684946
-0.44199414532142	0.158222244161148	-0.756953467757611	-0.210939657611453
0.546932510683912	0.537891252930829	-0.174013063271535	0.237509566182064
1.19681867798401	0.596462461426695	1.04784949945669	0.442082448994078
-0.148815141025135	-0.229626389912414	-0.428942202992085	0.123578577564272
0.53100827176392	-0.38794362954968	-0.472913176806769	0.379246131672653
0.18642283001232	-0.767996494715981	0.269021213955357	-0.335246604728719
-0.548182973404075	-0.0325343703429301	-0.559830296279245	1.1188828094042
-0.131227868537679	0.690732396644971	0.722274153157576	-0.348820842131464
-0.708244146701615	0.0608699868527307	0.284053761932323	-0.370246043514388
1.00176711673285	0.149223994626191	0.556865802248577	0.0913529349430204
-1.15647169419376	0.768420879355219	0.288633744045632	-1.2164063304535
0.0213156621650473	-1.29883072753712	-0.294553599212092	-0.391298114598183
-0.929557938225771	-0.12572493952695	-0.029198651462111	1.18557138805014
-0.0938268498294651	0.0866474265851378	-0.814150073318302	0.910915757251199
0.990644920704998	0.00425416085408525	-0.0147161533462079	-1.08869695680388
0.269802277556007	0.394898595897551	-0.693387529961004	0.381901571511364
0.685260917850927	0.73885353453206	0.0593689269566007	0.34582482841231
0.177585626398556	-1.07474333008416	1.62100199950392	-1.18875820240801
-1.01982339507953	-0.728169249839981	-0.954533101766107	0.739433630873864
0.153826135915522	0.305201860795704	-0.0980099931407395	0.798264038548486
0.379486789033727	0.222161450655521	0.196485101922579	0.0452634036043341
0.742310438021118	0.0728205604041228	-0.42295272888194	-0.660061383020072
-1.63459379126827	-0.314379970506391	0.00192606710354509	-1.01313542770392
0.599069371933491	-0.552535452434654	0.323146679102855	0.264116325009453
0.328947006114787	0.215717612944035	-0.520397330187221	-0.166919879910124
-0.40986719133892	-0.330569426579157	0.983586931552993	-0.30555072204718
-0.0835247229373507	0.513173746994812	0.768818339780729	0.801395409563403
0.611089765095681	-0.770992709978127	0.232363398852796	0.134686228155738
-0.314510795985232	-0.594893093097613	0.137819478954264	-0.329078709424816
0.464978468835542	0.517943282301907	-0.417923653068576	1.20912295414751
-0.14208390334334	-0.0726578125673384	0.130278527689524	0.440435758587807
-0.263145338662337	-0.675322199832903	0.0937272952653904	-0.774294102586745
-0.0613454483045049	0.652981059121175	0.293421346123564	0.8907399256268
0.116962481170894	0.276095066888261	-0.373878600071546	-0.990609073319929
-0.0629372788987762	1.47326436776598	-0.0423543714539047	-0.116709792040712
0.46990539556747	-0.0502919143414048	0.656811413441775	0.052985886763407
-0.0700090444419265	0.0684822011077282	-0.426644127084399	-1.15837956588905
-0.187704972257265	0.382519568176899	0.00289832542875633	0.434438894386923
0.662013223753331	-0.109618602770245	0.108260351915293	0.205699209715241
-0.0323626484683032	-0.0441221910656068	-1.46897684599163	-0.279800454878346
-0.0430676684520212	-0.460214100062428	0.272200540405328	1.18284774608818
-0.202162347935276	0.213581140073981	0.322495703955296	-0.845164266509002
-0.825347187120633	-0.767901375372835	-1.28379359550719	0.0915409460519845
0.231867287754301	-0.0410687714977459	0.50736394548422	0.046126231285256
0.848125533682063	0.949210750775993	0.285047392879606	-0.0338026639265266
0.0766134048692846	-1.55291421666585	-0.0626185938757213	1.34133821454684
-0.613750011821652	0.288546187111819	-0.103499055460593	-0.699583783419924
0.284094646638717	0.624895304811116	-1.19417072711932	0.120467078929873
0.23146265170133	0.255007073438572	1.15154751310498	-0.30712843660111
-0.248492765118103	0.109687149113967	-0.595989697990003	0.170609796933676
-0.530309759455481	-0.828082907063587	-1.48487742536148	-0.862089491151652
-0.342215496268606	0.217488334633886	-0.054976987718442	-0.854111407649483
-0.351863320508177	-0.517322216964264	0.311543223105811	-1.21116661520649
0.365435310195854	-0.656009455951301	-0.563169388261855	0.758562281133964
-0.783150379042812	-0.260864443602114	-0.144112260882375	0.520175600061026
0.0743604799482432	0.16803347043814	-0.122870010819966	0.156739263161288
0.0352147254830084	0.00710332728665633	-0.542820420858075	-0.00103888258612229
-0.685880013459051	0.264328578347395	0.569990144533471	-0.813645891292496
0.0538075238032455	-0.0949993493989028	0.918542685267504	0.81923976801447
-0.510096631659716	0.323265095850556	0.754841539056423	1.52931576316214
-1.0804773702773	0.25874680392993	-0.0296717216335937	-0.184941114032725
-0.0696713053339331	-0.8603908223368	0.374598084262557	0.479052281516164
0.107233829721822	-0.224034055394097	0.342661101087711	-0.395420304873457
0.111461490244087	0.343108121599372	0.741351367378856	-0.741030465021444
0.410352552558178	0.383247291858	0.235937939500013	0.364220059434382
-0.548228184573795	-0.292733843560343	0.126724569052247	0.717955556539456
-0.033761826031035	-0.185414095433542	-0.278155068964874	-0.64457794097428
0.450454964639613	0.528387894071424	0.0918693900518942	0.525895920248585
0.636596919048528	0.535801925687667	0.145485285942573	-0.331654872394099
0.666856312216365	0.273221263116891	0.0583781334136789	0.120515621480971
0.840894636622498	0.0229533001016572	-0.510493491277461	0.135737177315083
0.292592522888282	-0.458319694200296	0.238662924880506	-0.156636052558675
0.0521468512652959	1.07547501949831	-0.0510146926056028	0.362604464331801
0.213881432706429	0.770396894284084	0.951478210945318	0.360659076480471
0.167849463936486	-0.45532895271299	-0.37298849820407	-0.203977586991685
0.772144445765328	-0.249763063905703	-0.186100354545183	-0.30258735801747
-0.733617900940709	0.0458558746557653	-0.511208204547085	-0.719150613852257
0.257240401971277	0.219671234556421	0.804068247229937	0.250200301796253
0.0549480687482819	0.202134571180143	0.389399964661756	0.819687425371279
0.204636874946922	-0.57212182337763	0.557368082700753	0.36114091976662
1.08294887026365	-0.0650860131789497	-0.465284471647506	-0.454045636978683
0.0257193343087568	-0.0506346794631333	-1.35583665879067	-0.600902635264922
0.0412549180825217	0.886658803149893	0.381549477617749	-1.72989554249658
-0.604417881520987	-0.934605282398132	-0.626551671230639	1.5586274744612
0.0255972597346007	-0.253801579771515	0.667544742525927	-0.616659557641214
-0.803511350128119	-1.27331209375625	-0.254666715624132	0.511461700525138
-1.45472875003561	0.018330084224407	-1.00037936366219	-2.02669391020735
0.502547503512623	0.292924808893405	0.718761274045462	0.460610452324809
0.416710375350324	0.631559428450213	-0.438697661690908	0.557094833441076
1.04039548262048	1.10237435345541	-0.41539261226899	0.246034133944909
-0.518215855462034	0.276063084713509	0.25824958129173	-0.506594645763969
-0.0227700356945913	-2.08895046715214	0.398018661915071	0.966450161558665
-0.291914376600105	0.698563764914361	-0.563633173257543	0.195823465935767
0.0452068818932486	-0.33831940685982	0.345154163183339	-0.102228448211318
0.334585652010727	0.472989122331913	-0.201585116095164	1.5086801472496
-0.902619804278387	-0.89129029112147	0.794571463300554	-1.09233753966774
1.15239337037053	0.00915911894125112	-0.801355956442981	-0.345155939052808
-0.514903017050145	0.812132628861741	-0.229838792055571	0.3635830369416
-0.569497420626031	-1.27897981310073	-0.663055853759766	-0.428499141893977
-0.505158439305398	0.287243526731622	-0.128997961003348	0.165565497930635
0.108437966231863	-1.2426165919836	-0.205739881835283	0.115535292985745
-0.463922373710263	1.29539303470715	0.591943019348214	-1.63854825054247
-0.0927720523821075	0.0351530735363105	1.25012511307771	1.02678492940287
0.642909900256601	-0.262185776774521	-0.237165195925838	-1.32924950789008
0.713730451835435	0.633924158816292	-0.380222678162688	0.704432847331362
-0.106738235872117	0.295692257080331	0.0165846623363099	0.548530257949359
-0.0527841466598723	-0.470406234477927	0.232909356065418	-0.0980219159526447
-0.567195822935758	0.165304606744964	0.390732358386443	1.25810651815527
-0.116063568987125	-0.262585661300233	0.0732953955865408	0.279243986413356
-1.1423668146705	0.147486524068343	-0.386522210364916	-0.501481211424751
0.261003910837781	-0.180044768374194	-1.11130392968012	0.223439246217258
0.0064236560993733	0.189903654973002	0.142003882546677	-1.132011951946
-0.0204963294273313	0.553234531751814	0.162613766275451	0.00127151979960311
0.0421932657740413	1.18626864692858	-0.32430605411594	0.48457256847804
0.768920944625147	0.72004674504978	0.935546146697733	-0.502946533776832
0.647344325896875	0.0114060212315594	0.335530501192075	0.00303818725265765
-0.0264573913907812	-1.19185507091811	-0.391444768969107	1.00240184844284
-0.389577393987211	0.225222723977479	0.131009864928769	-0.0948470223806955
0.217270014990211	0.145999427685512	-0.225530144723684	0.524323630785213
-0.31517337630138	-1.24531590169311	-0.833666585868425	-0.929251679664686
-0.0995089369150852	0.18429217027377	1.05302241661715	0.345881385870712
-0.426107510702065	0.358100387950013	-0.18308615550926	0.112607520094606
0.367640923643983	-0.143553753976444	-0.515036194873934	-0.346979295479346
0.216690270068921	-0.956122446163918	0.309685730530003	0.740211923671987
0.711510425953286	-0.880105551142908	1.09555040173144	-1.32618737455258
-0.511480982344793	0.71426947080412	0.30559655757285	0.8171502470884
-0.416381135787346	-0.291119288021652	0.121076936849789	-0.324993566806493
0.488119610694152	1.20004030519147	0.193742531703477	0.0597871746330206
-1.34981508263123	-1.05318525064453	-0.538570811649258	0.406472664497774
1.37230493920354	0.985819335755988	-0.0641323586444511	-0.661934992046298
-0.38774732230008	-0.698417385461562	-0.533842469280554	-0.367220052452853
-0.0421297444427639	-0.330526867894144	0.750620406819816	0.421996995818207
0.799643221940459	-0.0384056434176597	0.123181404133162	-0.595237963770083
-0.341192209960481	-0.462484521366286	-0.027217456603323	0.569007041020584
0.193385203601946	0.448890177971537	0.620064131328917	-0.567995407467776
0.524162501067511	0.092846997482772	0.687801514970887	0.86459167964943
-0.158385387512202	0.865303056836698	-1.01977850911493	0.189689987929497
-0.217998084134644	1.29290409959308	-0.722997857766899	-0.0707788137746971
-0.273488243200855	-0.407070186904987	0.366864840370359	0.481572816270097
0.223906068559514	0.342481063719824	0.898972927701817	-0.153489056543789
-0.440995473943246	-0.122304237572415	-1.37706765882998	0.0507070815541775
-1.02139279126525	-0.114068981243855	-0.0272364778928741	0.177000507107483
-0.0980085448971258	0.463934876356904	-0.666438689770489	-0.0352442672177489
-1.03564298721817	-0.483629261963834	-0.0120357275435386	0.266168612202353
-0.0620980581983472	0.0784503289112407	-0.0194761860400867	-1.32157612501323
0.454854381158192	0.00441182475559158	-0.592968347928038	-0.481308586316073
0.770516655037331	-0.51546839665903	0.26409723879511	0.189723132387422
0.52947047240646	0.302042832003107	-0.38157570836703	0.330914273172585
0.188342081042103	0.167230058764032	-0.081059613373965	0.510114506617277
1.00961429467065	-0.0543668942511317	-0.178761750077159	0.809519934801558
0.819336888067661	-0.837051751218508	0.831205403549027	-0.437246175013616
0.49541596062611	0.537562032493943	0.0101779063401892	-0.120099717759952
0.13876222235905	0.148776708788306	1.30228260817345	0.183086969129004
0.921574037349846	-0.124655148667741	-0.247956530890707	0.232840422583199
-0.288493450598972	0.118816620258123	0.168900471835944	-0.457517185359112
-0.132630217278202	-0.66949183772405	0.190835739596304	-0.503830787272916
0.3840824175891	0.517658658885164	0.270348726543162	-0.68267720496513
-0.514467167750839	-0.387951426563652	-0.638542025872426	-0.274258071998284
-0.99629052611105	-0.815297837922319	-0.415795447438979	-0.835205392048014
-1.0868343333459	0.674792003504038	-0.693229708881164	0.480769074147725
-0.970039192772667	-1.01613516295837	0.153660279061885	-0.195643639640763
0.413594708335246	0.111245254633015	-0.51388130456178	0.441440879597317
-0.434028497993235	0.576705623195717	0.0218082379678705	-0.542560951031706
0.590777384730596	-1.2017606612083	-0.251811003670988	-0.274130670315719
-0.416621248009617	0.576605021462075	-0.0122486719450254	0.773429806867076
-0.343402100614534	-0.519521363146494	0.583154641405359	0.441306231006885
0.172544286551181	1.0323042415954	0.154349472466816	-0.025349813575595
-0.872609752904635	-0.281214816449211	-0.210214714552764	-0.0693427494937739
0.331823804650614	0.0913651462428625	0.35934348987388	0.631772487233278
0.594552511784999	0.0459316007851449	-0.2839403994184	0.893893258234058
-0.0840982483909623	-0.318735055919109	-0.0114780541099997	-0.324878205559972
-0.485811537873687	0.234002346543584	0.191403629912216	-0.876203776079778
-0.593665032401463	-0.474245549408258	-0.453464001528451	-0.241814216759651
-0.376114163581279	-0.890280105822191	0.17028149140667	1.0352979644201
0.979122697381	0.0432827077860472	-0.17440535832089	-0.301847159569821
0.515791296866002	0.859452951073758	0.488387509158319	0.229663884224973
0.869487151730713	-0.739338650807667	0.091180550138337	-0.612993274475221
-0.293864133179431	0.686707194714986	0.388419897516439	0.883286646089734
0.326811538447473	0.79414079768914	0.0738488517986681	-0.0200969009639082
-0.206382671761246	-0.195830486198027	0.648160290802385	0.450401275271316
-0.045128467408752	0.577789128787178	0.460020794151815	-0.257887498382103
0.199295890447077	-0.689896365079936	-0.911672317453849	0.234106578096663
-0.457140274632235	0.96834267929149	0.721293159993818	-0.776480128365996
-0.288376356114635	-0.548747645159062	-1.09386802126127	0.0826635329478603
-0.208066560536681	1.0804863846482	-0.497859857728885	-0.511775922643784
0.0633063927807387	-0.0758741320689148	1.01782338378715	0.524235622769383
0.378360243398176	0.590655726330662	-1.10965931195132	0.783521560363501
0.662012845528949	-0.609602486651076	0.956077401987692	0.610346555498373
-0.938334178289251	-0.382285652884871	-0.28798881503552	-0.436927388515289
0.0339193953740321	0.769286499334291	0.341222808497745	-1.22377064674232
0.0817159313257601	-0.786779207272372	0.324264891831887	0.119144259113457
-0.691033368178041	0.880445690254088	-0.57640429680382	0.547704331449962
1.17520485395465	-0.417971483328332	0.406925404611499	-0.472358011466825
0.189976050897848	0.183758959515102	-0.28954196054938	-0.300160508914228
-0.255996312773887	-0.208936718631463	0.317003075942905	0.205351643639297
0.416978287005441	-0.679266902870544	1.01464447947656	-0.377688654792819
-0.891865519564156	0.346953824523995	-0.877035521986968	-0.0950229955720409
0.818001870219934	0.624565353803165	0.626702184467414	0.61124792695972
-0.590747161769405	-0.296929876073225	-0.392820944223762	-0.367404675900875
0.131843123620979	-0.232643249068271	-0.332544814327486	0.0282137889870795
-0.229174556956542	0.31424387479951	0.497293136813011	-0.414320853842693
-0.496291647354281	0.119024081414295	-0.82895923838624	0.431205379562896
0.216623226083811	0.0764694915208309	0.112946850010584	0.00500940398028364
-0.38368755227861	-0.164020091490143	0.281923952216608	0.742357856464195
0.725339268351851	1.41489018291994	0.18677797963063	-0.0253801491184312
0.271718133070422	-0.476297257934534	-1.00465376331808	-0.388010439152088
1.11920512805769	-0.571638671206389	0.494171994932698	-1.12118139961158
-0.306445974408598	0.102010520540305	-0.459868282518743	0.153312667858426
0.532450906374792	0.175637091190947	0.323269866965648	0.671053752169922
0.151324480075353	-0.48388695623072	-0.765160119968823	-0.730668451175822
0.135664840086216	-0.13479386478913	-0.360870720245175	-0.656789581837565
0.621762855911358	-0.582233418417949	0.25280248420067	1.54697700805793
-0.53766740343509	-0.375041633704657	0.0821026018846371	0.392996419835539
0.0393897255623448	-0.158402699796127	-0.590782504479228	0.428168973622612
-0.35076414775047	-0.520435732094249	0.248692853951293	-0.375963951811147
-1.1832064125334	-0.420721272367078	0.289170395531087	-0.787353577399054
0.100640032440428	-0.158327218295238	0.134600321553397	0.000267656367900574
-0.899769275638393	-1.77254757444137	0.132857520961971	-0.94237974424686
-0.0354375834161708	0.265322614604029	-0.364352102488368	0.346490909529407
0.298739854069467	-0.521247470646865	-0.223368757025936	-0.215175087958709
-0.185652480277841	-0.322571424559364	-0.193817398866828	-0.261743566126404
-1.28868031104085	0.764609207204634	-0.273369654184507	0.863890871302161
0.258865912832194	-0.984223496894196	-1.10049494159834	-0.339897669722372
0.0241425961981441	0.248980502761931	0.55451886462837	-0.41397927896281
0.141574773793467	0.123475935473362	0.967671427063666	0.434623770850528
-0.477136812295069	1.3220196102581	0.0589818350052779	0.527348872722762
0.00902323533385985	0.676252576355717	0.530476120017267	0.764639073301551
1.37597842440542	0.854816445846953	0.296811789867435	-0.229561672163426
0.558351862206296	0.0442725653370888	0.602637177482433	0.0402095042433792
0.261008199166318	0.0547952672389658	0.224349993925877	-1.08515633813732
-0.51528493162231	0.10655182641911	0.410021344190052	0.492208813756412
0.62253339970266	0.594358539508749	-0.25346529148975	0.0648691545301105
-0.57382946106243	-0.813744113768941	-0.909604619183201	0.580265916655755
0.0507284059709546	0.564743561779354	0.00997280353338896	-0.453830844314551
-0.483929762079944	0.139564057074401	0.925060736565142	-0.277883838124016
0.827021546112775	-0.060205216898259	-0.156207495144431	1.04805102307769
0.268940944582715	1.15063637732704	0.290150193282063	-1.46003219195328
0.309587298072662	-0.503299791241923	-0.511331312081805	0.0484226168479025
-0.452836290730676	0.137976779156117	-1.04694765624831	0.166774988437858
1.25413829970118	-0.218972132873052	-0.139019837326213	0.230312134740526
-0.17092637510203	0.212244486823222	0.497714686755324	-1.53234096070168
-0.325559785687004	-0.0503414725464814	-0.128045159596603	0.864692737930117
0.461181411405021	-0.471691769418375	0.180443516838759	-0.497829404579032
0.986915150520605	0.349105450881108	-0.290616218319357	1.03524519890241
-1.23497784191024	-0.825904168307587	0.458425312645272	0.246107639645863
1.56522370089613	0.361263559822603	0.434631971655859	-0.447990289625076
-0.549098943416966	0.30551815346952	1.01410989538115	0.319935051424397
-0.0988524388681222	-0.529684235937215	-1.42517718652855	1.1391207806586
-0.321094072184433	0.0911016143440492	-0.175093002958776	-0.357585477046555
-0.320669548439891	0.593158148629139	0.585000351289096	0.119847188569535
0.209268297179872	-0.636991133991939	-0.219687957381355	0.344024431577527
-0.634627140921216	-0.173411911262315	-0.0778677997863352	-0.74415190685851
-0.480841639397211	0.144034503440241	-1.06191954129842	0.241588730220504
0.268371766500184	0.379318370870727	0.0076384820561659	-1.54132771205149
-0.776245808528088	0.146252151180356	-0.984369640970166	0.263272348960282
-0.275570911587143	0.695007180404266	0.843696469910904	0.102559439691803
1.13343738940766	-0.453584696228766	0.512380028151651	-0.261071196449849
-0.531225244270745	0.0694510977978106	1.06951357617152	-0.214128108770231
0.0330019084712218	0.0348910140804607	0.377819204835993	1.77263082033975
-0.453107167259871	0.594746012032117	-0.266346502986132	-0.453608602359328
-0.610844322086202	-0.354128034727602	0.0777849064879419	-0.0595162499108223
0.104279086357556	-1.08325964159033	0.378262688453155	0.47681931430356
-0.510328706530725	0.268022620165285	0.330537893976831	-1.05969169242722
-0.941554338753518	0.350314916524647	-0.925991154270299	0.270430155788091
-0.140328066332482	-0.720144239911458	-1.1145052500907	0.233923423451081
-0.885852486948523	-0.166050533284928	0.0118366584163143	-0.57162950966921
0.129311047877406	-0.108715384976401	-0.477340358122738	0.382408764868259
0.354688808623975	-0.530265739270286	-0.391895858375249	0.430948455757164
0.63575863532811	1.02992278300987	1.02489129932017	0.0244203063627008
0.375469876822882	-0.0116549118518785	0.136347589031231	0.473498963059088
0.339862348576745	-1.09850357567673	0.473678205369008	0.85123360734197
0.402322964565893	0.204468191834972	-0.719431273381733	-0.481134685183545
0.0343512033564112	-0.795649729719643	0.8341880652356	-0.800203729742197
-0.473021561675736	0.423411590310381	-0.028343688870241	0.398656281085512
0.801761671581526	0.681787272317374	-0.0394662724837356	0.350878695549318
-0.493923478141389	0.515933160550724	0.465091608704647	0.252779057789593
0.286019946515135	-0.49438739239805	-0.737540217228807	-1.33015512079549
-0.590556284974885	-0.661249750684643	0.142274659346717	-0.862485408050605
-0.208161171753326	0.0840154580231447	-1.04992882495958	0.387286818781293
0.336396759288125	-0.216860952246187	0.183356645835227	-0.157538567146483
0.107749027188174	0.448754635338241	-0.413170296833479	-0.0970321700256257
0.555298666641396	-0.982172261032011	-0.531853845311749	0.041488382559834
0.867396578914318	0.593363199876007	0.981328055581793	0.362137050669372
-1.19829419866131	0.0812238697773992	0.0430463669514158	0.246170875908906
0.543728435653871	-0.270895681125931	1.15344159460124	-0.614058481321028
-0.285334661247672	1.12112138587587	-0.595064357666663	0.495660944245017
0.223384843777247	-0.382487302313254	0.0939612756857653	0.0709986132735417
0.406124738212166	-0.440421975746798	-0.20885333251192	0.134694738649748
-0.192744924740034	0.445164652367502	-0.00356254825696093	-0.138542480825987
0.510521511462295	0.0374901964480717	0.0183430022766617	0.017714010152958
0.0517158705226111	0.149314411756389	-0.776244020128888	-0.153951265412275
-0.377191041160917	0.0564975548323108	0.737116127822234	-0.618596322870499
0.383610653734904	0.460720732909785	0.086572321007092	0.994827167107342
0.144813503984536	1.38401686530057	0.954686236953953	-0.892220209328527
0.0421078536083604	-0.380806227142255	-0.0874567297277278	1.71872014524806
-0.0978386859203571	-0.476666236886903	-0.00525305282704014	-1.57253066495692
0.6359813109082	1.27549001718691	0.294171931395847	0.685198503157892
-0.0495473068922357	-1.17752344352854	-0.495368084739726	0.485555523799498
-0.904460973615595	-0.665678773836264	-0.167672773825189	-0.0426951564186612
-0.360850211618442	-0.154860160847265	0.402257747641363	-0.409887926793926
0.820322102103933	1.09392054264192	0.31716429959601	-0.063139646541652
-0.916414486769731	0.342055948960879	-0.551800363216013	0.47970438307366
0.872775796816101	-0.355059392766391	-0.471646082495257	0.152190223414898
-0.263037510415239	0.441825978901479	0.197451287351415	-0.392781806741722
0.0258254658031143	-1.5155760535082	-0.95163687252439	0.327388858265818
-0.686424926416062	0.0303480260050659	0.499419873618572	-0.218932812639386
0.0850964170512874	-0.12336785462781	-0.813347908389253	0.583114550681661
-0.0614084130338907	-0.0884318437623532	-0.0205389498102836	-0.347224761187171
0.689250178147245	0.453820667714329	-0.423475295869357	-1.03743166276714
-0.472286147759289	-0.541797223570309	0.664273724487637	-0.19646435110307
-0.0344719377608702	0.489850274157071	0.141000893100361	0.11489492769516
0.967774212923233	0.457298096575578	0.00330756191098464	0.703759606396239
-0.722254968410042	-0.413605740500381	1.25194896880005	-0.518204714237961
0.0737563389298957	-0.0116832675975581	0.0396770578538204	-0.00642277735881909
0.0869267350371887	-0.133579313956067	-0.395496732644527	-0.0641423125916184
0.136215546713381	0.592824147926187	0.292183025749564	0.087326547932691
0.123046735237513	-0.000996883152277467	0.364782683608945	0.213786725517589
-0.273899439780693	0.328401160731425	-0.650921519755439	-0.556506216055295
-0.0706450811982412	-0.833045732706558	0.146331800232222	0.00326560495700316
-0.32273311469359	-0.277141151609667	-1.04746664677577	0.608997596469903
-0.325905372604676	-0.422255792944466	1.24480166825911	-0.429318777139621
0.815260184888876	-1.15138472463128	-0.193063260508171	1.48002113661387
-0.463416379722942	1.06616178221906	-0.0109191177849131	0.147394363615372
0.212196249153087	1.76856083506773	-1.00781211595476	-0.657484274458302
-0.836575097430471	-1.83835678004713	0.887381134042602	-0.642417755328001
-0.144175125897486	0.0742326785818691	-1.16669024828588	-0.258641572090257
0.307116915140318	0.990709692105075	0.899437749433108	0.132856072823369
-0.0341478579663644	-0.281009214549279	-1.10579270714625	-0.240122159195526
-0.551138822647319	-0.339142378893575	0.955527953872031	-0.630766076254423
-0.63317437847589	1.028279395243	0.58421208975063	-0.212615833073052
-0.229858581031844	-1.08729580156308	-0.857807839948831	-0.208669851912517
-0.117393794851613	-0.172436865862971	-0.61735519097692	1.14529690805494
0.274008767939834	0.459008929144789	0.287220206607413	0.304579572855613
0.151317737838287	-0.525030160297279	-0.159858124365906	0.0255986839403715
0.136271541380689	0.603152647304815	0.800442768587852	0.329749450719548
-0.191748920246772	0.0507165892089857	-0.710883411160416	0.0338470139062196
0.0592968414039994	0.424183503583564	-0.0807775538656179	-0.275839400901134
0.0893497592295584	-0.459222072145066	0.283935488680796	-1.42763911714312
0.0873377322910713	-0.136337355780281	-0.756410000799748	0.719708179260164
0.172787978458003	0.659228668238828	0.653066051742734	1.17576022089357
0.582525372119951	-0.313321765403412	-0.719533275004267	-0.33465866196952
0.0412755651951762	0.135995722529734	0.392894317988485	0.252278661519075
-0.154799633186382	-0.345934786915049	0.0290710338442901	0.294087899126852
0.243329031897467	-0.482952769381826	0.378840925882731	-1.02588075032496
-0.534278085135418	0.282164783504658	0.152892787061937	0.510915647620117
1.13332075169155	-0.865869728669097	0.392132502768667	0.638541402422324
-0.230089689165268	0.29636688539595	-0.112075631191905	-0.260907581811771
0.650869547896666	-0.749772520684945	0.94666225681455	-1.02001795039885
0.765303611795707	-0.579948974252175	0.163403814903284	0.0674201176842295
-0.702891545838765	0.405291555235414	-0.365568951728414	1.52473188764573
0.269601746463236	-0.0112236247009011	-1.18871683621084	-0.179844692085755
0.351984359471515	-0.382448235453448	0.439643182054915	-0.483231875634724
0.869103230937633	0.734085392178715	1.46194414893756	-1.18095171912203
-0.400349909924858	-0.346781619430101	-1.01920141518653	1.70394393431709
-0.352257557794349	0.759758781374438	1.3536489739805	0.339499481554718
0.197446974223861	0.0748920627579201	-0.214534959343424	-0.956703529204557
0.635706816780693	0.309048732682323	0.473773693961021	0.189751870139992
-0.752747919302745	0.183187700558335	-0.561649218024436	0.0517997732404581
0.858092170019523	0.309842428923294	0.15546267607542	0.0707007880074303
-1.03883925279961	-0.281849319215377	-0.495280083671225	0.570778393730402
-0.144846655919606	0.196041870139821	-0.355259591699259	-0.159635897995708
-0.0701340199360591	0.448348733095958	-0.504588802124934	0.217847618338805
-0.304612347278801	0.0683454042442975	-0.0891104802226336	-0.357727337545791
-0.111749530193789	-0.172858716095935	-0.391841675480647	-0.720874893843019
0.72755208214066	0.81748353972484	0.653495716830487	-0.352386294058944
-1.13713219746098	0.380471080730909	-0.36305300671305	-0.341471484416108
-0.175756203651316	0.139315334429106	0.0960530265760728	0.0453393471687446
-0.38242496147421	-0.439319062277572	-0.0499724194885801	-0.254302460553158
-0.276495645142581	-0.0127972089683829	0.437088611291874	-0.839107775675002
-0.260113812413298	1.04206263083963	-0.0504990400624608	0.141556209076209
-0.721412612117474	0.100847364436167	-0.982489118773319	-0.279359472053298
0.175811016386054	-0.647489107056962	0.174468549706598	0.488671804952676
0.317466698420494	0.792904654706025	-0.420215545357681	-0.624009862214074
0.342337695018532	-0.452244246435438	0.491477294502798	0.180730049729992
-0.228869873893697	-0.208591449960637	-0.0622453417515916	0.371000216198695
-0.232054668928042	-0.472307405288667	-1.29534556770273	1.17262103929055
0.718489840729163	-1.03595182063564	-0.701852711155437	-1.10549668162318
-1.09645557815415	0.0763117650307706	0.849847515381305	0.413573941356223
-1.11255966141713	-0.135029737478256	-0.0908665122520887	1.07211090481709
0.200258660200532	-1.55276601098166	0.185709777698594	-0.140076127858026
0.431833399031365	-0.399492267324888	-0.253913384001647	-1.20709721160764
0.800502920622225	0.246102745128116	0.152733525301396	0.463736881282838
0.661392399041678	1.16002114077461	0.119353360048579	0.444583077508034
0.667786790284585	-0.187741180829674	0.986660414310594	0.243768635867326
0.931539052744042	0.666941754866466	-0.674600003670636	-0.402049359862749
0.0317450906236057	-0.62266045197022	0.998187469320582	0.407062799485277
0.154293355718326	0.326477573965493	0.344427642927417	1.03665420770634
-0.508749941154961	0.163027144590765	0.304951925233217	-0.217262503685478
0.0854738637378551	-0.156839722254168	0.22007502932121	-0.257667522518023
-0.261697971800605	-0.9104026535447	-0.326326412223173	-1.54683760548151
0.405930496303646	0.784324248837658	0.0194605968182889	1.12867404990636
0.684340343100223	0.0324583025281732	0.222187048472516	-0.215686223310575
-0.633997718119346	-0.0907873060793832	0.248570419626705	0.650151914895459
-0.128031270724558	-0.932216883099766	-0.335849333681609	-0.250582467806177
-0.2047076595819	0.489235295663176	-0.330090974947647	0.030457561646023
-0.722769143982633	-0.72392727337682	-0.318884120292278	-0.64337302105233
-0.0475431548859614	0.0573004764423992	-1.33633833616367	-0.529831213600354
-0.932259222341978	-0.0431522839650625	1.29277891478422	0.498055020480808
0.152092641199329	0.377220195840952	-0.495172627670207	-0.0318679679619363
0.32917918875941	-0.110124463206219	-0.607001686546391	-0.951151792490944
0.212581531458481	0.287509243937159	-0.218358793461801	0.761080121296919
-0.243508809269138	0.598410975501628	1.08280820037926	-0.518146127396627
0.525240436749315	-0.0396238753173851	0.419327476641255	1.02956289368551
-0.43910531285502	0.409475313228196	0.771060051317773	0.114194506348946
0.576230075031047	-0.593486467055403	0.0546918706985831	1.38572556690253
-0.140474889079006	-0.24310792211002	-0.212811323435268	-1.92027299461015
-0.848302718153422	0.00842138824557131	-0.680200649525149	0.0316240906249077
0.99366477201096	1.26833502639929	0.302564856297742	0.293507354996789
-0.248192683182503	-0.723772520475358	0.258364765701437	1.8338783024646
0.0242791851133321	0.0596343830452092	-0.148425771782229	-0.381954747066923
0.113811635549509	-0.825497649039829	0.891159118647805	-0.875000821745321
0.814091616947145	0.00220756206724965	-0.646953455358844	-0.958934610496174
0.657177264009851	0.95409716803913	-0.336095196223884	0.820719459372233
0.389361528605902	0.310171265413657	0.294999244625554	0.919773009598951
0.0163881987172645	0.870799599547465	0.0933020500716161	-1.55639187926394
0.24999962902327	0.0638710530973945	0.186475036855075	1.02463486448113
-0.111486812221345	-1.24873433957205	-1.0061155899495	-0.62943672342334
-0.487027084805385	1.70883593004596	0.701157683994953	0.612246019000211
-1.11753949081081	-0.987655144590965	0.292276206985293	0.0829828704862563
-0.0783365378046747	0.120324447030506	0.0117937545149209	0.418003938613643
0.0500632822691483	-0.450506278748451	-0.364794357653694	-1.33414196827076
0.173533516764448	0.357965912868649	-0.944932400252489	0.255556852566269
-1.01692858881646	-0.319069204586097	-0.335179800005487	-0.764984605637832
0.138168353458041	0.618382457657887	0.120799642778289	-0.189039312849598
-0.223298961736836	0.369597459551637	0.157913910872407	1.09590316084027
0.388273344627461	-0.83471924620248	0.212440503988669	-0.194281074857504
-0.577989481202832	-0.0795745142908583	-0.260888310983236	-1.14669524233417
-0.153301860525395	-0.586658339764854	0.702011119860347	-1.03581759386882
-1.50465497321237	-0.242829041449102	-0.920920796982511	0.759608496026176
-0.102278010847254	0.116843146086691	0.92713885812177	0.320597232775054
0.508006659518974	1.50500410763075	-0.475325789495673	-0.309007079587726
0.733131659719701	-1.31889200062346	-0.702792775495793	0.643102685675418
0.329531350793986	0.182957919247161	-0.507831411217236	-0.559423469231879
0.0230149044649855	-0.595574429799581	-0.929780208351236	0.955982605294285
0.836295211380345	-0.109476337582094	0.505584305158029	-0.756775609351909
0.396078072766536	0.676187417620785	1.17442353272255	0.454894373211399
0.647090939589334	-0.730807539740716	-0.151560386315796	-0.143054329211312
-0.579556376105241	0.0951749136177329	0.133905808276571	0.00907539529304191
0.561463243129532	-0.106746804975005	-0.847834561871129	0.0674200504505222
0.457381276090321	0.193537705049761	0.752981853601057	-0.0103112448594266
-0.144804635718898	0.452621371293909	0.320132029504907	-0.488777875567654
-0.0252184820917312	-0.687589420494913	-0.888286300508289	0.727638890269309
0.379754563456521	-0.259576857200105	-0.182394989490948	-0.0774660716367419
0.770144846541341	0.168378072879243	0.656371884208899	-0.0495275680437379
-1.03851109614398	0.0439949398468486	-0.0176592294603878	0.5695767623093
-0.0536504271026672	-0.242901889855488	0.050995542071925	-0.273839597815751
-0.427804435529363	-0.307637646135852	0.149788755905088	-0.764036278947512
-0.00326301334270513	0.616985510169142	0.0531732720072213	0.109206769441154
-0.728072078562068	0.579691539307157	0.517560203196671	0.73341053492345
