IFG	Ins	Put	VS
-0.187685879702833	0.712003077855787	0.312455359209284	1.13217945332451
0.0141071603659931	0.232359104861856	0.677689213522292	0.936050921305779
-0.0946408509152466	-0.0936144245548714	0.745265590886604	0.628774244584768
0.872541823316931	1.02544891469034	0.474418983748666	-1.41230279261031
0.271010162612315	0.122694403657205	1.63730336685104	1.10327809502174
1.02443835394585	0.648437596113347	-0.466269411471675	1.29793774671633
0.575158638604575	0.590500444108415	0.333248953762369	0.751795910401391
0.635323146963941	0.88419380828346	-0.908710491937993	-0.428461085121102
0.25237659795999	-1.83870030740731	-0.864504740338082	-0.791480318440787
0.768999474453241	-0.00816306172030388	-1.00910608079111	-0.673472873608139
0.174490378208203	-0.0125262046373815	0.870865507140044	0.720474271061303
0.281168021360954	-1.34604797753197	0.192369792443442	-0.944997078161885
-0.517222540820265	0.440712306025107	-0.818469210653046	-0.91415886654533
-1.53653066688221	-0.885318234326421	-0.826173187555289	-0.755204069095572
-1.11568277338131	-0.057385589824668	-0.416235653368557	-0.584334745275768
-1.31824878499713	-1.42118270382854	-1.19447535043576	-0.49291227223861
-0.860222044249555	-0.400358090518763	-1.25428481942502	-0.350867005581649
-1.01043527366137	-0.58839862491787	0.665544697224551	-0.108778161363774
-0.998148585306862	-0.508356793553371	-1.64501416435709	-1.46428162164269
-0.334454311344444	-0.849860476577025	0.511058550182394	0.393712364915757
-0.339171430558226	0.0178589383093776	-0.767972300968751	0.19762522196389
0.805710480336524	0.748544753250842	0.795226200346997	0.565727601958579
1.68348885488118	-0.922868438889757	1.07898915887009	-1.13103052290999
0.161595805349995	0.235193104632118	-0.44260643689637	0.884327681914412
-0.412285689599072	0.588462514252438	-0.291970593981892	-0.289759473576289
-0.928904385878624	0.405946590147458	0.803885647381614	1.3456019789233
0.112918189606697	1.93203793136795	0.326723965927973	-0.420985298789609
0.620658156953402	-0.292270533223243	0.0242889763258078	0.0497093002984536
0.241749735930933	0.419373951269336	0.155728007147371	0.0475001493255795
-0.0155211646137381	0.217028659127544	1.22334614148498	1.31559429246105
-0.939508438874573	-0.0907065382829788	0.136883279795209	-2.11880913859233
0.0102584481605548	-0.347770920613166	-0.0348306324878583	0.453060639170431
0.110818454465947	0.703419819510072	-0.134734239442317	0.715880888053224
0.751404872890451	-0.396605322657529	0.939076082815572	-0.742195808160183
0.538808602758691	0.354839517406238	0.0414435090724872	-0.336856107090571
0.483061046689588	0.289326425633539	-0.444159644093854	0.527811284776088
-0.195432029149398	0.312948943529681	0.462856106582105	-0.700480032976931
1.18158828495399	0.368749683454798	0.207484576446481	-0.460257824826554
0.364119369255182	-0.0330663750832436	1.04181827829526	1.05138939752505
0.317392812507112	-0.438553845991978	0.114626964801528	-0.256172562421587
-0.482091700730041	-0.258392226495121	0.850838312258935	2.35652176137167
-0.340105952604922	-0.0909210722810864	-0.227341425322805	-0.631481211304068
0.491990431720051	0.952166575730029	-0.176777810183772	0.486739577303018
-0.686749917212575	-0.315667842224893	0.0223177254782827	0.582460053853102
-0.714547461342674	0.29735407105843	0.111317196535479	-0.498049597858527
0.650745380473279	-0.774676716047509	-1.7405120504324	-0.263377642014868
0.67620641328055	-0.367937140253306	0.565026036797022	0.00525784217012114
0.451929032939035	1.88589859739037	0.800224964991606	0.876223795671207
1.09020691015242	0.159602390440156	-0.529419674893847	0.833313107148104
1.02439080460673	0.516651312178941	-0.013503283835743	1.08394412085036
0.630073643726649	0.279468714252074	-0.326416973306331	-0.511138120851206
0.189707113469324	0.0485377332825759	-0.334650960348061	0.27162817874153
-2.00055544209012	-0.592567010551396	-0.961967581874598	-1.08675584039777
-1.33513986404279	-1.12420721418689	-1.55465432448926	-1.26374861042407
0.211658289120927	-0.00111646847829255	0.52918317173869	-0.0504265479618062
-0.758933901889635	-1.59148787109254	-0.759782567779254	-1.21911384802829
-1.06389317674531	-0.726566438820157	-0.0390158268090441	-0.745619415926392
0.327278528451214	0.282421902899595	-0.833836071455226	0.28165932085145
-1.00669285833003	-0.0428949822781256	-0.0698236659011746	-0.400857543759472
0.0425829212294918	0.0948331271829168	0.215480851755024	0.424571650663588
0.0521897679848362	-0.0817663479411089	0.0457847407986776	0.205338447435182
0.362478718225411	-0.473628215767097	0.114744259646086	-0.164461755923547
0.456889859846844	0.664705004206007	1.0196027689279	0.683309691961929
-0.884097233569386	-0.211985638784619	0.290475902498907	-0.297722381444559
0.0118193817742512	-0.150279830638	-0.192292955205998	-0.798624237735029
-0.0672858828412903	-0.174369500740208	-0.326509341982331	0.636246055553949
-0.260171605073856	-0.466702492826122	0.375201230100945	-0.220758271020125
-0.357355608864374	0.288119028865172	-0.112929938348468	-0.358673343548154
-0.0949238805523759	0.175814012273007	-0.141415721563414	-0.265360323532147
0.632238825483995	-0.944866244586553	0.162864054844606	-0.682845213229145
0.397436524361646	0.00468473850491271	0.180967367381548	-0.0947916586406781
0.64661825029187	0.581332615008607	-0.835360676137061	-0.0182280298476683
0.618801435554404	0.0519345905760497	0.862169481416497	1.14059790281667
0.508192665892865	-0.544683241385448	-0.781192092205747	-0.509471637179235
-0.140676925556955	0.108810578010246	0.00694766110096429	0.152800497681383
0.133339016014124	1.4931231395198	-0.0987089505694213	-1.04266289089942
-1.8469133756687	-0.716529423681646	1.74015817357276	-0.298458091209501
-0.125435754641772	-0.117280512307605	0.0324987461498097	0.26650306776064
-0.485774950981934	-0.0143944210047251	-0.437542919889309	1.04710107249085
-0.673405021538843	0.537898530050942	-0.40520065777598	-0.455686158851521
-0.294756552947454	0.251507647517396	0.580615311607317	0.919392595767422
-0.911809139974699	-0.34198261355645	1.16867639418225	0.247338924314229
0.208061079203877	0.53633702448321	-0.549714868903177	-0.0266315292128203
1.25990185396499	0.16722825551581	0.52682157023186	0.429856294999478
1.89393661622239	0.607104735382269	0.87096727276844	0.547188711307166
1.11133453468751	-0.632604339185031	-0.0483604647488913	0.898818738205472
-0.0288688634309278	0.407641080779691	-0.778973986493768	0.291147182473364
0.114566361814664	-0.0645872965706679	0.869047426789499	0.110383712088848
-0.609364702767138	0.329472612046124	0.183819154399788	-0.134388962154039
0.522050150017548	0.359427769115578	-0.755199057693499	0.237489985513545
0.782353819443118	-0.71168540488396	0.0521991173709899	-0.788633955308981
-0.542060187673531	0.444216588789905	-0.564015237560138	0.878958683787806
-0.228442518441709	0.56348885980066	0.201075023345879	0.306081389000518
-0.143494155257492	0.134837994837633	-0.475762895625686	-0.00838625119297376
0.517139818715847	-0.0975746644564646	0.674353965632293	-0.479567034990314
0.0742236361452372	-0.301667459730642	-0.207792175670166	0.708122347768303
0.569816242150024	-0.46210535923329	0.37181955656335	-0.728224882513678
-0.495830317422746	0.236204280179195	-0.782745834827916	1.30384691076629
-1.26064957657962	0.065155120046209	0.044784656825156	-0.39909414507018
0.405245256442749	-0.991243187367918	0.100357025011455	-0.67971375720141
0.875752341059485	0.751331556985288	-0.0361484546149339	0.103515461339552
1.18407364754332	1.25675535331441	-0.378124670439459	0.835360739104705
-1.13985110008017	-0.654619233115572	0.301887469989062	-1.46603230107604
-0.379673680616307	-1.05508029942693	-0.587933076616931	-0.782996364162575
-0.834899251306832	-0.491012997257569	-0.0815917709118294	-0.0629345808687224
0.748829475037919	0.0165576719346727	-0.160837944753946	-0.56282087667293
0.58958023146983	0.498295655331806	-0.0538845946354207	-0.590448192894554
-0.175815990064843	0.00416626131810934	0.768655109294913	0.652629559061576
-0.570191656756733	0.558096069478384	-1.11245577151439	-0.185184271653731
0.867276242401485	-0.0549724682249496	0.504186789290861	-0.642611535621304
-0.336200002579075	-0.988478516173324	-0.453739189092581	-0.115748214399669
-0.78717967647093	-1.19098224237042	-1.0513144772348	-1.58408492428827
-0.264005156600478	0.952727324398526	-0.545425097588969	-1.34837642736844
-0.158561291159818	0.10235456010218	1.0015634770824	-0.634546269868699
-0.0691367317286753	0.384540503924674	0.416149009844563	-0.20502230545541
-0.463906237286545	-0.152021960147514	0.14564382166775	0.288499191197236
-0.914232068415778	-0.567901440813321	-0.0171590631206455	1.1476573681404
-0.715448416753102	-0.203666327731202	-0.270958264306722	0.806647343365704
-0.116678590469459	-0.444839988556677	0.0923443919921935	0.405977615113291
0.759636879913295	-0.70284938493815	-0.463879208190901	-0.902556409204173
-0.713868403472989	0.462796806005144	-0.0726280625039547	0.799338718644673
-1.05145281131012	0.193478771283597	-0.329902438963957	-0.847091637628346
0.457761492944263	0.381747898021771	0.335704363477025	1.34841652584683
-0.226635433817543	-0.552710416975528	-0.825496162224083	-1.46811801493019
1.1574417609213	-0.212512773306514	-0.303329448355662	0.934558559897941
0.331877816895484	1.55857135973336	0.876464685454395	0.756348627383208
-0.771900514813678	0.915888799093772	-0.0327224453697966	1.58359396960121
0.169357317552173	-0.90497170806009	0.21034574715227	1.00680918637944
-0.336175316777292	-0.24505718825208	0.239561906111744	0.0831111063782813
-0.550278144116866	0.616028800172792	0.516547503225575	1.08222165884785
-0.749533668026587	0.908218551347776	1.96141421875334	-0.57369082785859
0.404722520466088	0.616656871824437	-0.738414417196122	-0.0603591850891295
1.29611612281165	0.0596621635707174	-0.691030446548911	-0.891496127321128
0.599774099542294	0.371936647240886	0.690674706209619	0.252627202463749
0.410401683032954	-0.424784362009488	0.172372589153903	0.0633216093691865
1.50426639388794	0.274709813347221	0.318627881773287	1.17114095463521
0.27403667844827	-0.559534152956393	0.340969749122799	-0.76779321721993
-0.768194193496602	0.651465604819662	0.0582478408533932	0.262774885504523
0.623723493613878	-1.48607813422811	0.154899552241946	0.188761918354265
0.793844512768644	-0.511180952826007	-0.0391863648925342	-1.00638431081707
-0.317739373728874	-0.669217724520318	-0.953967201801442	1.42233239051145
0.709964624167047	-0.00960107485548609	0.969778159026406	-0.137595312905163
-0.438245712163185	0.47158669559227	-0.902546545296772	0.854276877939045
-0.247208997337654	-0.841972168885392	0.28780684502235	-1.35522753304179
-0.771072936838049	-0.345044607635472	-0.390138813572683	0.549942716206253
0.580698644706911	-0.140544136863684	0.565320013834902	-0.578507503670444
1.63834796153368	-0.417672922577593	-0.48495144985064	-0.957972401216158
-0.627796741882099	-0.342238109648963	-0.18069778043304	-0.350114183857808
-0.531736828515809	0.0194635093862296	-0.394977757245932	0.0989863662266653
1.10543157519255	1.00283366908401	0.718316000180745	-0.474560295975601
0.44416392326448	0.322435744743871	0.0525670535004194	-0.215747685608976
-0.875728718364253	-0.451569461832774	-0.0628819353785202	-0.382686185117261
0.459464528756847	1.16378973618635	1.089355019829	0.096014732389484
-0.497842526865447	0.0937326545858088	-0.764326321713707	0.0734861938444016
1.59448273382826	0.823046971848894	-0.353452784102159	0.545541460897717
0.337931461239263	0.0650216222229272	-0.306562038971978	-0.0835359062944815
-0.495118213436932	-1.04082652184397	-0.544009787587413	-0.0960757166336062
-0.648606265773748	-0.00238963894168857	0.0881017532336973	-1.18828941770282
-1.47239025944302	-0.277342330833328	0.29352343190724	0.419061079288028
-1.98963132042345	-0.565758639644967	-1.37066217010075	-0.582438463165393
-0.819829331755642	-0.332203777137247	0.169904276709725	-0.0804990050990586
-0.596854633704994	0.490626925981827	0.239534920739394	-1.04326485244999
-0.599054715330012	-0.218132206740937	0.0800353909859462	-0.337873495558493
0.392374030816486	0.487159005783518	-0.698153191420396	-0.0197835241514469
0.984734797864429	0.577023851234297	-0.365641344795387	-0.517156994857576
0.125321611355349	0.0431022633048237	-0.368984197273863	0.739994598696225
-0.648858720725971	-0.0277750933254672	-0.0267153387487309	0.218401874133621
-0.87628293166096	0.512735310421183	0.400233232284174	0.653754923726355
-0.106510489860199	-0.439406650642037	1.02651153360132	0.17028931752666
0.540876811043886	1.13205387091743	-0.0322980973428285	-0.20096228325896
0.260249862822104	-0.117600418062505	0.0495404509155558	-0.636159077722422
0.974916506630123	-0.0240667572579946	0.0921356572772084	0.518881080670822
0.402266960808954	0.196044327769646	-0.59884943208274	0.356530926880263
1.03700141449815	0.185435090049836	-0.229541495064392	-0.426942430514006
-2.06984127107071	0.105594372150446	0.529916927784029	0.556250278593247
-1.05092664452838	-0.544943191866315	0.158523055772558	1.1593735245245
-0.445565302623161	0.64918778356114	-0.0659112291741361	-0.575139490935183
0.153589420044204	-1.28068146146229	-0.779046036266158	0.239210046265717
0.476107442409414	0.713692683856616	0.0675545610424766	0.683657635905875
-0.387512393388472	-0.357580403798532	0.755204898821196	0.756342845482167
-0.171760712049855	-1.32295906666732	0.436075135232955	0.87316126045382
0.557188269380428	0.787500922804171	0.36730334538261	0.632582129792361
0.584532648449134	0.734127523573777	-0.0794438940881497	-0.593453636527916
-0.945226408193682	0.122085325912141	-0.54713043384857	-0.038709474696996
0.012577098033136	0.802259695422168	0.780898111210486	2.03388584645687
0.703820120709837	-0.44028922750463	0.250015372533144	0.22526704494711
0.820508781722391	0.0348981475987533	0.761300547079695	-0.956759321619406
0.972860196883097	0.519555023631138	-0.873308243631676	-0.391281944554228
1.2870869066983	-0.600013290623553	0.451051846973121	-0.916832584718271
0.99987931047502	-0.764740860815499	0.0954357431320684	-0.799365865287547
1.09123200420703	-0.573698226063966	-0.564249554782189	-0.0657172062304661
-0.849662774761432	-0.409526034090415	1.1928912568226	-0.353743089872611
0.23331319758222	-0.708397019233938	-1.01438529501374	-0.0486009609718407
-0.0829548819877834	-0.186600608220544	0.712040939836526	-0.360756666046993
-1.27738442992882	-0.605343436062379	-0.010455172457825	-0.521584209797051
1.23171333070268	-0.207212641410481	-0.451481521893186	0.394091013497095
0.554097029170148	0.30368121677403	-0.562702510862435	-0.0679058831437201
0.818886574141553	-0.0240442363656955	-0.494899933400456	-0.676922170027104
-0.818070697736422	-0.146997748835185	0.947650757145931	-0.342179529695983
-0.928035252776416	-0.505915524735734	-0.963967292604282	-1.04162982329577
0.11472282382811	0.808396373737079	-0.251682209886423	-1.04455433307331
0.44060582998311	-1.15192391368861	0.0871217002372434	1.03466027719401
1.23547853634786	1.35315114030221	0.674476144101089	0.180856472444562
-0.348569997312975	0.143804344280632	-0.595742784242844	1.33436649816545
-2.09535138980527	0.0205929141849198	0.709559954047814	0.497053580592712
-1.95384497724461	0.184015527175962	0.134131214438609	-1.00093381260227
-1.02837525481054	0.0838939355163997	0.310308938550325	0.334618212130456
-0.107521055180202	0.0634981707986276	-0.332115491053837	-0.661709959601197
0.135166925053957	-0.05398368230949	-1.04905182359664	0.0470532852412163
-0.215828359153722	-0.395664194223265	-0.782426482970542	-0.385533221777876
0.0589071079589996	0.312537765466072	0.313817450686125	0.0407577964154603
0.190669917132086	-0.287426673355936	0.460993152128328	-0.471060063026289
1.30455708479868	0.239508213564549	0.596887973434067	1.41775312600061
0.278429709786625	0.587175290003105	0.0143391106863943	-0.0476902824313698
-0.0883426952409803	0.463690326081826	-0.141928356080961	0.632453305367403
-0.242603387966318	0.264615058375239	0.10446602923839	-0.871658365364044
0.670582022152861	0.494637192350485	-0.0619063385687791	-0.346753908424066
0.149277395617828	-0.500913140749663	0.076566154824439	0.273439994804107
-0.372230589671639	0.582613610698654	0.243551384399651	-0.211897967739693
-0.798579323824653	0.162826779924543	-0.426656793147279	1.00216611118115
0.536565577868086	-0.2811756909405	0.185003088757626	0.0599222590430225
0.926891848102504	-0.354481261105945	-0.385100192037318	-0.0333576812667476
0.948950363199718	0.507831880792282	-0.183966601960746	0.414347288033633
1.27811281218634	0.494214928053113	0.687464798418287	0.143283957543832
-0.316373339185815	0.232684387474251	-0.244297633124945	0.464410696753761
-0.187812350974124	0.209230092081055	0.263972885692123	2.23872612329343
-0.414733873863315	0.105024522611944	-0.41927626647754	-1.69190090764058
0.907123649124245	0.011256693188816	0.578558835751772	0.249179363216026
-0.46342152588852	-0.815006459319511	-0.125762959048899	0.0858370407099084
0.336279642367117	-0.0914724144480755	0.667123990657367	-1.10844752259975
0.685671501435516	-0.341498735978252	-0.161227485383443	0.3423483476985
1.04399118405881	0.62671113964084	0.182149539864908	0.550138670384794
-0.0458912916591484	0.00388105629512405	0.203657946129569	0.545094243354708
-0.444125651474195	-1.27706234761201	-0.502754931067163	-0.59316758330532
0.169751846196757	0.628034519765151	0.349106875716638	0.37480629934692
-0.0325903122991939	-0.00670953128213219	0.211915677098962	-0.294797872918709
0.27598259815774	0.436028428042479	-0.133938258726002	-0.658942320867048
-0.370060310705134	-0.195401750802142	-0.719069375861614	-0.148267902628419
-0.123500368700179	-0.453651279821494	-0.532617704213118	-0.385216609403997
0.560274206028277	0.460995718250351	0.203046033736425	-0.541146306886363
0.0867900369663716	0.14278004335816	0.362179343988234	-0.254215124719278
-1.2168084065204	-0.865680878741775	0.996988572972729	0.855149336441174
-1.9893516484011	-0.352298393246982	-0.956337382251663	0.719109768188978
-2.24997904283359	0.693706503653545	0.396175054543207	-0.724089324608878
-2.15218690768592	-1.25268829260401	-1.06479001252558	-0.150996499730471
0.465787850723569	1.38350320394073	0.749037747978151	0.263727661987048
-0.578731007438269	-0.774595727653398	-0.714475558502393	0.7502811865129
-0.494059865490549	-0.350857616783586	0.572001464925901	-1.82953003890225
-0.0749731441880017	0.159238845052207	-1.12937710107714	0.340407401708103
-0.299196274526094	-0.00340295016147812	-0.170195644431984	0.597810048129942
-1.18157367039173	-1.02697182292554	-0.00472411559764286	-0.923117919156335
0.196625020104977	-0.0175491572873922	-0.706937970615857	-1.18258561994402
-0.00237766313964447	-0.844900625364316	0.766181149624707	-0.87296808711993
-0.0614949531542009	0.411946123839816	0.162813519075472	-0.163911911919894
-0.970577082252237	0.575303224704525	-0.475624087052969	0.805102819574014
-0.00731500442533586	-0.637581833373134	0.0383373195508158	0.188874724600727
0.403104807370585	0.319459363063111	-0.51055932595984	-0.28425148361554
-0.410166783681915	-0.236806448375575	0.332057923054508	-0.449410952280106
-0.116978241863378	-0.758503932967167	-0.0874078042937045	-0.283153193390564
0.283805700241528	-0.0617998130323466	0.101233597943718	1.20669199687166
1.66274125485746	0.372095799006349	-0.693818138442329	-0.900483967178801
1.29217714141337	0.46430818181681	1.28095575116768	0.559599712026179
0.940469898238327	0.421723204107645	-0.234950221022659	-0.429288188874455
1.31638495152225	0.350202558048717	0.105561571909342	1.07546925558185
0.813115523486443	1.36538111083177	0.882675358670468	0.0343381530376672
1.09904269612511	0.181053073754056	0.335829108012168	1.04359132271225
1.08223044445797	-0.0984292113488075	0.451997450465175	-0.518593644793083
-0.612870522476348	-0.146891500325146	0.0283292912466179	0.377515009362186
0.343970382915751	-0.785773379336352	-0.476289508991217	0.320843105571641
0.978879488313241	1.35236709966832	1.25159990184924	-0.418968791567983
-0.465612131313434	-1.01254310898533	-0.788916834843933	0.677450179363832
0.0118310085951805	0.485636208859066	-0.516520929212796	-0.794851877377493
-0.041474131705241	0.711491310768094	-0.413004638515543	0.823775528515003
-0.374390096436231	-0.404215889433366	0.0385870557107975	0.97833533904624
-0.710549089567458	0.692652890680007	-0.442969563451429	0.206537837352346
-0.0128731533092167	0.389763242857952	-0.556506175803923	0.0378923911247648
-0.635191268082136	-0.810869609379954	0.235307893018001	0.275156301921617
0.0327081113192201	-0.589911671515659	0.152463741298236	0.455887779088905
-0.387732428691977	0.0435796535289693	0.51037590987235	-0.895622620729752
-0.32903093050945	-0.391767326813696	-0.50971638784933	-0.37491866489711
0.699274700401195	-0.0366849708553999	0.895321515796465	0.474038783780248
0.652328299171837	1.2804674061118	0.800243710657286	1.17228709382062
-0.4428194268736	-0.562175851118077	-0.322457811881516	-1.38779188823142
2.38156703025635	1.14448398400628	0.532152030982619	1.36770328811024
-1.24637209055866	0.110388806516725	-0.560815800749398	0.141025103904153
-1.98367304865493	-0.919018296522066	0.0621364237520639	-1.42733804745065
-0.756908477649527	-0.643477892763105	0.0398962955987564	0.395259428433737
-0.0830147780890548	0.589893751941058	0.0383566320433059	0.68752429640484
-0.0259506687935297	0.400580119808855	0.364851661950538	-0.931270116848326
0.642775057709009	0.464711430406519	0.165841676709976	0.929486991293262
0.716515424546295	-0.159963721138889	0.0311301064153813	-1.03317412451588
0.534590096274932	-1.01701374333797	-0.137045348976964	-2.061224325074
0.35198439784848	0.27820437673871	-0.728973275640026	0.07232452897678
0.348484410027008	-0.974558849504613	0.506263473011073	0.0454565744537172
-0.66958606299823	-0.593456703316503	-0.475564699470282	-0.0551816882933512
-0.501920520822111	0.252482143841433	-0.0925758272323253	-0.667235426029749
0.972591225061638	-0.235649364625805	-0.559593461311406	0.887077828161672
-0.810709339627797	-0.445785372411124	-0.885200357078384	0.313888592919657
-0.204769250689721	-0.0958658000967874	0.736362028933413	-1.63827568163443
0.896175834465808	0.181571529940918	-0.920653298735217	0.984108952972621
-0.171262780290242	0.428240475346962	0.585108555178565	1.00622897261562
0.726324443052796	0.428248998245696	-0.194501856183838	-0.452413314955666
0.0236477118252502	-0.926806179572355	-0.396081035366799	-0.143898050538238
-1.80846511331986	-0.191016966689134	0.265014236245289	0.120428560647339
0.188081153184688	0.31181821219849	-0.774327944927935	-0.137058141576565
-1.45708843480077	0.86791326697971	0.265240233862906	0.317073421156685
0.210569173158302	-1.17930769673552	0.286597678807263	-1.49333872023674
-0.634293442614474	-0.0151356924866002	0.339685417995549	0.424936355025745
-1.19747456505891	-0.3183964411522	-0.482707929495624	-1.28470585132463
-1.28562853514124	0.39273038381682	0.123961085595493	-0.0790370144313249
-0.089976112110523	-0.310266878943007	-0.116010357772592	0.150821835490989
-0.305723778948146	0.174785832130471	0.661838029373451	-0.797158982668298
-0.109243108558043	-0.137044161271142	0.153481544526736	-0.10645519313835
0.354192953623011	0.898740972920591	0.588052138340423	0.650015258831612
2.45497068575543	0.0663847522904746	0.0729037056062316	0.924293196937146
-0.161962486065021	0.668752685827156	-0.461894617690764	0.739358934363277
0.989384515595208	0.595762743315473	0.361380054364221	-0.583102067805308
-0.259110871300182	0.127879748417056	0.462787596931969	0.34375830879517
0.493699318002795	1.08598116192753	0.23823185217042	1.85545745879911
0.684729926285942	0.198652553554808	0.476150526666193	0.195451570505564
1.43024293566921	0.501757426282007	-0.442582555796265	0.484713972066985
-0.264629746315501	-0.625897789557251	0.0771711681946198	0.700154442704651
-0.797881127145363	-0.402827812130579	0.00789396071229885	-0.60669306903096
-0.222798593683917	-1.37631457590635	-0.148791166502875	-0.0448287974977471
-0.58260295046278	-0.627040861776926	0.00161134073365913	-0.127119603695775
-0.790126336594002	0.546147678849915	-0.381576199182171	0.88024898851807
0.369144692966693	0.133406795399985	-0.0871304099825957	0.0644618047870345
-0.547068371825319	-0.839303136302813	-0.0854238358748341	-0.464096987535587
0.404391913365418	-0.174539887616023	-0.733720915171098	0.0274869427253675
0.450716879744046	-0.434290003343718	-0.952887873997397	-0.0278763555650449
-0.110160061398297	0.249823652109852	0.823030136216603	0.138329376597377
-0.338965262851979	-0.0653714458056733	-0.646476263818746	-0.67483972748094
0.499552903308087	0.718420209422482	-0.0488835828632991	0.405948674996171
0.0309922601941154	-0.394951792867916	0.71230139892572	-0.186662299771251
-0.392420730203575	-0.347046174765586	0.052026560471456	-0.436341052240279
0.100798163941865	0.188148643465961	-0.449094751535182	-0.541244082589994
0.924629030695494	-0.236011275132459	0.427021629215336	-0.183326247032243
0.195820091169559	0.548746174948911	0.615097862980263	0.51717411804431
-0.371262272933037	-0.611795021682264	-0.343981885373263	-1.57594090241965
-0.39956036212639	-0.0430122324060145	-0.163301527321449	0.228292853514134
-0.337770756781727	0.000917022124197891	0.186907611232487	-1.2241166482595
-0.953872059707421	0.313666618282589	0.502485499355968	0.787340326932706
-0.172537966373736	0.282149674052054	-0.0108003031191817	0.431399501372466
-0.333215265881552	-0.280754694943432	0.176239260194144	0.365924314257723
-0.97343675424685	-0.185384412591749	-0.87661500977249	-0.655892687554606
0.328426977882148	-0.208327801545003	0.477172467594475	-0.593183521733895
1.06560483462971	1.09968798496696	0.220022428674062	0.03639311662823
1.42650949385912	1.14573991033756	0.0453681782927228	0.921658524150261
1.23830428769369	-0.0804663766875169	-0.308861006885061	-0.480435596880421
-0.57888152238532	0.45390410636527	-0.798516790810816	-0.551008725253407
0.59015899744523	-0.130678713882196	0.859859444146897	1.3961284412557
0.657587033306625	-0.551911755872975	0.362851599221199	-1.4656242122268
0.65842245709549	0.531880036863727	0.46569560335876	0.800556637414749
0.638321900007	0.0243651271408344	0.386757065917357	0.00427880002452413
-1.14715403493588	-0.548441394526622	-0.658131533364937	0.719508321711917
0.200006314495697	0.572359521990463	0.620320501193207	-0.415569266248083
0.815705952230136	-0.637051139861556	-0.740195677816187	-0.376705133113982
-0.429722541495432	0.342362741811821	0.143413117187259	0.694889362362526
0.0936228319926647	0.181335789116688	-0.768224141116221	-0.0257621342976442
-0.722421507577404	0.394367533718543	0.714432300014939	0.261079636693315
-0.630045175297788	-0.702953109546262	-0.7997137348557	0.324597454129294
-0.699824670805888	-0.861527911421978	0.464510199143725	-0.581048321513203
-0.0624197068864981	-0.576851089909393	-0.454198615936482	1.16013739666696
0.272538352945384	-0.273076614335161	-0.393335340043612	0.1654884892482
0.621547320447493	0.45034818048382	0.980450700037314	0.244589080948027
0.212909829300036	1.09108686239477	-0.956644955063852	0.544464769437877
-0.0373363739018929	-0.897447368954699	0.272857418531564	-0.339758918011477
-0.139804664968311	0.68606127265885	-0.292270357164706	-0.258749038556491
-0.644278492409855	-0.257369097778271	0.30529730825873	-1.56798646762922
-0.969625993093004	-1.12569927576565	-0.230966651267399	-0.273437109256614
0.150121876203664	0.530241827102764	0.619809862669632	-0.404513152560483
0.219984357011491	-0.00951885745593534	-0.693469302177723	0.913545009260894
-1.57369568318826	-1.10297484606132	-0.824207842313227	0.186762726039794
-0.128937453653621	0.430132642494916	0.434130481181691	-0.584870656416366
1.51638310175279	1.12395920405755	-0.10533439956461	0.697212211745466
0.527092519964835	-1.01965980426558	1.31131414127015	0.343104725845386
1.401444344588	-0.0486527330507167	0.322857622064678	-0.00406674066975439
-0.451779281780395	0.70223516774377	-0.152066510214131	0.0185006993839244
-0.194874001784274	-0.037541158729138	0.177113542719396	1.26178381978314
-0.0966364524641504	0.664100447939931	-0.409412347970267	0.159013395123184
-1.01483487961852	-0.368824311793833	0.548757522116118	-0.831571139334076
0.445071776859664	0.147426963503824	-0.252168066670053	0.16034978859885
-0.261355869978656	0.350136780807661	0.445607958207358	0.0580883937140552
-1.60500576120867	0.519963719358046	-0.33102369151967	0.283423421788633
-1.27818004296843	0.0980616235467602	-0.247998017276306	-0.352356386091371
-0.413378199198925	-1.08368807305944	-0.310108579189461	-1.17320681799242
0.143913813436961	-1.15015217242029	0.454395443851887	0.753677131551342
-1.03438066751358	-0.121455468897977	-0.283785236832129	-1.51880985858275
-0.0142244267773899	-0.515779512835772	0.063333274952597	-1.431901325385
0.69432823823816	0.244740652276769	-0.803594974571476	0.640929358821768
-1.25853437556508	-0.0854987643840193	-0.417783693015046	-0.451502485157147
-1.68951281221454	0.00441603854631313	0.143070726781846	-0.542172891587739
-0.977063182221633	0.818057952727332	-0.295778928367833	-0.491331649935311
0.185158013028049	-0.115943023693285	0.578786595591795	0.455139803998691
0.538704209937046	-0.655646451340888	0.116851743913544	-0.149760736785714
0.336827322942758	0.506492335949734	-0.803236364992572	-0.662972381396412
1.70553805063776	0.182966204274094	0.0577499747904286	0.495113313017266
1.13458503305799	1.43898774077737	-0.072548450894108	0.0521496047510148
1.36561795986249	-0.20797231745853	-0.403498433108978	0.874684842020844
2.19495398045333	-0.168451488465608	-0.0910612277010325	-0.562703891399081
0.144581053224934	-0.373165641153598	0.195185320992307	0.728977377434186
0.685363881323186	-0.132351226643222	1.23733195010148	0.585707425098801
0.279759016278345	-0.32037373238344	-0.261884284748832	0.829996798631023
0.672951768664771	0.750416054254698	0.502807434638004	0.614802061273731
-0.0354010442960171	0.425217825763712	0.759474825434886	0.690322004757214
-0.211522540437645	-0.824944535360829	-0.472563070490332	1.56362322248715
-0.374547621628453	0.586835008323866	-0.413071775012002	0.228094678012651
0.836882297542738	-0.0967050378331727	0.398496185106422	-1.02860006924299
-0.776685316973842	-0.788867410731687	-0.756683410525826	-1.54630220033057
1.15738002764848	1.0125440939115	0.870171547057581	-0.260217011915314
1.99198167618279	-0.159239572094317	0.0251726379584235	1.70591842245549
0.14994594229089	0.303107233653821	0.541309496999325	-0.606788886886022
0.122462884746339	-0.00803025615901473	-0.313999098449173	0.105424497008725
0.393279848440867	0.889838399585014	0.743461171603041	0.486942217295546
-0.0855229190063942	-0.082011989772478	0.258648611270522	0.135559449133118
0.940308414749831	0.740262588460927	0.121904188268914	0.896335862948727
-1.81668991699161	-1.04230725835424	-0.335448432980916	-0.633654216786381
-1.18769242880336	0.137599592268481	0.120761502897662	-0.30453452143115
-0.577354880294348	-0.762037916702599	-0.0694953625334471	-0.675675299625902
-1.15644296737819	-0.077520992297275	-0.564308067757262	-0.110594347968347
-0.0905520377880168	0.547505294427274	0.293372236455022	-0.108733103908998
0.048123587419292	0.360481935955391	-0.858570485854958	-0.393330550582871
0.152816493603658	-0.601726290259367	-0.240826592324554	-0.436059800459327
0.327550756374166	-0.374724155545376	-0.217402697046379	-0.739194876379215
-0.130084147907333	0.558436934796627	0.058909092918382	0.0686880013562402
-0.551126980480727	-0.828422147123828	-0.872049783484938	0.13426701136893
0.530390342609472	1.20708138063184	0.159113927755618	-0.0328806816772248
0.431572107078049	-0.212158446374623	0.63627754751397	0.998568848253158
-1.84381279220676	-1.22316543207282	-0.512111766352685	-0.864599792682356
-0.446645055847843	0.100017478743879	0.607443562697015	0.346557919714865
-0.840684128528204	0.651847823881258	0.608974433620837	-0.437319309049389
-1.2695733215135	1.06853473372979	-0.701231987797157	-0.661160758703458
0.86609886393875	0.334319272568073	0.175310102912573	0.0789871297424962
-0.825392288743657	-0.55036531505722	-0.351195772095572	0.325951398472681
-0.498863271700233	0.124062342664172	0.651267430439984	-0.799201721685484
1.12923988204992	1.04755738052942	0.39309708275926	0.376894811723745
0.0770954734564419	-1.26251786298012	0.702968076973526	-0.878766319328229
-0.0357736560893174	0.148337847690135	0.190516596440931	-0.04795842517614
1.40898751901681	-0.336950551236018	-0.174993285438255	0.609164496357919
0.307609710443645	-0.635303743349377	-0.0224044369542682	0.490449954253431
0.709770408701575	-0.535986492654951	0.146598059149031	-0.0370758177084123
-1.53039343403169	-0.392569567844076	-0.752720581794162	-0.11405942093823
0.22600915240433	-0.518294953205241	-0.501414341313335	-0.703107135027909
-0.142275821689801	1.3151708304	-0.91060029136414	-0.251705637239878
0.341728128159511	-0.834898489730886	1.097682078976	1.16841757677613
0.447856904192281	-0.41431117204064	-0.0497510066595619	-0.321726544889624
-0.606148949171315	0.763627594569651	-0.329562068548141	0.0679965206324803
-0.333512866453012	0.262881850021447	0.147535946472172	-0.288367076786327
0.833767653350589	0.587823413943706	0.133730244579187	0.296074453292522
0.394314556464174	0.208166033701326	-0.0858744456440433	1.20250315894936
-0.626714115169118	-0.20001996080538	-0.193956478665883	1.27678299852925
-0.0566136675883909	-0.192021806066143	-0.276051699775082	-0.814510048791938
0.324431576016703	0.697978380472864	0.211641738515026	1.14671552722556
0.0458759089634087	0.467014823932507	-0.0696437506349937	-0.131458815315264
-0.096824281669226	-0.482459226918543	0.552744017763388	0.756102562206012
0.0181461592060319	-0.532697396137189	0.925901892279247	-0.217016255618524
0.310988706794889	-0.693066561135446	-0.53304584390144	-0.421884362338688
0.0880141828646948	0.432077028593161	-1.09611891903988	-0.135827220109706
1.26348728807391	-0.36808543795094	-0.0241802403022371	-0.950740785812505
0.735921880524965	0.247476943313919	-0.574269832520421	0.830530894887439
-0.664568750715439	-0.616100427652429	0.096244446614455	-0.425187230947646
0.483029177849993	-1.02291590708741	-0.711690194302064	-0.734780272036207
-0.48398543584335	0.332764988061312	-0.504572017094496	-0.657818334700158
-0.737788169518492	-1.06314193890705	0.862999736472384	-0.67714328120744
0.414125133276075	0.86413827262354	0.733295606975664	0.323537844208817
-0.831014856760989	-0.563524645077733	-1.00198922229464	-1.43280159717157
-0.694926669275316	-0.16179772127275	0.108023552058717	0.142282410297985
-0.109958611307765	0.686504116223861	0.646979501607897	0.839317590406202
0.0967052468091888	0.0275113776288928	-0.0407488677686754	1.43883568584543
-1.21789079655459	-0.536258022546062	0.457992906931065	-0.741213704621269
-0.293799561420743	0.150369610790324	-0.848400678817586	-0.708771018460257
-0.153729318490371	-0.167041319908473	0.574161778108683	1.38045872770305
1.01660960536505	1.04649730774105	-0.183142667721866	0.0484898060564684
-0.530774050619579	-0.776897241159706	-0.101126013457575	0.0269039369104653
0.64373886550732	1.14179276489647	0.721727560069104	0.431048758474989
0.362740415873508	-0.0912130329376013	-0.411173088960618	0.160988521076172
0.217627155118589	0.839880817353124	0.614167452054856	0.532588023470205
-0.222956427543278	-0.134763841769059	-0.444677250996158	0.058989912212823
0.285882922508179	-0.0707738488568013	-0.267315929045172	-1.52981602749313
-0.253727753995597	0.824282785611032	0.843748351265587	1.02339865774609
0.346565765448335	0.227752736026704	-0.311426782642164	-0.398886378211841
-0.202615131903276	0.0814311669949711	-0.163974224546437	0.166843974745325
0.434564247429445	-1.24511628635278	0.321037522948392	-0.367150879510153
0.36775564841965	0.128473428321175	-0.799561075269228	0.381011807516456
-1.19930756814227	-0.735360747426181	0.565360801261342	-0.0450734016524235
-0.651346905828068	-0.361767883339693	-0.841319726533936	0.0393838642481015
-1.29590307148667	1.13376583513684	0.47514440927429	0.782515692016276
-1.08341035082817	-0.0686782684819777	0.172784164914627	-1.72648767718807
-0.278456113467877	0.16016631891481	-0.0922339572381733	-1.09617669554175
1.42466066838758	0.446028821209438	0.662244768063597	0.971017648170776
0.487772285815125	0.211394164431318	0.5338917617992	0.931917699010057
0.681131209218914	0.0768507264837238	-0.430759849495678	0.0493931341263597
-0.532470488548124	0.553872392568355	0.492515853960786	0.406324097470269
-1.4695380286861	-0.784123445951147	-0.904343503513938	-1.99769372900462
0.200897274872592	0.0617956690797617	1.04832697419751	1.28715751612207
1.2102537375568	-0.0757900510539536	-0.135424996454583	0.0129020035829314
0.840783607619093	0.195520521968845	-0.365250544060306	0.00656811409263208
0.525644215898894	-0.478316163659932	-0.208587199138369	0.441960293774412
-0.56491546427149	-0.965896805428769	-0.214959404533891	-0.852057498457897
-0.496606024673294	-0.552948486129103	-0.924381071915042	-1.19377092534259
-0.22903013918609	0.0829356132027464	0.816941589814254	-0.519106528185954
1.13242245210001	-0.352110370464968	-0.312986846513998	-0.937633455423291
0.345218555277919	0.0833570802575328	-0.084713911722637	1.42325673275371
-0.378558984483891	-0.0883033794872053	-1.11721980500833	-1.76424454357252
-0.264426965944274	0.468320645188064	0.0364062795724973	0.331371991917644
-0.423875776815487	0.188620025424037	1.82435616180623	0.453879563501505
0.928202128595554	0.0622194002701403	-0.884714366583937	0.750739912782297
0.0817506818818512	0.0369129003926451	0.165470096999653	1.25464410282784
2.14360827483271	0.392886871736379	-0.0912567984320244	0.186840028338987
0.66961300354112	-0.523733084430187	0.540670065524657	0.288947616277409
0.397245296765856	0.6023129365262	0.493251702358165	-1.20156354144494
0.192726566432085	-0.114314744699003	-0.00167641125513543	0.454328956030941
0.719883600952758	-0.405178870558896	0.344397008254362	0.954751536699255
1.04972314745335	-0.0439615501699281	0.0114420791191696	0.262118782056141
0.399933090846849	-0.222217692650521	-0.0802024003609108	-0.181453507445707
0.058673717867125	0.785987832910918	-0.684389423260372	-0.133197282571834
-0.0739204295727281	0.42067295569135	-0.591964668393617	-0.159180122362702
1.08307688990725	0.530501805011063	-0.0910117016078777	0.669009642781641
-0.00596429629415843	-0.445314634816594	-0.04451390495682	0.439547235068968
0.147953249566029	0.749834022471989	0.176695544178281	0.142132075171766
-0.580879902986129	0.0848336258598239	-0.0191056873504441	0.20500520726734
-2.31399747545785	-0.196980479286463	0.698390143477041	0.17923903276437
-1.31488107753285	-0.975152577414521	-0.568057553112827	-0.455211368886355
-0.945526060001812	-0.290669334105724	-0.115599364949702	0.79499161071168
-1.41286283350571	0.127482715741669	0.157865157588424	-1.09407578920967
-0.13763275399079	1.1808925074548	-0.00993112637511107	1.12023163951162
-0.413542188044693	0.152536352373109	-0.45771085736666	-0.542847773437472
-2.29225869133533	-1.46385891316971	0.0106519945399977	0.960409841878413
-1.22123633295381	0.129901436513056	-0.0436579392474818	-1.00325667208755
-2.11972074143204	-0.416806514762069	0.0859262843517165	-0.367240975185861
-0.79988172920764	-0.333488795657805	0.756615609445766	-0.709194353131624
0.168964597166844	0.71344876605205	-0.582720280548812	0.384178135880081
0.462192114659773	-0.488776192564828	0.0732194993502156	-1.24876610087296
0.0639973986086579	0.184379439167559	-0.299180075198875	-0.470474390184933
-0.0645957864221234	-0.0690150871423814	-0.44345136388381	-0.819014416671131
1.32719715506403	-0.230470247132147	-0.172781042391675	0.0541584957998223
0.209132745811549	-0.322224568671133	0.819890477103232	-0.821582576020315
0.478002235743499	-0.752504096907394	0.257403656065017	-0.360025890892814
-0.277896385825709	0.414980516442982	0.0600888376006413	-0.378609773776251
1.3956137216492	0.0383644310726617	0.188073255438819	0.0855972852694218
0.546740037114181	0.467791898746363	-0.203004140302101	1.11377983717615
0.807706041942006	0.692640431664782	0.0271069106012999	-0.375861111906985
1.43579672029452	-0.14812484114899	-0.769336187909335	0.788047427140568
0.0899596255162746	-0.40817522461906	0.350176091517529	0.51279285409877
0.0292941674380232	0.693998393147629	-0.263114518680664	0.387325486925543
0.801907593292552	-0.883353442004578	1.06958579528644	1.22237264853446
-0.139620637077037	-0.262962565790998	-0.218496442429541	-0.623571380997978
0.903955563812374	0.706304283406307	-0.331434112268363	0.705848175249722
-0.0213174085097772	-0.0928834189243076	-0.0415224848734991	-0.524541232957981
-0.544667014576104	-0.0768153994213022	-0.000997211061268579	0.453915736431783
0.433201517848605	0.202184906732762	0.14557422546118	0.161596693341335
0.0397588695577561	-0.185418388559011	-0.377263984567689	0.644082475032031
0.498213347457843	0.978802810177552	0.0331099116152093	-0.955186371925403
0.854874236776047	0.678582996821119	0.584273787119386	0.96788626919296
-0.155366168027622	-1.09682157053713	-0.121306783187574	-1.2617666523088
-1.0661090886774	0.650418056749804	0.0754040580039009	-0.171249252935145
0.500936231525601	0.521965425885055	0.760058561312111	0.413248557439318
0.56782405737458	0.293850209945625	-0.497437042705487	0.914779932780028
0.158741384901722	-0.825075465694873	0.740937664117799	0.0586739838216253
-0.776799450710446	-0.198008281571972	-0.873844330523133	-0.0793488382975631
-0.993272520691326	0.0253916135191035	-0.123205210236297	0.42947598329031
-0.114394390475628	-0.085232302996692	0.917676376858596	-0.711564445819749
0.393295144059846	-0.20456798218233	-0.662662482530178	-0.490658812144811
0.960995222700503	0.534475259787861	0.0285584766717365	-0.124199348221478
0.36173369165804	0.205323319019722	0.207180386806486	0.0303754994797631
-0.418912559829703	-0.288594183998944	-0.24834859150991	-1.29320098976605
-0.133676815960509	0.606246746499077	-0.517330460793452	-0.254755779956562
1.32669532653927	-0.420425761362872	1.16455783326078	0.316526571042702
0.338329560671541	-0.608023335512308	-0.305683493466153	1.21441084824758
-0.229268729484875	0.169167370193767	-0.629382329229657	-0.496149291341687
-0.21178768183786	-0.791183600316532	-0.436684795618345	0.0432197574494396
0.314387432748851	0.569311192955878	0.34976377319602	0.169027799902606
-1.29745508222569	-0.580664816134327	0.710293875946094	0.663989827585974
-1.81341732459772	0.610985012253181	-0.508977064643135	-0.290128365684143
-1.6169095279862	-0.548354519429069	-0.00415248362548549	-0.0419653873272738
-0.620195436224124	0.147715802681958	-0.726690413409525	-0.706862676981421
-0.261086841974032	-0.188328017290208	0.730053436860987	-1.43858747511853
-0.0624142231329188	-0.390854805935996	-0.779525706281569	0.768596919962234
-0.581863192288592	0.900900358910034	-0.14130407288909	-0.211545378749346
0.0523170011204488	-1.44306698299194	-1.11889653426091	-1.17412883836043
0.520702855813589	0.170545279237433	0.444176643611254	0.981172478040876
-0.233578393231163	-0.0705437155196211	0.44161863670326	0.768663415764588
0.641811188906755	0.308261699539247	0.783627252855134	-0.697778708036036
-0.314136524341077	-0.337323902330996	0.0657022138171955	0.420263861684214
-0.380798095783511	-0.331353399260763	-0.300214760710372	-0.296338453308524
0.369432715360497	-0.0410421715312422	-0.517611780349199	0.0255591066764075
0.318355533663229	1.03420095302142	0.901985894961817	-0.401585486124527
1.12946476234786	0.549438266980116	-0.505124432238856	1.19506564734369
1.54407336204306	0.881204354461263	-1.12661176358591	-0.597628118839322
1.06361301762338	-0.23403210120305	0.754570297171092	0.475586815554732
0.513302771512683	0.352369870367673	0.848553783127769	0.0283000602154142
-0.884742043581504	-0.369015722404409	-0.64019782427409	0.787719502280125
-0.918331710867865	-0.254807271044953	-0.0245475794399789	0.0366766396125959
0.762163654401749	1.17117234127201	0.953188484250076	1.08706865822351
0.996093992436195	-0.193324625137485	0.474793431925485	0.712987362205398
-1.89704636852826	-0.822034524478042	-0.554234028800299	-1.15430875686171
0.357680286954668	-0.0367461417250657	0.485983523851688	0.529828238516314
-0.1421457642263	-0.0983475058189597	0.228798885183218	-0.203841370547277
-1.05058449016978	-0.200455498914526	0.410164200498374	0.219518691518443
-1.47831527920205	-1.2375364031866	-0.867880832131514	-1.00469308848985
-0.524897374839851	-0.000132306114676167	0.820563856540257	-1.0977803814096
-0.540209549460139	-0.240393209962981	-0.746407043194204	1.22785119441137
0.180858047768117	0.129848049109207	0.541630263321475	-1.42784442148262
0.548786019873266	-0.287671948909413	-1.16483974187692	1.11493384217252
0.778200094388683	0.915432103844211	-0.189848128304369	-0.0457267049622095
1.32022262356718	0.227669154656096	-0.168225342397847	-0.490154448992955
-0.634147466957877	0.0718265728189838	-0.32520497796997	0.643358097306138
-0.824830055303387	0.716209643617482	0.664519310175259	-0.344299785782917
0.516262648386056	0.526412802793403	0.126289480052929	0.238535852254054
0.730411237653525	-0.17977644902118	-0.537970307416959	-0.34919981884193
0.966449386222766	0.562051908776204	-0.40869120233411	0.570231251248258
-0.0484435814072214	-0.968585822595911	-0.300873527532975	0.0365668019702097
-0.580074480674198	-0.234508004878228	0.40616671085925	-0.518231182610393
0.250633974063419	-0.258570182518497	0.267033407941184	-0.347792387857059
-0.479764707130694	0.219028613384903	0.489216599796678	0.280385400274009
-0.55733227017838	-0.574023917782758	0.164215002317595	-0.54071856778175
0.226379247212239	-0.83498854785601	-0.334011242045728	-0.748579331612077
0.86379270557162	0.989873634740718	0.295820200276687	0.877188153770758
1.01520288538485	0.350517323942129	-0.325099262892434	0.504087877429357
0.382849971091935	0.225538620159105	0.216915697537359	-1.05076111857631
-0.257701367849872	-0.46479872971812	0.441973682572984	-0.418770075119112
0.889495559130063	0.14858347187436	-0.137489294340041	0.772157684967665
-0.689024850983662	-0.562783955969928	0.239342359975969	-0.00116721779118737
0.710354085196865	0.376370855649982	0.152596164136058	0.553329284955583
-0.137094252665381	0.170982246648175	-0.0235784079358006	-0.244206947314154
-1.33453826939024	0.0332505540257062	-0.708788739225742	-0.128369659847544
-0.529964500560912	0.769738605602668	0.626977352162648	-0.419234306976296
0.473297753890609	0.0989402211126624	0.177128551022537	0.828716517919
-0.413465405822459	0.167608472070548	0.169595248815883	0.261102628209668
0.703950587627767	-0.87640533848795	-0.189488425763287	1.07365208920395
-0.888286939176535	-0.133117331320332	-0.271109011908934	-1.72467861335343
-0.062163098924942	-0.0314054021348533	-0.829623952228009	-0.488388220528738
0.434336470037359	-0.219032235638495	-0.344536208349668	-0.0333156246148535
1.17294872601147	0.262734257993679	0.458162261850275	-0.2482152804524
0.893724320869298	0.153951625096293	0.0346295399753472	0.629847921002196
-0.520050847021052	-0.299544616141157	-0.116794900388741	-0.670021597299909
-0.0498522516196334	-0.131362021114253	-0.450794850258577	0.553603708294452
-1.25635947739465	0.177109105320068	0.64725283034967	0.647250044278063
-1.45951403174288	-0.525921105548027	-0.389535431364488	-0.0162988001634227
-1.58715564038389	0.765792381686273	-0.35071058410369	-0.699587131528387
-0.253619024226812	-0.643719671140449	-0.0678986860650271	0.67148311188232
-0.0134266302282208	0.179229485630205	-0.701625708917815	-1.0154142974764
1.2223528985531	0.854660475387837	0.50194168258297	-0.500879320464715
1.47172916580342	0.270780396543418	0.95029356411794	0.695291592696983
-0.125657843168917	-0.859167584544	0.15714280699596	0.725699441148946
0.426808425660001	0.783567769445422	0.378158658375021	0.950446535929365
1.7546195042797	1.26570758253997	0.227178376528719	1.24395510140917
-0.169053189978389	0.315655527968323	-0.111167757368239	-0.0558699145175635
0.544997079418695	0.466541016764318	0.765458462380463	0.938164296469551
-0.306561443884026	-0.158062247509305	-0.254198948972912	-0.673417824621737
1.15158056005159	0.0133279489191543	-0.470462584676161	-0.0412552193440557
1.10692319871569	-0.495649050510571	-0.61730796199171	0.292765776802157
-0.05865415625188	-0.0747090469481526	0.0837665128981035	0.863769873526904
0.623586458141713	0.53987235329363	0.219830181633662	-0.0151140312540628
1.27470182798617	-0.0906008127040708	0.198214681227897	0.70626788690597
-0.167335831213977	0.543460561495947	-0.307723205214495	0.611991695601903
-0.809609263931575	-0.896486228443641	0.426898646592283	-0.758974552710573
0.215675099159776	0.246522305921822	0.197754359977265	-1.2366768963132
-1.01565609161184	0.00528478067467507	-0.878873310285887	-1.06575445529649
-0.0771199419426948	-0.680361659734231	0.149140942357727	0.811493256888325
0.39546095367024	-0.139142333499446	0.2796969093331	-0.464739791601916
-1.90840016097032	-1.24129163631456	-0.856828899683135	-0.485546409452573
-1.15217160667854	-0.642889435063236	0.323537015133802	-0.414707081618939
0.181984884459226	0.066375111935257	0.526611833503723	0.259137672674372
-0.329516796945298	0.0653930785743231	-1.21276932116445	-0.138690693466214
0.791853385731833	-0.414346053404035	0.874971234746992	-0.502669395797532
-1.52608082012789	0.399537617166384	-0.596646475339727	-0.656312895417924
-0.301162356597451	-0.108998212545548	-0.0654555752894074	-1.0899391406498
-1.04886294303162	-0.255259986298707	0.254534702212498	0.62638859001723
-0.236056447565295	0.573604297866218	-0.307606946290127	-0.0615490837363558
-0.687809826778028	-1.18191304111769	-0.147082742925954	-0.0869393560154124
-0.549325825017661	0.19369582423301	-0.0835808309882466	-0.242979103226736
0.000371705170090395	0.565592436936453	-0.133656962376612	0.0706291215794426
0.127169428322931	0.429522098340374	0.486846773219819	-0.492748493025538
-0.289633350258753	0.0533955731606723	0.381508486256302	-0.0314686675620924
0.213213652930365	0.240690280190157	0.388266986036322	-0.95876468234908
0.00722893875536274	-0.810350732045886	-0.728160843650001	0.267902976494608
0.436420907762701	0.467181431804397	-0.349979546703691	0.856517560642135
1.02990677495556	-0.365899818250266	0.509193552485435	-0.0539385760370096
0.643115933414867	0.172222206206742	0.640091133658107	0.00147318051928423
-0.645336670080308	0.231790373633695	0.882076247631547	1.2148540433895
-1.66962180976453	-1.08087475927878	0.751017922179801	-0.541334900733656
-0.85900707543302	0.274925053565547	-1.06298501358017	0.670470750603162
0.163664400717175	-0.0723719592642802	0.318297228490282	-1.13946486241035
-1.21590143082465	-0.87398438463032	-0.710163261487298	-0.258487433908509
-1.70553084847699	-0.166279698770065	-0.268502104405267	-0.767419308970913
0.230970138653137	-0.971968917467062	0.126181139153595	0.598138312094209
-0.576616915671822	1.43370983748012	-0.119114860995186	1.04035450188992
0.533587505998276	-0.909341380437721	1.12410526057152	-0.882526662839569
0.120262885237785	-0.273339592760144	-1.26509050861551	-0.907876986981781
0.662454253869071	0.578276240738795	0.748037791469711	-0.983895009008279
-0.596333649624097	0.943854139067049	-0.417652790462821	-0.580747669643927
1.32489749595626	1.17235095214185	0.97061635806845	0.349357759402533
1.40654580147897	0.444287093982495	-0.450558441913297	0.527716243759031
0.133976938184612	-0.246931854993628	-0.900364863178118	0.382244991896857
0.848542131920678	-0.428804350791525	-0.289963307996156	0.377781792667929
0.0186200155735765	0.00802496348365041	0.968915716596657	-0.180850417631383
2.07696270734748	-0.57523585446768	-0.594062414990717	-0.738407757288055
1.0983030210528	0.207348237086875	-0.669182625832394	1.31323842351608
1.22476093921692	-0.219842212840586	-0.459984999514092	0.282632450759981
0.0548520632952445	0.945663298677827	0.238405629061392	0.957372167065412
0.464627149847477	-0.487738506160538	0.6316316546236	-0.350947494745915
-0.314977005839467	0.389395182714155	-0.866330956770773	-0.529644492812996
-0.279811065892068	-0.372362729637813	1.09481675071501	0.866669233229769
0.110599128366653	-0.329106259898564	-0.467002461971083	1.72069747832444
0.558580097995279	-0.0250662158890217	0.508653503484879	0.0104319998995965
0.0926640730948783	0.813462013638353	-0.28750867146471	1.19437326361035
0.0490368193552151	-0.378600057362746	0.479514427375697	-0.269000880778791
-0.306619067238537	0.569877578873978	-0.227417028912039	-0.680403329157657
-0.2120266389925	-0.497268081093496	-0.619180954492233	0.836968699877325
0.254408222965652	0.403504706714138	0.824652082880658	1.12333349779088
0.171606654621261	0.0832956671370739	0.576940282683904	-0.058025197171302
-0.827376042943202	0.703393514485932	-0.695284598124624	0.461068687767672
0.107947638047223	0.126372523693823	1.01660167083193	-0.345205252761726
0.867342542138647	0.633998812253271	-0.753015107689819	-0.897450531850428
-0.140177803308183	0.202508946284627	0.0993405935109562	-0.683482699152425
0.519935843409965	0.253587022225393	0.366209938133616	-0.166978655410405
-0.0788959503012682	0.151895951267618	-0.415956059781458	-1.06687375984435
-1.37455925879831	-0.575584357260446	0.0572676447623066	0.0226842539310509
-0.192812995350772	-1.170956964793	-0.0307340019562789	-0.32408982176084
-0.572905922728284	-0.415687471398176	-1.04030750014784	0.823073255778818
-1.74515561959216	0.0359226431867676	0.47912512485533	-0.691806316510872
-0.874864313451271	-0.314414721039003	0.296211079775896	-0.268670311423026
-0.838960545307742	-0.054338195853334	-0.53153205637233	0.309005689487344
-0.636032581637018	0.524052097230641	-0.113472288785641	0.0514239385323443
-0.546195623822961	0.370750329507502	1.01085664081653	0.488427500823452
1.31899991527221	0.159995420869528	-0.401892726458635	-0.312016077527221
0.150591063423313	-0.740373992988614	-0.903284950683927	1.01785982729883
0.203188174782936	-0.217059777815618	-0.253242447724946	-0.926550702011054
-0.0061209095359408	0.338765754007906	0.222225520459233	-0.519928523400904
-0.858567484950144	-1.85722454102198	1.37665522073215	-1.33640034851764
-0.900514870929205	0.750683419490538	-0.497259110576516	-0.38010890992319
-0.218384775735262	0.368887663493175	-0.278603260190453	-0.482885856588644
-0.415732441005859	-0.854494643586498	0.782813168130296	-0.400675156132368
-0.78172327049949	0.43711197294262	0.476361277056809	-0.149002269773152
-0.126199767633907	0.399226889656933	-1.0012502870658	-0.99822073200366
0.00853959504920731	-1.53226942278951	-0.502082637983808	-0.0681447042195185
0.122397744987858	-0.68848447629473	-0.270302851021582	-0.378894425811498
0.98046964609585	0.479248195458555	-0.318916576091951	-0.917521585765866
0.201828952105818	-0.251575673230676	-0.303994814799855	1.41808921346157
0.429785991355672	0.367102471667471	0.360023013795579	-0.130570722333435
1.37234123542651	0.21477888015357	-0.460135881825871	0.827133882035227
0.142784882288829	0.893069226540509	0.191254772108722	-0.259002368035766
1.11474599753739	-0.609038950674739	0.772308639822401	1.15136093073888
0.295335237338438	1.23728566593166	-0.556108842597212	-0.117056004757416
-0.283142141763094	0.129613523116967	0.270519292829574	-0.222048334412242
0.330635557838714	0.723357106755986	0.021434936345793	0.773814985946946
-1.06038211526964	-0.623738853284498	0.125128315482529	0.113466607892037
-0.491093352338035	0.0780322901415679	-0.463746035256768	0.328514841495462
-0.435546336673515	-0.272200597086979	0.31165168230403	-0.213331254842043
0.114876225310796	-0.451420491684958	0.861699253222611	-0.0495886718920669
1.19425910167568	0.936192042697665	0.627661534146528	1.23882728588772
1.12844064518769	0.247346614447991	-0.160011216306482	-0.523116443844553
0.310878367124936	-0.714391654576127	0.705435155210467	-0.0413782328579918
0.162970625117766	0.330703157383467	0.675849202295886	1.49926967700146
0.600159846685226	-0.6389376166265	0.246442043680312	0.0689679134817862
1.2082951610929	1.03743097670486	0.176230394553746	0.449571918378035
0.920477874568421	0.527789941318549	0.515486496832682	1.03406075805355
0.78688069665084	-0.219025844781888	-0.581018564025936	0.840346617227001
-1.21345740707032	0.576200352609618	-0.345014325091101	-0.308633160684035
-1.3055497713251	-0.562949369771228	-0.651407969807099	0.241169913380458
-0.513457490923269	-0.487412685738048	-0.0658762317806625	-1.04243931819266
0.330053853343094	0.823856133861033	0.280021277567031	-0.479508498242437
-0.25320749690162	-0.401861023337262	-0.736317215653166	-1.13245156879646
0.0978527081876584	-0.538786484573089	0.465458973624763	-0.194673035526883
-0.198151106291056	-0.365435004954062	-1.01064885343147	-0.212840923802902
0.520777807153987	0.206303064572761	-0.589909105123649	-0.227849902259469
0.149525106466495	-0.350852696116475	-0.517812925768927	0.90424814594885
-1.54245435618827	-0.352930518643178	-0.255481240619687	-1.30314200024362
-1.47728450994896	-1.08581319812241	0.139681264463518	-0.807662157708576
0.334934393537505	1.37142687679951	0.12474259099038	-0.354032701247131
-1.40569251798966	0.0372943339670632	0.916928610808256	-0.371453991751682
0.0866482896365788	0.0921532867264522	0.265558487044345	-0.00295087335915907
-0.968051809167286	-0.717147357876946	-1.18685716914624	0.230844186831877
-0.206212471592394	-1.17003567582607	-0.371435643314115	-1.00418661886149
0.471309933528628	-0.224517442007164	-0.00757684743037081	1.3630947994216
0.0237357400762735	-0.461040974929236	0.430587204858152	-0.199987075202219
0.44420056959216	0.677736482454497	-0.499804879839372	0.485440569005394
1.14048019768924	0.14957339579121	0.014784561092195	-0.0904877417797263
0.577478988886769	-0.409719710732038	-0.238981583061291	0.459073280182015
0.689656721018254	0.124717172835614	0.691959486416355	-0.00776594190923591
0.871885764093403	0.882809142658721	0.193846629765902	1.17722324389494
0.536473111516871	0.558378841456729	0.689784444085381	-0.589271491401951
-0.527595855100108	0.500945358540725	-0.382032657368232	-0.456307015196299
-0.657773716093749	0.0948931572487791	-0.50431661858377	0.0364977629443689
0.271216181055033	0.376298016734262	0.328863325209742	-0.405797577324099
-1.23489249864166	0.172202421481617	0.464166751898303	1.47626401450939
-1.85888191475451	0.320444312810045	0.479993849116932	0.101066215285521
-0.220387491869155	0.0936241440055123	-0.255242101221166	-0.614232364492914
-0.186621046665209	0.165027388756961	-0.320541931519742	0.434896606978855
1.49915813087001	0.519918521144066	-0.903512871466919	-0.265107909270626
0.536893172936348	-0.275294928657825	-0.110492603327352	0.802412848516058
-0.0438277894606169	0.340529529000919	0.187065173013325	-0.844200548829052
-1.74419067924811	0.168456426978576	0.681715317431688	-0.298703425550629
-0.699624732585708	-0.475229569176793	0.313911294101082	0.278768864644114
0.801364367847358	0.233829706159898	0.413143435538889	-0.782868359870409
1.01965332330273	0.679034481450601	0.235238338674454	0.253626099141583
1.95092622175073	0.0995391891674858	0.0724961040263748	0.6707898509639
-0.187405591130603	-0.463277291604372	0.113708225550938	-0.607779034772451
-0.988746552389021	-0.781547862981777	0.0206298545148126	0.0793875826991949
0.229010258821942	0.420678396439065	0.171137261457952	-0.844280971331455
-0.0722776284793842	-0.501260568853963	-0.965152262904235	-0.0308727806216875
1.55326282603526	1.34426920468646	0.410156459138709	-1.14678381454447
0.4285254571461	0.73789050199511	-0.152993517498175	0.379940531053274
-0.0492068895898394	-1.24779610026313	0.0189927802597712	0.277135331455426
-0.515397544090865	0.23209701722049	-0.078387048919142	0.479463315051222
-1.14143143279947	-0.757541415731995	-0.136184141261958	-0.0869640581271507
-0.574748583017098	-1.19162549404172	0.365647708742858	-0.0212569839313183
0.00664070504186603	0.521987253763424	0.00255359278061828	-0.0949933870506335
-0.710282387867543	-1.4540054042078	0.50255984507328	0.83532154778607
-0.458354885690197	-0.735318188655474	-0.528225828142239	0.594725339593182
-1.35952172906393	-0.561892091775526	-0.25497839589449	-0.102217979111529
1.44003886814164	0.0479885774507901	0.491801471464573	-0.428466121846323
-0.188566050613456	-0.920198336902453	-0.258086421022656	-0.321936689734453
0.521394320375798	0.818498577752995	0.243977859972253	0.81297039252297
0.257263338930073	-0.520464010611011	-0.593995743572387	1.04897005928874
0.465821370432917	-0.341535841240831	-0.95306868751232	-1.03315348653136
0.747741931173868	-0.890837739645062	-0.0327221955396805	0.0865610204218177
0.577326845656602	0.163163597561799	0.0792752382963835	-0.640119935774958
0.634689189428586	0.155545027016099	0.543808850785118	-0.422658699756382
0.107698460053794	-0.140613759520755	0.260233736863721	0.470317824979426
-0.0993007168087563	0.286474647206252	0.191016937557593	-0.711890547448832
0.530049510562651	0.503171471801201	-0.753969931501222	0.362138457051346
-0.626615479569861	0.740456868361785	0.348068967114126	0.34383391595403
-1.20472656340511	0.252433226423494	0.511513311245023	-1.01876524655396
-1.26182698991205	0.835369693575831	0.0412655829544166	0.304142755240919
0.728062029849432	-0.0606697135288635	0.464475743640474	-1.09344760343357
0.296475681372338	-0.0188543907692754	0.923418130934904	0.3761502048454
-0.125399389894411	0.213150791999958	-0.563965555565378	1.42693540100713
-0.180982109362734	-0.707792968175008	0.4700200122286	-0.909373697182416
0.637238882108205	0.584173228415544	-1.01440706318254	-0.539422096808201
1.05471142163794	1.21599127516044	-0.900198847151321	-0.0296326273920746
1.5525933264854	1.12565583339024	-0.106281544369477	1.37578022453446
0.917316240545706	-0.195401745137344	0.041252133953243	0.838422572085637
-1.03477511481309	-0.466051497330205	-0.390539808223039	-0.202837196644503
-0.554850521927614	1.08042447919313	-0.310851720840232	0.719263983958941
-1.01820470088253	-0.338266557556843	0.540093466308497	-0.374871889337677
-0.627567188492768	0.328947314427993	0.145370763521138	0.564545217842748
-2.084321838137	-1.49513582671682	-0.420051454427842	-0.579307831400939
0.0561774977220246	0.676038188238002	-0.612680159669913	0.0626181621205594
-0.767331671542553	0.49266189003276	0.309571305642343	-0.0261712475598054
-1.40475353858575	-0.698739971802594	-0.487912389068679	-0.639349344717912
-0.465073540497515	0.967277365650615	0.0783638183282859	0.155697652994785
0.0912887937358204	-0.92490403567101	0.18378297488887	-0.633722725364645
0.646099524028361	0.298586113673789	0.567195467233374	-0.294662195253945
0.885311908505744	0.283476964875631	-0.0571063963767219	0.0142672995449243
0.035698915063812	0.662931701538095	0.591898214691923	-0.0128443469670376
0.927820901728495	1.00257414816378	0.415123162074006	0.942712023403573
1.92763106143504	1.02627807823505	0.38787690614663	0.439935661532488
0.234587928098831	0.182372607169186	-0.167073751581569	1.04873009032453
0.282277015574782	-0.51633599642956	-0.40564028145441	0.248235430966818
0.0617931254543095	-0.667621342005226	1.50460627106054	-1.02984840001504
-0.356636565527807	-0.974661584213015	-0.360497571702073	-0.304400757848521
-0.160506489383795	0.0911054294888616	-0.196325932915664	-1.48507228923891
-1.16932040047081	-0.191242410814065	-0.189540351529707	0.503507046406955
-1.11870580281995	-0.189178781785172	0.800655429784074	-0.902444543647961
0.538309831886925	-1.10205464804747	-1.28069570062805	0.245674566636406
-0.00914375647990127	0.423228893418378	0.102707612897014	0.969049670986555
0.142075988640344	-1.5907973187455	-0.164812682497417	-0.625038653889142
0.910224809776488	0.393066242903514	-0.243828288481831	0.367433827894384
