IFG	Ins	Put	VS
0.35122021984782	-0.11404204303653	-0.133754330259685	0.0288727978708254
-0.158707576455558	-0.43558314794446	-0.138657872338746	0.680026855921065
0.406904666943948	0.622879317190147	0.596383834413669	0.958247039689875
0.608796824449863	1.20021731304357	-0.0573128866142399	0.635073536399756
0.532228430223951	0.543857316827239	0.614783917068749	-0.225590408104568
0.896270597493354	0.891288528901327	0.688063332247573	0.40727647397006
-0.401197318369153	-0.772681106845834	-0.630844222860133	-0.921267803082901
0.0799166172468819	-0.782188560799125	-0.234122481626369	-0.850098876813357
-0.373941743234203	-0.351053292076361	-0.192478693870328	-0.332252992080755
0.289762430677898	0.612752788158691	0.283122412344704	-0.0606958122131284
-0.0406281176350781	0.868714792887014	0.299153774366195	-0.46267742085195
-0.835686564459556	-0.156268522986385	-0.147665497313868	0.397010230481335
-0.789176031690943	-1.41940493363479	-0.129766171256604	-0.252233500636963
0.0380689717799567	0.101023338959023	-0.783969522715515	-0.48317764528894
0.314326889651845	-0.217992188121141	0.510966898336122	0.165553488098279
-0.301360398336123	-0.143412374094619	-1.03180264401232	-0.230004034630904
0.61710329049206	-0.311965177226173	0.0390804663183782	-0.19574197526819
0.23704864961319	-0.451307230333799	0.528143279694602	0.198946932088558
-0.477440985367599	0.00488957232906704	0.502712050694513	1.2323234378702
-0.531797359318293	0.246982897145792	-0.275576213486729	0.254221339693075
-0.0575751652325291	-0.463544977046201	0.135093564028141	-0.253476262654222
-0.31589953482674	0.439570022344299	0.242538088303823	-0.752665778362977
-0.0530380433155485	0.60333751371613	0.0994990785621225	-0.340922926952989
-0.1699030539385	0.763800920276099	0.0343526035143859	0.657067462763054
0.246850567246693	-0.0243495982352264	0.283222784814833	-0.670278516922324
-0.912670190577661	-0.375742610056843	-0.212314983441669	-0.671969269968609
-0.238084171768427	-0.619552566527575	0.315850912480887	0.937894271341216
0.114594546003291	-0.63740278152809	-0.626324406626048	0.566228621781727
-0.581178098570276	0.454393621273352	-0.284012856260862	-0.233088134437106
0.583093652319772	-0.373800400533796	-0.205608258736186	-0.622318837479972
-0.350346708227324	-0.0670850230075157	0.370819321327343	0.0839344218213805
-0.350252012967488	-0.385499038658081	-1.2011067054284	0.0966941744129838
-0.532875212961478	0.029870643174738	0.425781446503593	-0.347225182893221
0.0427953049803776	-0.652442872811767	-0.857786485691932	-0.0553901564673583
0.761475878810981	-0.445545904747699	-0.151441440258478	-0.855037721879584
0.0038979209168542	0.645190354379785	-0.503354376408457	-0.0834310987890098
-0.11783000331696	0.305027865426154	-0.214018157623038	0.214414313277814
0.0724056475080656	-0.326465539928434	1.01497541361351	-0.861421891615004
0.0727021418584742	-0.322667552049182	-0.188600726561679	1.34380758498007
0.880034448184148	0.598127180310549	0.0942929374494902	0.347333062607139
-0.00272539409149843	-0.600736380786704	-0.0983842451299872	0.316397135926369
0.0625599970423604	0.136306865980121	-0.793520247698855	-1.08605652196153
-0.0105109317715002	0.564160993719829	-0.120064602796182	0.337787904280347
-0.288209738746842	0.115849324765877	0.0953702655891214	-0.255225886024129
-0.079593396952825	-0.83320122820124	1.3283902855777	0.546038982997905
-0.550332154888206	0.113055332188994	-1.02268581812742	0.288197352212103
0.26851137917358	-0.37317345125315	0.360375547495214	-0.066614089147824
0.911448359191063	1.54064033213257	1.40227071993353	0.398430260463891
0.570859855398323	0.69489515512999	1.06379264313394	0.938225519969918
0.101131669554103	-0.0118952874350221	-0.174000512534719	0.220427555946102
0.478814493124304	-0.214564488238364	-0.426772474538016	0.639482487186283
0.0567067148755012	0.373636935750775	0.215758336738599	1.01964411265973
0.00795461659609874	-0.0209153558799504	-0.323206104860451	-0.0137033584005645
-0.109265416618557	0.010172418944646	-0.133691297594362	-0.706490267666816
0.478872423417338	1.10367171679792	0.277379793807726	0.458618445178534
-0.0386569492837072	-0.451139528290822	0.101318263480433	-0.118636766064462
0.41962738442139	0.580046698989412	-0.25313062619623	-0.399486339581204
-0.564583552278081	-0.48968588011833	0.0533246386571199	-0.0452141015599666
-0.264104525734143	0.174431324041163	1.0212405655051	-0.68142755970556
-0.569632742579323	-0.413584956230547	-0.183121038450411	0.0531674108059091
0.0772401403706017	-0.641129151478285	-0.467000546338987	0.356745311567344
0.264703645012615	0.198788481701234	0.433991360152284	-0.688110445982201
0.234295011081373	0.142318424741302	-0.132177412045004	-0.0202248758955307
-0.240508806992663	0.451254610469946	0.413935201775235	-0.115114660088497
-0.331272567331543	-1.3058134681003	-1.10920773933496	-0.515777489289518
0.177674869797458	0.177288261110964	0.0310813386404954	-0.688622773854611
-0.239583814540776	-0.518736755553376	-0.0422868764749012	0.615608512037491
0.14421971668846	0.382166895234113	0.694540447653148	-0.962980252473208
0.036004983076129	0.17905457665738	-0.400966341538593	0.0948123910990236
-0.254333664079151	0.0220112158298207	0.0514817349715582	0.0372004894095856
-0.0827024682929251	0.195194237654049	-0.057798111662633	-0.429228226393758
0.33985874290202	0.889384018889838	0.0268840925514865	0.356199071542174
-0.392672284247923	0.0231896779522553	0.283234041189158	-0.132259929916843
0.390226278703195	-0.0729340499370763	-0.0339951870293088	0.0126223836368834
-0.397511684539509	-0.803453278776186	-0.344947770637764	-0.0572232270433207
-0.0789967670491767	-0.186182082587013	-0.183307305622921	0.302690527547383
-0.675831894729607	-0.624690912263901	-0.614039835473478	-0.127571391750812
-0.426227563964966	-0.533978030601859	-0.550867993197221	0.412119680029953
0.179211624957536	0.170996526996773	-0.0237869315533801	-0.606195206752717
0.0761330548102426	-1.03117294104074	-0.408950283724706	-0.0559378874404975
0.0786547809131074	1.04958635423804	0.592983493496163	0.000436377195423133
-0.874360060237881	-0.4424112050304	-0.397156369506452	0.0984796101588868
-0.0300345984620494	-0.125514467005091	-0.289660251845264	-0.175065493668196
-0.362930946855027	-0.154394429271564	-0.764494298894001	-0.928725166099053
-0.745105682731031	0.505922904208902	-0.437755945634619	-0.311288861654935
0.0540796070145786	-0.0284590885604465	-0.114769825527761	-0.370906911427651
0.87781998500405	0.544397567887661	0.669314693038671	0.463770184264502
-0.193196353814207	0.10353304743768	0.50188120676112	0.744121458010146
0.0125663455334713	-0.916715609604172	-0.661452159269979	-0.985000936380936
0.729858650381851	0.733538702995767	0.393745119185629	0.914290158073001
0.939704280241755	0.4661649243059	0.320989273701763	-0.00766071815538495
0.0716643252805692	0.692035542530188	0.563263644621117	1.29561079139835
0.375684800215376	0.350251085767717	0.947919571625967	0.813938417857639
0.723004312210559	0.0670714165257851	-0.390841728211366	0.240831168675501
-0.102681862121274	-0.794512965400675	0.00648434406551763	-0.164362899999086
0.084649447154481	0.217601082169597	0.553182008724256	0.257392966038288
0.0910889587651136	-0.104507246711002	0.307854076892224	-0.615633037573741
0.106360434839007	-0.178786793036209	-0.359723597840716	0.00203195552570093
-1.10567706327496	0.257108579250141	0.638581481113344	0.601424565343247
0.00673466277147408	-0.221307937888769	0.788654422336964	0.198317591307793
-0.464369472190006	-0.0894731683416406	-0.370124668618772	0.129809595982485
-0.0901229217911445	-0.172616142100478	-0.329830476832892	0.0188575481773766
0.450453052013628	-0.294225700732194	0.376300399549848	-0.592497461000207
-0.54286641194319	-0.280996005666469	-1.28172658088535	0.0298652759463295
0.398977387519163	-0.00149692060179863	0.807783995338577	-0.280070594160256
-0.42612993601733	0.181168776493435	-0.494283663099183	0.145064770019764
0.673400779250325	0.195728140595197	0.340867427792421	1.02804058197659
0.747264942035327	-0.659202363521377	0.417914809665404	0.734468282369631
0.408004446466255	1.24700060158231	0.178406122008208	-0.148463868156139
0.237529956901205	-0.311553959598488	0.0704287534063591	-0.00231809708860367
0.00797589534026987	-0.275699376481812	-0.898179753423325	-0.541169000379631
-0.644898069373097	-0.683352289131796	0.205586841878689	-0.435629102303315
-0.266085739297511	0.690616729852179	-0.466105431828827	-0.315600970538075
-0.0160668734728091	0.0448421499556086	-0.633125150153069	-0.571138017776771
0.497382802940044	0.213458084867397	-0.167629210168868	0.0415347793677499
0.145667375333793	-0.338046162333572	-1.61888344824341	-0.45698511203799
-0.218096094665392	0.27414662822322	1.08703035709175	-1.10318973660135
-0.0413033992349427	0.431803885272133	0.109575962265826	0.312470583381248
-0.154468211417503	-0.0425467112941647	0.30229555521855	-0.174885035578035
-0.0224143213668294	-0.0728465617852799	0.190496746637953	1.02544238909249
-0.0424320970986344	0.0715210658283104	0.260041371239351	0.101858745409619
0.258300110966311	0.197876571106397	-0.507823538983398	-0.146593440471521
-0.00666059611127122	0.276839527966199	0.951600409144666	0.277811902847732
-0.00154707215360337	0.637585822257385	-0.339486457064589	0.857023272017897
-0.277985642642673	0.329283446443606	0.0233929592528427	-0.0660268421889218
-0.799116488608658	-0.190228076975033	0.456597238037204	-0.121307939591069
-1.11211975715956	-0.564147864005379	-0.705724080485119	-0.0302355725664232
0.0339424900416816	-0.217025302658442	0.808659714520135	-0.0760953812585575
-0.30438088883317	0.325048742000979	0.301962110225777	-0.0663652963454341
0.145939797016617	-0.803651351537656	-0.471460557463762	0.0176884206770962
-0.209893559066411	-0.180972326114293	-0.816814205572148	-0.571772567720842
-0.0364419045939768	0.398681082141054	0.245339314523978	-0.00339270967028639
0.30733912444382	-1.01012357993688	-0.662146227980377	-0.507193282456818
0.596848940302806	-0.215352621137287	0.375957762325334	0.345701207631669
-0.0866168962853235	-0.28097003922634	-0.345467166864933	0.0792381402519903
-0.304693456775994	0.720375765412799	-0.363909254235755	-0.676538858494089
-0.620373434146581	-0.97665990943	0.0940102617560121	-0.704791957331779
0.153848939540558	-0.739255680116706	-0.0673064295914194	-1.12959616108536
0.219884320142132	0.029396234000392	-0.132505683821797	-0.23811079764447
0.506288756439408	0.298203825699328	0.256957294529061	-0.30447425375621
0.181240740387404	0.74227106800169	0.727543789334958	0.137456470546196
0.414257677677959	-1.32892062827923	0.663613657272157	0.419853931289486
0.0998842724998019	0.467192055121691	0.331804173526641	0.166247882793102
-0.148899393968151	-0.104952196499359	0.555284731804663	-0.266512436799638
-0.119526547433589	0.509431607716371	-0.0931702312809941	0.650042612130968
0.179605240445914	0.836601295116026	-0.413002575035068	0.170603862001249
0.995352673835212	0.686417243780251	1.16913565262541	1.6861994040224
0.600950464825469	1.52605820870619	0.395520627280542	0.26313932094544
-0.323769824151466	0.595205704786847	-1.21201273254428	0.693173015533436
-0.403964509321671	-0.519904298081604	0.158304090340778	0.442704623785267
-0.323518366582661	-0.505948213918839	-0.823053500279096	-0.447410390211742
0.311745571213892	-0.360823897130706	-0.847330502058625	-0.0858683038435559
0.527766027085251	0.222223787636884	0.393204107384473	-0.289454628582486
-0.867711598463767	0.263060150464746	0.939351348032182	0.149441569547843
0.203134348154693	-0.301775670890576	-0.77915896197132	0.0372716809751448
-0.01326785401341	-0.351263425687649	-0.154122092931318	-0.341150237608269
-0.6017070232541	-0.814099546308704	-1.0137891016795	-0.490679011819968
0.277080433157156	-0.605375189810518	-0.650101063665368	0.223930437647223
-0.0523819977968455	0.135922058694698	0.377382915689399	-0.368262330473833
0.0539032468638573	-0.328819925427317	0.0985687123652006	0.544076342164831
-0.0917905212865436	0.17359836110998	0.329544344813645	-0.0569338874956326
0.473489909023572	0.268028722340481	0.132691474071359	-0.25574682224995
-0.204618329551445	-0.262538631098303	0.725377957305933	0.557753366076195
-0.43438743896062	-0.740374977007611	0.0610408218641228	0.137277041122351
0.199956809963265	1.16218855139512	0.214163334746202	0.232559203017121
-0.529189134904766	-0.199235154321082	-0.989802932189814	-0.398799420941831
0.194836002719817	0.0272295683939761	-0.000283043050603264	-0.151227726963053
-0.546797913905363	-0.259743152890283	0.28931931401445	0.22731011199603
-0.256453544992754	0.297432306279533	-0.675973516942626	0.345702389460729
-0.380972375648572	-0.0647683328525078	-0.274716783299721	-0.554446827514569
0.271749310815867	0.045322618688625	-0.397866721702037	-0.324916386473042
0.122786445879823	0.28730937502261	1.22482301812286	0.662958984161415
-0.855188951023138	0.444415244466173	-0.419738900152261	-0.569013403878329
0.413884487491351	0.258241225752896	-0.488534287342831	0.200120613070577
0.220889908415096	-0.7070510224926	0.34296382030802	0.102305919580314
0.41422930471975	-0.165307459659326	0.282043341412304	0.363359296524463
1.18235978251738	-0.502071964359246	1.02960385228053	0.239928355764072
0.312366373192549	0.166798763032626	0.554649152330237	0.127887223645117
-0.0351000430495407	0.322116129620438	-0.0648228923472066	-0.281050392124924
0.669773267866398	0.499063090323428	1.01190879287415	0.899109154731864
-0.319523920447572	0.0685202954264388	0.72197740097814	0.0294157715895015
0.20433134721564	0.401055225811393	-0.762827303797459	0.0977449796489115
0.121678190609465	0.165412632216911	0.72637035131472	-1.18775708479178
0.176123960778406	0.406781461669878	-0.436195843477744	0.835366942754496
-0.173082444440859	-0.192514320754538	0.0714554929932081	-0.464411750063417
0.139819475812641	0.371998417280863	-0.350906372598494	1.13706979370927
0.017761157822098	0.354614930144433	0.299392507386962	-0.543997171721493
-0.00855905836211066	-0.232691166310249	-0.35983510913566	-0.360970318364866
-0.118440014015818	0.161699218773108	0.349020505444173	-0.574879875038942
0.546289396565238	0.3686591102383	-0.212952831072645	-0.666404485127062
-1.0242637494647	-0.776690860111117	-0.922093339982709	-0.607791177096503
0.221410239360761	-1.56302579161418	0.383509018384172	-0.522831488878534
-0.71381403449536	-0.236857130487378	-0.799063044727997	-0.814867959296387
-0.716608207235897	-0.187142246314498	-0.238673421657598	-1.2784801720007
-0.689220844305248	-0.231540861924913	-0.421758387687484	0.396755236393713
-0.647247018487963	-1.19674667612122	-0.754340293262258	-0.212598357656531
-0.734056965630091	-0.150123572146824	-0.954528949468196	-0.652089792387959
-0.00303253489206649	-0.223117814132873	-1.07148695199928	0.308327719058427
0.150248774226167	0.228557667077864	0.678545543434977	0.992968680337115
0.340540655137261	0.966174142693861	0.0957617603676586	0.0198686695320288
0.0342072064140843	0.536233953347937	-0.319472948516759	0.263865317118002
-0.249474132882893	-0.201319114278323	-0.0321439808313816	0.511095641648332
-0.217365994216576	-0.0626124595614999	0.914430411711917	0.412181819383093
0.369828637246047	0.488071960174257	-0.500024567887626	0.589692996247805
1.12057335401399	0.530505241504067	0.138518142643173	0.295787443750433
0.0754536253051872	0.685791613975415	1.48654883718454	-0.0106620574395598
0.13762731905107	-0.798635476154807	-0.061638481253982	0.777775280992213
0.475754737221414	0.169735029833566	-0.19629378011537	-0.759163838747349
0.509013315856983	0.505763540694018	0.711463879131427	0.505050443109982
0.00234079288711345	0.0599786612530938	0.133916456343249	-0.325412862060963
-0.460502128206752	0.693037794462849	0.460560089715972	0.345394926145992
-0.795625155615647	-0.328245217647601	-1.25156075978865	-0.179318070378993
0.0201596859384075	-1.25550730387301	0.31834974479936	0.0341736836798887
-0.140720981041251	-0.268172378640597	-0.532594196969408	0.172003019963889
0.897707905031737	0.484680579385364	0.933641916478341	-0.336219212072326
0.062956408696073	0.0446690726099184	0.0999078559449555	-0.00462196933070981
0.376402142172261	0.231759005472778	0.386517614186075	0.944500631912732
0.0959711407778227	-0.353189865098348	-0.906148676397544	-0.483224891498791
0.607870707271596	0.647837406359815	1.2194334190268	0.43334253790117
0.303880485160683	0.273870636194193	-0.126127870228226	0.565068123642424
-0.125717475541398	0.826679810600284	1.30579183385035	-0.542857994288901
0.463810008268976	-0.344458020056065	-1.06432241452705	0.578232776806857
-0.0918566942276218	0.375064529106536	0.860022076633977	-0.694116433107519
-0.435534403679923	-0.524717926541331	0.050044002344957	-0.0598639013055458
0.254477777659661	0.344628122080915	-0.100330617089214	0.239247145542697
0.218597934939368	0.258328924295552	0.332863523614163	-0.358342388257702
-0.70917105069101	-0.384551329576499	0.221503900933547	-0.0126601336276105
-0.223073451408516	-0.439875733144616	-0.92391678055535	0.234468469450215
-0.561005835712721	-0.0139325915801595	-0.191063166416166	0.284301868360775
0.291776905044328	0.12751453215946	-0.170950644324153	-0.210396323996323
0.212852366440071	-0.590711680197721	0.397256553846195	0.361325160813297
0.405914040113911	0.67144448118738	-0.600704822789921	-0.957984015239091
0.0894182845245156	0.676605435608899	0.385536976395598	0.0143200672308369
-0.395494143016168	-0.951356170478299	0.122528789764482	-0.225402074942974
-0.682460890313164	-0.492524806063198	-0.953751082317198	0.799059531566352
-0.250992566961007	0.379773387506605	0.535616367000773	0.155495318745463
0.0210611339767073	0.31616847319143	0.224156230450451	0.173090378854777
-0.272887795257039	-0.285433682643878	0.730963958545894	-0.0271989916903537
-0.152664499152461	0.721025577304133	-0.200454581918361	-0.401999142921322
0.0918055925531748	-0.147742016180156	-0.674180030722162	0.344579714710748
0.0962816651504404	0.315481051738111	-0.531467802338955	-0.270855816555955
-0.0292786188380662	-0.879696125589768	-0.0233862751543234	-0.197911230779613
-0.253565662778821	0.130012850935732	0.259017986005834	-0.428761858013446
-0.0756434509118902	-1.49061389395776	-0.500947745123843	-0.239483715996395
0.738789360804649	0.626908000936712	-0.485539083837611	-0.876459498164192
-0.0466102947267878	0.206620283152176	-0.312766435910417	-0.211494422427113
-0.596059963389636	-0.949184456222349	-1.48510122064036	-0.0796894558445847
-0.379186078115757	-0.321237427232476	0.327236364723758	-0.0427745620937265
0.273062507853996	-0.573235239675954	-0.846590495716113	0.20137890465783
0.335698466837738	-0.416340999562672	0.994122639782355	-0.370457217654363
0.45578811639835	0.385934636171621	0.534387484154311	0.169896121730027
0.345791030172825	-0.136888163120223	-1.15549766907973	-0.967719339473026
-0.920268495410267	-0.659084284083776	0.751977307726313	-0.215909412856465
-0.56504451858345	0.424577857162169	-0.927331899301563	0.144939620708812
-0.235689724438883	0.0889148616289137	0.180836927398313	0.430324330445315
-0.438723611479121	-0.303935396448271	-0.423274700178317	0.268849338119835
0.131653556970258	0.0880747821747443	0.556726317519525	-0.152702808529804
0.969095145088649	0.460017488413982	0.333107605830414	0.64522959595868
0.424836529672688	0.694234305430017	1.35728331574835	0.0925345628344753
0.612288838156423	1.12564316256085	-0.249881303650861	0.817777310846718
-0.149376013199849	-0.75906269877029	0.757394345812181	-0.299582618351806
-0.497559806145647	0.0896282154649865	-1.05235900314326	0.314523246082182
0.343542026034531	0.389036679597925	1.39839887914075	0.285997532970513
0.343537302374474	-0.610961654904591	1.00942110100001	1.08533936872056
-0.513625045246885	0.447052481614831	-0.812290537292723	0.633780110621988
0.13791272694478	0.128204375533959	-0.530077743055653	0.11394121496486
0.366486318331258	0.99562751218663	-0.0406558143145795	-0.162367776483251
-0.791651057461821	-0.6139357808525	-0.495722476285236	-1.00300851171554
-0.258306872320321	-0.587850181765864	0.801703262499846	-0.100808333226174
-0.23275478971755	0.504199999802526	-0.164676988690492	-0.194764064520825
0.189924121690342	-0.932553709904206	-0.219895414188424	-0.859445596352534
-0.597011425418194	0.805790018507229	-0.273328820927508	-0.536578169011951
0.711595792715321	-0.284459162355628	0.641467561162282	0.0696268957601546
0.0486268173451404	0.198344407660969	-0.52361514827625	0.624183441729745
0.390006365220767	0.343100189006202	0.292575628663074	-0.656202157695188
0.168090910405901	-0.300980678472542	0.319515211369504	0.441600366161458
-0.425110433649109	-0.090626498742257	-0.722875977223296	-0.600197326354002
1.4609641958163	-0.185536539888256	0.587500782386435	1.18769408539525
0.467722267668533	1.0039706134495	1.14914496177986	0.415178031746479
0.304736673248697	0.506149108065735	0.161620419346058	0.619618898059185
-0.436097033331843	0.281840353618523	0.466495721119778	0.0502968377494017
-0.241911315528911	0.104887154981639	-0.200902331346487	-0.41986555158237
-0.11723623783393	0.390688027726667	-0.403840448820743	0.852375423024974
-0.276059456024429	-0.489895635895597	-0.420186602842243	-0.236381657996836
-0.413128639019722	-0.277531131720708	-0.809318026400531	-0.382213468544595
0.688191527892045	-0.505871495457419	-0.148635954725972	0.398845999065159
0.238126415977611	0.029256057958507	0.334867828593123	0.351779250763242
-0.494144211764921	-0.243002573009352	-0.741548752796073	-0.846158036464118
-0.452753378032142	-0.563621677382086	0.0132469668313143	-1.50123756606282
-0.668204698161575	-0.863585632078509	0.636074086957615	0.0200307745035236
0.142468016484275	0.975188635362771	-1.16476970654363	0.0293362850339918
-0.784025498438001	-0.00875477601924846	0.350615379777808	0.0444234083876972
0.601965074288705	0.195607692318883	0.725608001028028	-0.812017274779291
-0.201486930157078	0.727085396377348	0.174787513716381	0.474772369332461
-0.0047305117049886	-0.523220405916428	-0.0760589258623419	0.454379840494798
0.11008384855872	0.463609179960765	-0.150740842203241	-0.607709041921664
0.0574082639715532	-0.352243753539048	0.00381708887840789	0.0329378286380609
-0.0846184935441384	0.0936155164416159	-1.06578345772959	0.00281457735984613
-0.300493651490308	-0.292129669398571	-0.0302342887699971	0.00789930287365531
0.195945157898775	-0.77292915538297	0.983069873846451	-0.00073199466557214
-0.626372423095345	-0.246281137251004	-1.81291059793972	0.267527026919785
-0.0209755422404994	0.0299304638672354	0.851289414518207	0.34108700359554
-0.229429404319873	-0.713114918082053	-0.0789140161520334	0.147144968070472
0.956349106889317	0.0555489333579497	0.15285164512748	-0.144278196743385
0.411308271296559	1.36095072892612	0.91161198727038	-0.135404772822524
-0.0551131107511195	0.378796456776314	0.138608428746984	0.262333065391374
-0.181402042146716	0.115739480033057	-0.335143978773587	-0.259372147841375
-0.0378255973466175	-0.934968133990543	0.433608679815932	0.324821586759448
0.0460538210299463	0.881165036139114	-0.192545490103102	-0.463427926639178
0.0587534304942076	-0.725252252608557	0.715995953733066	0.393879167752715
0.629532580832855	-0.0296541046228183	-1.30593617546494	-0.0776611620561225
0.663734310543876	0.0252674627822137	0.393821519944283	-0.194791732207747
-0.343193116397467	0.411204699072671	-0.00764513893896201	0.0882649392437479
0.152790652436133	0.352713423153692	-0.641790551904678	0.0697965683926006
-0.145602507152385	-0.875299436470855	0.432267071958261	0.642865997250397
0.389556124089447	1.11986506679184	0.832446846037646	0.0564163310829465
0.111021599388965	-1.04358313055803	0.41805444495473	0.529705940442617
-0.361077926169014	0.100328689470605	0.81293453531352	-0.946610997363307
-0.231279491408398	-0.0669874995098432	-0.352890819433277	0.283498764283733
-0.337110144909752	-0.397448062102908	-0.950720011826886	0.249653905732637
-0.0216296395781736	0.580632227562454	0.0467145012691589	-0.395520997684499
0.428900600687815	0.553334163190658	-0.231554742187707	-0.27793059021355
-0.42498093076286	-1.11246627585088	-0.863160853811631	1.10094867734715
-0.265613967025259	1.08667406331857	0.529265743924315	-0.401171268213874
0.234121294405959	-0.298751870388864	0.0691891561648476	0.0792528191770539
-1.08655850954548	-1.08111346400148	-0.347332297953708	-0.377865300599457
-0.284863050053203	-0.755977537651378	-0.383760284809192	0.176859460132334
0.47597138074271	0.431506582365306	-0.460624931485924	0.324602930200192
0.337977279764089	0.274948908712726	0.212929161499794	-0.204697567848496
-0.258926982907767	0.157018871282248	-0.767997330118304	0.00904988978004267
0.0808449606601386	-0.72981175484248	0.120258715306741	0.0467484772962119
0.126851368230407	-0.512348312719737	0.369089841079437	-0.210888841823997
0.0156485957772585	0.142332462537491	-0.429709491781957	0.0964628220513093
0.0650520908014908	0.352769274811215	0.268803914324888	-0.651517069611739
-0.72949792174374	-0.0265948710210794	-0.612160437933778	-0.747787261330934
-0.111449417406811	1.11654151802158	-0.0519594298198083	0.0461165115668714
0.127382753160753	0.219711748868777	0.738663315419301	-0.36497636054503
-0.572364640312029	-0.00744252894991324	0.462510712723714	0.468792084967751
-0.284668748269348	0.107827097572177	-1.29006955624668	-1.38581059093149
0.22402049906308	0.00789027803906759	0.594016008526061	-0.419250983169048
0.248944981975976	-0.122418638177851	0.419612948646041	0.718932330570213
0.738998137918882	0.651584090848578	0.858706155657219	0.310360386542337
0.670550880499549	0.339373460038597	0.423317751161247	0.5699137005137
0.536535605873644	0.79852948553039	-0.115146908075774	0.0363013511187942
0.402846272605587	-0.0403751085572798	1.29567289893609	-0.0312990470916497
0.00621898896828985	-0.577283059007664	-0.265161379951514	0.271474631816354
0.000292943033770574	0.691700189945509	0.0703085541844344	0.101769701484983
-0.275167296117733	-0.699233947055934	-0.463066949055816	0.547952005468756
-0.261518041267811	0.248713006928059	0.259175461596111	0.463124705104718
-0.131198053062954	0.144918541496748	0.424381533685359	0.644427134572146
0.0114569172659854	-0.365535751645335	-0.570360645911579	-1.00940188202616
0.612681456033973	-0.407706810300389	-0.189207730028523	0.299657423034282
-0.62881462614885	0.0753232632800129	0.286854771029934	-0.181690981662981
-0.805646750659992	-0.20928861951479	-0.727396319791096	0.258806868285035
0.511498910275655	-0.757223120725764	0.270557497962854	-0.801075313785593
-0.0173910964995639	-0.366272464003655	0.116237194065112	0.378337433114651
0.310995005359227	0.396591492051471	-0.296952415328528	0.757196570327371
0.386178433852073	0.223290590213295	1.15300736509862	-0.306258360400434
-0.377711416515434	-0.0435426699818697	-0.0296757288931774	0.00274414383642912
-0.351311675468671	0.668117357929516	-0.225159456489587	0.346807004177989
1.3153685282861	0.591894395878663	-0.442540632188232	0.191812728609919
0.342295114892998	-0.40402234830793	0.541824627974528	0.342660181195732
0.0635324281229311	-0.0167824782096023	-0.905007004403977	0.000972237819679532
-0.132622340994302	0.376857684227522	-0.152491519130598	-1.01602004370498
-0.122626593017765	0.140729986921341	0.500132438178907	-0.125766850408811
-0.627191203841419	-0.102386278742376	-0.555334447733722	0.584163986619349
0.298925026990521	0.406490284590312	0.314323710235502	0.542858603551558
-0.920811043357632	-0.498037311921608	0.44575699857699	-0.828565819586095
0.423866525413244	0.314081602684708	0.569903898392426	0.0291264146838926
-0.629371323209122	0.0760470432997681	-1.42963653794778	0.23985469042855
-0.162764353860257	-0.964132841659317	-0.968246815983368	-0.684923215660008
-0.331842512825937	-0.933924010204408	0.417731232374457	0.437665128935416
0.222040002248912	0.146877343006416	-0.511218956056675	0.341598615269813
-0.0175413349909075	-0.328758012872731	0.589970297732535	-0.730762746433369
-0.127592053179068	0.119799900954615	0.481727484294101	-0.364585052701364
-0.76511657062558	-0.550920501273203	-0.315570061285058	0.241584090597846
0.0174213318510913	0.229091490857928	0.641233765812654	-0.837908190608989
0.376397095138054	-0.266740787545714	-0.550374619578654	0.0834447851060798
0.59315460652308	-0.331564265746935	0.126048530251795	-0.251143630031537
-0.270291052551121	0.493829363004078	-0.198533050056104	0.00388032315385736
-0.0756670101163897	0.488420938564789	-0.167137940583456	-0.493817276076922
-0.721089743457474	-0.539227452624821	-0.85338938888887	0.24654402162085
-0.452784929827002	-0.460517123933161	-0.578774050616366	0.124094832890994
0.0297461052255238	-0.462898974058222	-0.140105916384017	0.299944217729479
0.208178285240042	0.71546288974135	-0.248462142571914	0.335158336354959
0.51724278444179	0.198331459499846	0.877012288616828	0.27284605004818
0.302504693708602	0.277637282786186	0.516699815380929	0.479838596409904
0.458080945797535	-0.186384139125721	-0.851932846112289	0.0143433881240951
0.251043174763597	0.0987702535444902	-0.0967917841069001	-0.421750675124945
-0.0836935319063167	-1.33679557909415	-0.352209347414174	-0.644998229901455
0.0584373956839653	0.79139326480636	0.416238447437025	0.464485359979643
-0.375936977845678	-0.14752219420011	-0.0486098223517988	-0.0236756700535137
0.289330273194684	0.73347673727102	0.625288655917399	-0.428299365111841
0.174699188736479	0.213912166011182	-0.254034491454174	-0.0483657131418545
0.125618317283165	0.446626970549722	0.907209681776	-0.361967022583643
-0.466763502756408	-0.199522198856473	-0.545607559511791	-0.273470747560585
-0.00710248728358317	-0.704085885964052	-0.925678260986382	-0.360946692906458
-0.238485017869061	0.509156330440004	0.468972704198772	0.227142497661701
-0.110867271116052	-0.191572265246743	0.922550136383199	-0.206360425021084
0.281097567768048	0.0815734472725617	0.596941074114481	0.902208604076175
0.439497047454604	0.551752365970091	0.16470475359254	-0.066066000565641
0.402765534746635	0.638261591700807	-0.160432808716264	-0.0889702586587284
-0.348465373634685	-0.424967513769425	-0.0820811851926247	0.231708517189499
0.162792394350973	0.955723132163793	0.376546635313747	-0.102239248004953
0.199799600201657	0.555950501519547	0.076631096140349	0.396731350883247
0.378084336629798	0.181873138516409	-0.390677751029815	0.860568467387273
-0.202682544890111	0.49817822429385	0.447832046947468	0.19360441066196
0.407429334971383	-0.0568168118986382	0.41855694886373	0.620876139206166
0.304919518048525	0.108162870268339	0.0427086856897568	0.347644873178074
-0.339967889009543	-0.380973802648596	0.896050792254854	-0.27464257914605
-0.96304253924425	-1.37910775569285	-0.707879983488959	-0.126354751832421
-0.548724294899785	-0.186943148039495	0.118189298694002	0.0633420147403703
0.106079853081281	-0.0862190848245899	-0.403316046869104	-0.0875198803263311
0.609409373634668	-0.446949208862121	0.973052381460707	0.279631216935602
0.337974172357484	0.275199074153175	-0.425548107629319	-0.149741617638996
-0.342102635112987	0.626024289281309	0.916911675250697	0.804929794539865
-0.187862777294556	-0.174900242408878	-0.612871069961599	0.115179446219215
0.321612872300507	-0.0375951520934889	-0.81157009864156	-0.851006215006726
-0.0771969350253741	-0.227258502821496	0.128363263890714	-0.155979580492869
0.316336615588484	-0.144535464154729	0.140887387668381	-0.290229816947336
-0.323121532409738	0.366038018061616	-0.263132482883233	-0.433270962636556
-0.459024068776123	-0.0726981395267372	-0.446200213968669	-0.896747721544965
0.512560741653624	-0.166706476093825	0.554571623187938	0.367865183233582
-0.0597467630675066	0.378626142368527	0.0161097550585884	0.336983196569756
0.190308744459781	0.329177763370404	-0.613573431633728	0.526239903476611
-0.249781507598401	-0.372021072065571	0.0774436443136459	-0.505193634449808
-0.0897480401925257	-0.718192131785187	-0.447050867760828	-0.217474275374086
0.0161712568667502	-0.0478230123464831	-0.377590484636659	-0.177117140490933
-0.191290110411236	0.0953051186460579	-0.791156599263597	-0.105502715867768
-0.0216649169866316	-0.0199345014617749	0.955547028189271	0.161716185056845
0.396898673537973	0.375162252707509	0.658645556395683	0.108735659807033
0.322845750233441	-0.296807889322417	-1.32126538301903	-0.66795178800274
0.758764950698433	0.294276243826461	-0.345656577610905	1.09213662700019
0.384788833351376	0.186446707662725	0.995864035826689	0.669718218371162
0.451392099880154	0.775344076298219	-0.103217945912499	0.696181841773018
0.899230276765865	0.662040383335783	1.16851128877942	0.770084351132025
-0.246002338465565	-0.485399797710664	-0.156522616020803	0.381532963062036
-0.235626106587614	0.503781446310791	0.263491148662671	-0.668966329910002
0.187890801557689	-0.144141439674479	0.368162995879453	0.601862863907806
-0.755561849468574	0.31339022956592	-0.278231029907891	-0.935374097250914
-0.236743042203602	0.124768805193791	-1.10496519270986	0.265073481219104
0.0984875997942478	-0.568409161809399	0.407027649029731	0.451397875720806
0.107807285043707	0.290044553198942	0.0812221245504482	0.738899645365012
0.173397529008826	-0.201626698858253	0.335030285292281	-0.353961064805304
-0.474707530799783	-0.436368747662076	-0.205475401129498	-0.147545340038672
-0.41448063596802	0.521099718761061	0.717536760765609	-1.42499429912049
-0.798145851573056	-0.351439367254629	-0.307490912457742	-0.104841869064391
0.00668213445944308	-0.381410433481416	-0.0835880266308999	-0.556360085639455
0.493975507500038	-0.393086934477717	-0.0724262246153469	0.0517210487726593
-0.350931992278915	0.0661595581707332	0.28629774003213	-0.854164840985389
-0.0864855978194625	-0.344878000729406	-0.689764519737446	-0.676816678165599
0.0395630069898766	-0.41735670948629	-0.53240388725924	-0.29035184422747
-0.410282320426296	0.879980975276964	-0.310102930468109	-0.0515482448320203
-0.0663246837414824	0.245648550862228	0.532776428621555	1.03503896838941
0.13365414358291	0.333974930378696	-0.776403676930422	-1.2922525613388
-0.927977806147565	-1.17433828437675	-0.503936775649063	0.75914758645884
-0.301544518913187	-0.323060845811337	-0.800822798459402	-1.22553196470459
-0.0852165992817069	-1.03969566597908	0.600926143743458	0.398278358124274
0.437335087394973	-0.169996915792005	0.319748090925661	-0.449237580182983
-0.111478685387991	-0.194988631832207	-0.604823784897058	0.860854575159777
-0.317103286632631	-0.315395737887881	0.763645401968484	-0.520554790933127
0.0482854377956281	0.973928023966661	-0.138623825134336	0.629661072322222
0.25281875044816	-0.0341480062551068	0.253155769860215	-0.449829753216815
-0.662059585560376	0.195011278134047	-0.0388497041928333	0.0129644929352974
0.198443462279022	-0.72779010268612	-0.0293715003991924	-0.240621001186441
0.756192521119369	-0.0124591421049225	0.423868135490741	1.03277075070707
-0.455384574240806	0.291397787378131	-0.315288349016996	0.237604717458399
-0.540350581443839	-0.214591936000923	0.27043253581834	-0.411844015034661
-0.883092258941637	-0.618979967264492	-0.108571055441658	-1.16438413745219
0.193726351015962	0.554900758229188	0.204424916642932	-0.191974996066195
-0.22061826451115	0.363396546871898	-0.815590738163498	-0.217573389272634
0.285108114453981	-0.693516993435782	0.513758436399424	-0.145386902443584
0.812284860078776	0.48821327347142	0.647310685085551	0.200415634657646
-0.212157888151135	-0.283969042759236	-0.398547219236233	-0.0637053576644326
0.160647690899908	0.227936282465837	0.00875053690403085	0.219178519609543
0.168358903325135	-0.160075170198637	-0.436462250132771	0.568872821369647
-0.657718396680613	0.188794197423023	0.145004989071485	-0.25925220561534
0.350461796709874	-0.151056341588651	0.297966388351184	0.864956370371106
1.27777393382706	0.792046239212875	0.721955486199232	-0.0559273364847275
-0.407513375105051	0.468255421551768	0.653058698315449	0.731643120964788
0.153967422615899	-0.163349649724873	-0.738219248131711	0.106952998946247
-0.433508559293177	0.635781700623557	0.806613132460199	0.788933349909708
0.477848671773958	-0.490569713810916	-0.214173054744357	0.397420683123273
0.475439989822411	0.884155832104153	-0.245458747603349	0.647166248832788
0.478919039277823	-0.369883580365057	0.352111134805008	0.814377980813062
-0.227595750839567	-0.102629705954041	0.162292767944461	-0.150139875105164
0.546086267101436	-0.900516563848408	-0.554845918320516	-0.510698617829399
0.6676494615209	0.905911240148866	0.282890230833134	0.212625286158794
-0.237228726075553	0.41524222740814	0.0565082011587757	0.602773859056374
-0.0337745689347453	-0.368691818297072	-0.380857658885533	-0.281183692571842
-0.829738131192992	-0.655420926569735	-1.1114999648118	-0.0914072250198271
0.173939913475649	-0.654075330419959	0.525341871184446	-1.28835125411213
0.485927442703608	0.517022772570611	0.51588196079089	0.177208122340329
-0.0965800062351012	0.0122520828688774	0.757978103836206	0.295538986541079
-0.478429862052646	-0.140953831735432	-1.30572880309113	-0.0590957008285106
-0.800714657748725	1.02319153847519	-0.0378186196272756	-0.774046939323873
0.0791434638026369	-0.403395740646921	-1.23883417381966	0.0456609747718624
0.550432068617461	0.114414765755811	-0.606889590457218	-0.248036154177156
0.638062344202223	-0.105487578014223	0.273952431053687	-0.310247635025571
-0.281980308963308	0.383269371692388	-0.178219444058512	-0.625923111917596
-0.508959736490581	-0.600848888789575	-0.643894454776701	-0.797409802645265
-0.133226752871126	-0.0335707170444968	-0.470711696605104	0.219878853373158
-0.3641866520568	0.101251241085391	0.269006905491587	-0.52765216812425
-0.0655333207732592	0.177339723707865	1.0020428941883	0.20050572625641
0.305115853205483	0.740516041295239	1.30424453284071	-0.183129292198373
0.629145759165373	0.289957896853412	0.176305987594902	0.404799093228352
0.252854141502539	-0.325156578243328	-0.508196927191184	0.445327298068636
0.0289948285415493	0.0376345591834498	0.41140885401805	-1.06256668065803
0.375106179571354	0.558625165130319	-0.158668008801573	0.783448905636151
0.313645624707305	0.380266769235598	1.29875825104594	-0.0258752082079966
-0.184006998136718	-0.548352624010294	0.489286359834402	0.0176219491221715
-0.331967347838096	0.132807123425634	-0.112976311424437	0.177270619157881
-0.116750810550012	-0.897299559475451	-0.192819172649958	0.0696968145722491
-0.0355529792837419	-0.0647865773443335	0.300411232775898	0.384684475833078
0.0890327313718181	0.423518596241705	0.356332237160702	0.102634704348707
-0.292192628729229	0.209180006354072	-0.161808098138981	0.630868743350203
-0.765548374192784	0.0386154555753251	-0.497773757324169	-0.293834477635886
-0.413699952007846	-0.409290452299523	-0.431899055891102	-0.330953484417951
-1.05453451115752	0.137366157953847	-0.406131136103677	-0.655096902062385
-0.0617307910593575	-0.593125584559932	-0.261395407100413	0.224946455519831
-0.34032344166919	-0.419050164827592	0.302794973115868	-0.136649074274583
0.220677640017	-0.0364124661783052	0.824588202605112	0.594645349396732
0.00277136146795806	-0.277879342197393	-0.558433028229044	-0.0500474871091465
-0.743694216558026	0.189366387023226	-0.445269293964997	-1.23035362708247
0.240691439099355	-0.824279775828203	0.314629449583751	0.31398141233801
-0.0587329681687278	-0.1194869390355	-0.259998853342339	-0.281044485313658
0.343928134645289	0.277636887845923	0.880668991198321	0.433480585094814
-0.110876446566117	-0.271362975434603	-0.738610102333006	0.576472182709726
0.0039650942844471	-0.456079813862097	0.0103362924090429	-0.131115790284609
0.102483805653476	0.205518087029481	-0.182647938438916	0.0186982976806927
0.715334061018074	0.624081379562044	0.206204635361916	0.787427839800929
0.80846679455294	0.220926932935817	-0.396217778228779	0.249616361816319
0.41108974001987	-0.487160482183947	0.609395487159899	-0.688499344330435
1.27385110948365	-0.256887237091949	-0.436476091041866	0.626351693106304
0.31110269830774	0.508284813785287	-0.727085160697605	0.669557903717223
-1.16573313176369	-0.116963547499553	-0.46257015397501	-0.400852066086263
0.0523335179084193	-0.612310188572019	-0.936987404517118	-0.566584160408864
-0.555222576554	-0.396430085406957	-0.688735055023222	0.104482793284343
0.14022271897625	0.0244953509318866	0.117817675426891	0.695371577320689
-0.116982100984502	0.419629504192308	0.154820263674827	-0.917138218853315
-0.0979300834682437	0.965105821128579	0.492715303896807	1.17782969592971
-0.281245935243323	-0.401404037298187	0.458743320668519	-0.581989607392541
0.0427041915412814	0.628651315598085	-0.551687137821833	-0.405604331552877
0.316996391900724	0.548883353318983	0.833274913350628	0.525031890925768
-0.280950711006746	0.157855088446739	0.753475794252003	-0.445941576017322
0.383023264592893	-0.696524105577254	-0.74288429389125	0.645853353455864
0.298066136914131	-0.408193255300263	1.06806464653895	-0.456650028626247
0.32312241136852	0.855436736120954	0.658032516136364	0.0800698277349041
0.130449302501327	0.568753770157267	0.628794463135894	0.419933552413743
0.376091338824559	0.534730935857474	0.364276014947131	-0.547381152365214
-0.232446562641216	-0.573294670191876	-0.795970442396296	-0.186821941924646
-0.302176516420552	0.351516741880219	-0.470772604279171	0.460865502477183
0.197493124540636	-0.730936478875169	0.463096317635945	-0.233966870755878
-0.2391184186646	0.0934947527447984	0.0477877468260931	0.466817581838692
-0.0751434931606099	0.0796490315892168	-0.125443472326483	-0.418248026173449
0.181673056206762	-0.142564081098732	-0.00951610630676731	-0.356303410812903
-0.26609994716764	0.361220559603542	-0.149094500508038	-0.415315478190015
-0.224868525600381	-0.458967424396692	0.434041687164763	-0.216274640172279
-0.773664759248088	-0.187457329881406	0.0348214256715561	-0.735036547774835
0.116865394764678	-0.477057573549924	-0.447431864464238	0.215995541320837
-0.193971627252241	-0.474474245456537	0.094189405398505	-0.326979528376495
-0.12804470401449	-0.479697841988625	-0.266151572642558	0.118903879633905
-0.386107770646343	-0.481134445894955	-0.501447764241931	-0.273308552015914
-0.229737216276293	0.184028580005931	-0.643394190595097	0.318309385336184
-0.249571482217535	0.329850677161493	-0.0624355695305352	-1.16915400252662
0.418843786505143	0.492883406045428	-0.52536882871515	-0.344501804166844
0.628316736604956	0.493941888483165	0.329092649394416	0.518349147566293
0.340099477061178	0.959192320400975	0.238847184864778	-0.581585956967617
0.0302721021537929	0.277703186068635	-0.25870325175026	1.22602602091843
0.484459996978318	-0.481969308337697	-0.115102271284492	0.320579671357094
0.177921861833381	0.347195580423922	0.0948679462613018	0.283538986310345
-0.278330983633431	0.430814321975216	0.0314570599240983	0.735958053271435
0.00817510962347752	0.902152952117492	0.910240785677793	-0.132048965680532
-0.0921774952438803	-0.0669419682302859	0.0279680857791793	0.168627152223072
0.416876144607445	-0.333421620275443	0.569343494703494	-0.346345237103299
0.550741316956582	0.0246943101216933	-0.226406307664813	1.14363375325821
0.313345356562973	0.324723603509437	1.56333775105392	0.327985372756794
0.465640178582632	-0.170686882724976	0.270777264303705	0.589813162078432
-0.88578216215129	-0.292058704662711	0.641347923863442	-0.639048116344271
-0.604308964092076	-0.0695484226539537	-0.439037874329716	0.351340067157103
-0.584644553853035	-0.865930576105091	-0.265532630033959	-0.449739762357157
0.0385993951713334	0.244677735914632	-0.410326279657302	0.0988807128755954
-0.0956502964964413	-0.0931456642345358	-0.608242433953949	-0.0470918422114041
0.501148908959846	-0.133520688144311	-0.2647172115997	0.5236594142936
-0.801956723301179	-0.938978897311215	-0.361986257147654	0.451966124957856
-0.0924213052957854	0.50811296869062	0.477132271851159	-0.345233307670662
-0.0750639093450766	-0.740391891745519	-0.994567291950259	-0.538494702364358
0.318669651292159	0.426161484923873	0.26464204394458	-0.470702449754306
0.218959680958052	-0.306647631363483	-0.525887897795751	0.679092826352808
0.86991475887614	-0.0661961440148302	-0.573971731990062	0.263934925795231
-1.36678188376885	-0.0872873975739134	0.0613842773475587	-0.90867049079779
-0.525281397523459	-0.946833662162097	-0.111044893698071	0.0924461220191451
-0.139278296747916	-0.130893565762859	-1.07276665578574	-0.998541611998368
-0.365414037290104	-0.446275444551946	-0.425923330951406	-0.300283621053649
0.255970217950183	0.949304310464556	0.0635791477951225	-1.1217187771269
0.00699931813227682	-0.354078615356496	0.577421298556067	-0.176742667435522
0.270737165667398	-0.426293495185331	-0.155371231916836	0.0878425805182886
0.640831901731351	0.285204473225122	0.277157372059371	0.512484435764356
0.285868787774396	0.324387842441253	-0.102086549398636	0.00298622441141044
0.895694859917831	0.286812905431927	0.802202527096037	0.685672379586085
0.533778652141928	-0.59300654590833	0.323715585011725	0.744562624819936
0.0493902074499446	0.201097776070441	0.503206734726494	0.111706071428712
-0.267062601869946	0.226849640928435	-0.490931436919983	-0.436987697840608
-0.885602133834718	-0.259824885594942	1.25522443881242	-0.721130796486723
-0.10741238794641	0.152078092751315	0.241622347531929	0.749031824557777
-0.0568264170252258	0.592053639458523	-0.43232949518508	-0.817143598128974
0.85513900905117	-0.386914741730194	-0.306115207674618	0.509345193333905
-0.523470532257518	0.678384293914643	0.894429047309989	0.0773333444281399
0.0281701800606706	0.31390399049083	0.716043424161171	0.493752963414719
-0.605481350196936	-0.750339310295922	-0.779758635760586	0.181767309547791
-0.660225503682311	0.0513984829095042	-0.0413526067631594	-0.358874098860516
0.0176793241829699	0.560636973728258	0.0741890999439443	-0.151910618512659
-0.275877615186601	-0.356750424092277	-0.0296761563306016	-0.64839995630277
-0.211599110113413	-0.0607443330705451	-0.321688079415772	-0.513486942816759
-0.397806836289646	0.0181085055864241	-0.374347040380078	0.0331258498031643
1.21771171493746	1.0432395686405	0.715298644236347	0.778038563325926
0.574827330431851	-1.12542746965264	-0.567951225028628	-0.529865790723945
0.987940041499407	0.424004241827559	-0.0620365163277785	0.339011868655668
-0.902477629869715	-0.142362605093515	-0.657677978737357	1.35716691572004
-0.154698803202817	-0.231322314241396	0.164557837920766	-0.531473134165756
-0.0625598045059286	0.244703987050373	-0.0331557410261918	0.725209036026442
-0.0743191626074171	-0.121876274566862	-0.551677305224631	-0.329586097771868
-0.508195029073527	-0.0842011223249733	-1.06085918368246	-0.260050634534643
0.0115459335462757	-0.374449344275855	0.531814447373654	-0.130532761164362
-0.107633613835174	0.888513211727295	0.145700186540457	-0.476418378981194
0.681288873939337	0.103338246927108	0.0447563042477852	0.250598872199936
-0.12590900477699	0.527225004319884	0.220124287673348	-0.357271861200022
0.733565230961213	0.650678094621434	0.828367959067059	0.821814715642204
0.0743187954124113	0.417785742268115	-0.0791647629822415	0.213315330267576
0.180113566403985	0.567494942333993	-0.113995920363183	0.579408909540435
0.542287483933425	0.255945014024731	0.625506961430406	-0.339925579847506
0.273511680317089	0.370360519221367	0.336048809262511	-0.136553955735893
0.0685861178395416	0.922110609830079	0.26550580686222	0.259213536972871
-0.0441263224067493	-0.856368927181396	0.0662553111392019	0.0794211298581902
-0.176094442634568	-0.53493950238741	0.0213814074676271	-0.212687250005746
-0.649209922851507	0.656045107681109	0.00195995205544234	-0.182685519432182
0.289058922168039	-1.32666513426283	0.734368389825897	-0.173918406553016
0.00399310547719612	0.2065242883438	0.144291520694945	0.189096910263136
-0.119375819942204	-0.0723413405329413	-0.1872169831113	-0.0356709305313626
-0.0917396515935638	-0.595260319825911	-0.236938417043697	0.117058802108266
-0.157635169819607	0.231132738969408	-0.120894118153763	-0.522624557689585
0.0284775559728171	-0.49302653563662	-0.0926590022691126	0.210154079319705
-0.0206834877200531	-0.448049975013829	-0.780090322823876	0.369760387174701
-0.693269690751492	-1.37705277187989	-0.191421429382082	-0.626565588761673
-0.0311943864203523	0.724891761441105	-0.357152655342021	-0.163535850581384
1.07385270206368	0.776984912616359	0.746409741720523	1.44294484933149
0.638204533831449	0.977444283492117	0.448043506941712	0.495378975023066
0.452412774939945	0.462637503519652	0.402537573665803	1.42934168417234
0.490820055342175	0.48801466278378	1.04202905897699	0.826704276415063
0.248119770345054	0.482749991970404	0.200437273029729	1.7141119733455
0.618507701565258	0.491874682414419	0.682190847717336	0.103145600237747
0.133575685847995	-0.00781644389530596	0.358334619936844	0.352322844406887
-0.318742621009967	0.0991591461605487	-0.127089516242466	-1.25365295465761
-0.177512960923965	0.543890357300121	-0.752657552717967	0.277783125891323
-0.457361764431661	-0.0314694098076752	0.413377888447847	-1.50554158478008
0.962419590039391	-0.181489463188868	0.195452080115818	-0.520055497565844
-0.366360270535044	0.329284903312925	-0.497678390606591	-0.260065562737524
0.0683086116805162	-0.811974925478569	-0.415023110792355	-0.615176675881457
-0.534072331580308	-0.259237902470082	-0.113685893769853	-0.300335530709862
-0.562835786652542	-0.525891658301036	-0.433031219551042	-0.873371278314236
-0.471979465703607	-0.177154879155619	0.353061827398656	-0.481378087451674
-0.195184982919415	-0.842202813779298	-0.67636634066957	-0.263193512154834
-0.094398149005726	-0.273788208109111	0.0908904484200802	-0.22655489878015
-0.0547015059404004	-0.19860501165067	-0.623238462052466	-0.4285056744251
-0.414473406443913	0.0826890288393245	-0.00897864336375894	0.33953763970311
-0.0216409705615512	-0.0216102066618531	-0.662024272228982	-0.778398124856471
-0.103484843224492	-0.38565798676569	-0.565213138209155	0.215962004040489
-0.825108894269887	-0.359080539109397	0.29669322873713	-0.516758962717931
0.232527561626595	-0.275619117341493	-1.1601905091456	-0.0958410734400877
-0.386917358882431	-1.46811171319574	0.33251964010869	-0.636078588569329
-0.292322263528004	0.266656780923371	-0.373270693946407	0.160260703827664
-0.36220689430209	0.251209126869678	-0.43784776847921	0.389487233193471
-0.190405158028013	-0.385017447288528	-0.508780893137584	0.0316956503708178
-0.36798299611444	-0.68119052912612	-0.07038403790868	-0.233360943720393
-0.506252300571906	-0.597336705149696	-0.278250590843269	-0.637255460477851
-0.142851239771772	-0.322349888244668	-0.698039639276845	-0.580731464640939
0.516253785570342	0.39211620129466	0.985026737231388	0.424951182037594
-0.0705597296104191	1.02426535359054	-0.221677525694037	0.439961963191105
-0.690307445831758	-0.762389255826468	-0.166996714539262	0.11293533006765
-0.380557938358608	-0.629839908996811	0.421667115977098	-0.224208159361451
0.286819377938028	-0.07163248755598	0.259584407946574	0.402497386026156
0.212618143468291	0.473859418321396	0.281682792786028	0.395277752515361
0.0851826022357652	-0.317227362335882	-0.131429777849643	-0.292552794992748
0.237342422535034	0.246989553905892	0.674217714965665	0.76306912522976
0.469359159105361	0.530478681296296	-0.0168497405213767	0.20179298941386
-0.111982310372753	-0.217593122490891	-0.492976530404709	-0.513795219903972
-0.245620073652263	-0.0160509386656226	0.68965246683746	-0.271025529307446
0.338905376352909	0.566050084028138	-0.668124113551193	0.0628271644459434
-0.269704038521084	-0.369043073312045	-0.392771753014711	-0.51920619678298
-0.45982314973484	0.0140550828260124	0.0258345733981104	0.00851757277299362
0.26639313057235	-0.469149047502859	-0.619812632536799	0.571844167972601
0.494457083825522	0.559214504136563	0.0540917598025269	0.371496027372175
0.420316236549435	0.414457308815354	1.15316860251386	0.309208469772618
0.544665109489602	0.591822903057784	0.548487160893469	0.472605718942057
0.412042505785325	0.209589369495086	-0.405847498079365	0.0882423402976335
-0.423385615689037	0.396901063556599	0.745005871994036	0.315035867808514
0.375491146591745	-0.581127382379785	-0.669567924262765	-0.102238982779992
0.0101684187232587	0.200131130572486	0.360922460855246	-0.572333562933361
0.888509616336214	0.910607247016597	0.920935581544427	0.0786483887549675
0.0861383079812032	0.311275305126999	0.243454869598164	0.49687559894442
-0.189189668682898	-0.26802344316244	0.728040548638208	0.309164806522962
-0.532467460355521	-0.659322703661563	0.345003425206762	-0.211126357921445
0.121021176996451	1.09678658386653	-0.185465258664099	-0.262945862239307
0.285492670810569	0.00729380549837326	0.687230478050253	-0.123186925698944
-0.187146401233746	0.124346987778998	-0.213187459871303	0.522755421087489
-0.0115066624393966	0.439694409858812	-0.151934219684925	0.37295265216228
0.055140280849449	-0.510752718494373	-0.187563143734002	-0.536210482659342
-0.190317073208622	-0.0685667861245457	-0.557420885074419	-0.720012210996835
0.593920889899194	-0.489362898361837	-0.280418595322934	-0.262854515519717
-0.0850348596808571	0.435608061327704	-0.614387231131851	0.347959158253979
0.0659209374733748	0.551429082747418	-0.756852388587334	0.0733474664042594
-0.340472701882675	-0.292738142911177	0.408702067874337	-0.0282808470626926
0.150286233480309	-0.0721506882171893	0.256894447378607	-0.728379175465165
-0.206806013153316	-0.461917974780989	0.199944749491771	0.452259818854778
0.283166785264229	0.273974654635849	-0.0751499211934501	0.398315060854528
-0.351385291221389	-0.688679130267664	-1.0472405990014	-0.251633883361062
0.194843041048665	0.622060571502648	0.252647546745906	0.134410971507808
0.35083747833515	0.623496117107574	0.56415253570049	0.422373934961325
0.528891691037885	0.28255136989539	1.12468073640852	0.363547797199873
-0.525369939755327	-0.843183239867146	-0.98469410821196	0.326469924441723
0.662635677618419	0.260945584249989	0.614135246512227	0.0620662490475155
-0.1220156737227	0.474392062514265	0.00367776490957948	-0.484230883351666
-0.881709695724385	-0.432843903158153	0.548078540670064	-0.00663742771542724
-0.441907878530088	0.279479621585367	-0.649827222259328	-1.3123078474566
-0.111595875883243	-0.376060412421379	0.293049709452599	0.397719218614298
0.0562762211435931	-1.1290457051651	-0.549033191590934	0.133232967210315
0.0663810197135617	0.722875351976346	-0.503876499087275	-0.353204309041185
-0.167222028292161	-0.0105168937082821	-0.664706921625941	-0.0468407340594161
0.217471631327877	-0.0452515722372301	0.387166737629964	0.476966980417957
-0.422389816669352	-0.701098626355999	-0.491138155821474	0.67201567878579
-0.11124236086227	0.175106293636979	-0.170968846811719	0.355095237454261
-0.450836496477521	-0.513787306182876	0.78832272374885	0.0226467630947467
0.214500213827111	-0.550047649598963	-0.190885358698804	-0.1010419251711
-0.049355330324373	0.532360345147473	-0.104374659459837	-0.944583386210615
-0.11707288699952	-0.637357216438218	-0.043796585148913	0.399605207538118
-0.345678731328108	0.140922368611119	0.114837158548449	-0.156033656876659
0.287093307776352	-0.63740799977846	-0.766935289945426	0.160784368762375
-0.553860140689602	-0.604039155105691	0.0835033585839001	-0.877506043289174
0.286822087535534	-0.815127005271682	-0.772570465406742	-0.562924594014283
-1.16615003348424	-0.0177512680964714	-0.0634716619790703	0.0990234996217374
0.485534811072911	0.0161252943988485	-0.702885728138384	-0.145256307853529
-0.23125684032174	-0.540936750127543	-0.539731603667236	-0.814179390315762
-0.0422176919477253	0.226159180383535	0.552846446947264	0.187624080823009
0.995909421163058	0.106507732866572	-0.0630798797720727	0.012635574648325
0.0599919848317187	1.52133988660016	1.46626835166986	0.804395288852385
0.252879835161644	0.510336637048162	0.731019664035362	0.946425840977293
-0.287303780148906	1.0589322022503	-0.201166923146766	-0.87652732795083
-0.235527047805108	0.605831076163303	0.00482171895408184	-0.0886130772140008
0.112355696941201	0.00967416000605724	-0.112037763047738	0.29990159190884
0.378183760623733	0.0348674039754568	0.513361856233504	-0.0780817761530023
0.678947602405284	0.411759845745094	0.287577775043242	0.371740686855254
-0.198522684365618	-0.440758292068343	0.83984021726805	0.0705765809028662
0.410533348523628	-1.21157617088648	-0.465694797206321	-0.317635633697277
-0.515243501929719	0.163425010471522	-0.429238115182051	-0.382862442792906
0.16706904520326	0.0132215741454211	0.508094515830545	0.0442082511656169
-0.507403633139188	-1.01236016749317	-0.14820370594169	0.210392539222311
-0.407905406714658	0.714185445551107	0.589629589665171	-0.255660822232963
0.04982812462109	-0.106990534476443	-0.738600854080827	-0.346898517706207
0.340205818086386	1.26251030202207	0.274462923205586	0.0241394068600423
0.645181480236764	0.0717054221385328	-0.605695787422381	-0.266437978974309
0.553163803540447	-0.172110157929629	-0.416297731696268	0.195719457176347
-0.229050111492111	0.143731608496397	0.140059108244877	0.0737824043381397
-0.142881481416034	0.270180468425543	0.229228851175158	0.245226243159302
-0.626664672165447	-0.822304622811676	-0.328334715291972	0.322587177647958
-0.594886324243072	0.265302823777565	0.294521129563746	0.335904621881555
0.247993131452566	0.64007182453979	-0.42404869661095	-0.143540113616918
0.619290950309051	0.157616806485531	0.131971872628012	0.727341235242301
-0.409899934015964	0.552852592084962	0.849274623158872	0.600428181664613
1.08640771660028	0.409008442534885	-0.230149818392	0.330065380194086
0.569667714899345	-0.49421533145104	1.10326048043581	0.445098986553744
0.331558641246496	-0.596158891542361	-0.296378214262816	0.675784719714416
0.39630244058747	0.334882584857165	0.417323019741046	-0.858612028219681
-0.29511617944401	-0.406363822344832	-0.0644099363025433	-0.0491051350016135
-0.130219751668761	0.138673375505602	0.190473532632913	-0.415834879682433
-0.390446490176429	-0.35793779697882	-0.718100129687682	-0.646132012243573
0.123086715803024	0.1373941795922	-0.100005631421668	0.500827282556115
-0.0810532993297886	0.0199930769697549	0.197646577528548	-0.146256114358705
-0.609148689753432	0.00995242968968334	-0.130685517452404	0.145724664611101
-0.734554241904412	-1.00234847741809	0.489722787234554	-0.868377636071354
0.12928811731696	-0.915760438074347	-0.456526278090719	-0.801585199597789
0.132955149608654	0.361489552963397	-0.692004463997489	0.554222165691183
-0.311592008948367	-0.041982086219783	0.306244473642902	0.229486611756479
0.621020416912685	-0.212954119368375	-0.736230404540959	0.150633909550971
-0.22344348569144	-0.20604741131881	-0.566374488375722	0.361865600379734
-0.244758096358827	0.483314267036703	0.513859185226461	-0.405816874629396
0.423933612498199	-0.280406314125313	0.260065016887518	0.624119790280319
-0.585228636659931	-0.00839853727770021	-0.265683713811476	-0.427937380350065
-0.324737047412282	0.0473123366273242	-1.16539093996699	-0.0616271892936599
0.016424835687313	0.4211521760432	0.00670854065157925	0.152121643086739
0.0777580266783733	0.373779142457768	-0.014843322817585	1.08978096377199
0.0152136281441614	0.272523561549854	-0.466539973248099	0.270249053458315
0.0606543581811605	-0.166993426467288	0.59507015431966	-1.0616683515468
0.366451103713477	-0.0968169046071459	0.0196572759172553	-0.409751519538413
0.177634848551719	-0.610123701818252	-0.00182281739452519	-0.255865488125068
0.303080812118728	0.768321837884731	-0.383161136016302	-0.155693210989852
-0.331609076240545	0.244586768047954	-0.48118296885003	0.548634096612076
-0.2874751154656	-0.168936447754619	0.936154842826783	-1.18672009824716
-0.0677007044586007	0.467780548272344	-0.580025547585277	-0.0227142513548689
-0.62205378188801	-0.0598678569194632	0.972682785229517	-0.995362574491704
0.370138227492482	-0.268024336456554	0.447903834694163	0.05505544182589
0.167383397226396	0.29237327811215	-0.636534356056655	-0.779268465539635
0.157332369680264	0.312801716742377	0.585658639287582	-0.229334393638819
0.154082757623254	-0.0311376144634711	0.77177824846206	0.888728085578966
-0.102637358696551	-0.0183732722031076	-0.428463949775389	0.292837679766492
0.0641875505536504	-0.340811443831159	0.178392249351593	0.61320724304676
-0.378853711520996	0.0261073750237096	-0.406025989862305	-0.0719519271175754
-0.419659245530218	0.516935448890161	0.451615221686617	-0.665996299952704
-0.459715401075199	-0.773990252091812	0.101997850839711	0.386160950181099
-0.0306718591677718	-0.578443684435297	0.884774197502781	1.62817900533537
0.514469088150696	0.231981390358847	-0.0463751010643229	-0.961170908358569
-0.0447700357801518	-0.657947133550499	-0.609609197344873	0.734549252948554
-0.538895877755992	0.261554577995993	-0.193197199195067	-1.04790806020362
-0.299631906180047	0.3241209341682	0.572246071541255	-0.396892511263819
0.235858214055292	-0.925874735651207	-0.0445050468334141	0.47923349795179
0.560737304769138	0.00111813123350036	-0.836245228177874	-0.055904505258017
-0.00813584896079853	-0.159334668697429	-0.45922237018173	0.489814834906432
0.675607929855724	0.761213452537932	-0.128672408291239	-0.290449027275105
0.224394559544558	-0.139791249309801	0.241502427071885	0.86334040660875
0.300220986878875	0.145422099104736	-0.0461716551349592	-0.0825012539924117
1.03329807378777	0.152672185461415	0.891290885163192	1.11985331166851
-0.517438372509679	-0.0788851719714475	0.0129306071761058	-0.317042781702882
0.0580481405914013	-0.493746418234197	-0.47835861351419	-0.15023782818246
0.173934839043109	-0.465189989366268	0.836765961609733	-0.632488328432601
-0.972835484412567	-0.412224269305674	-0.53941126907219	0.0958624317715045
0.46608780004657	0.0986692762391999	0.517182929608266	0.674485686214266
-0.0633311370355674	0.470159150647271	0.317791006401948	-0.114601980186173
-0.181126589193109	0.324157458218324	0.0296456732047358	0.0843135912497791
-0.405840329878932	0.312449754963475	-1.19078411688059	-0.161041858474705
0.0219239950246047	-0.0922455599288774	0.235962613374845	-0.316078987073657
-0.21323113600503	0.0517213369746949	-1.10452130713894	-0.256851625679557
-0.0906926474759839	0.456052899272118	0.159015425281502	0.0431449651821639
0.374714615756018	0.248503647374844	-0.14338579092057	-0.47123140581526
-0.180730335311953	-0.376356181714221	0.614740025842938	0.740615652263362
-0.0777230719560427	0.225993663340527	-0.575656662443999	-0.085362879332749
0.147555622187163	0.694954689739441	-0.0661934665391154	0.747928007782384
0.517274161676156	0.264307394671467	0.152042247140879	-0.854793707895225
-0.0755623490390411	0.264594416995803	-0.256068798472443	0.655826027148638
0.146278881801416	0.79741155179849	0.698948429994364	0.0503649847705256
0.617962201970672	-0.472896362560909	0.234140554581895	0.327850445764754
-0.0510862208746305	-0.149800546894372	-0.217098627254138	-0.29291934996112
-0.723488306044357	0.505867372822415	0.335588999371626	-0.0720433034312567
0.226818737497637	-1.33593712035012	-0.509047947132026	-0.896422214828773
-0.54252185355159	-0.0586338079215824	-0.505718280229077	-0.585955353032849
0.00851963929738728	-0.143768282865085	-0.425896586209689	0.0967970938315177
0.124692889885787	0.288290539153559	1.32155225029212	-0.648822318546966
-0.473759399218796	-0.27972286476256	-0.480066622768542	-0.370801589392916
0.466756495693729	0.631919098658999	0.367651593376577	0.3174151903282
-0.608783423776872	-0.657793603289903	-0.622930906463117	-0.223395335112528
-0.16327113338155	0.912783552787227	-0.118289794718808	-0.173270907285545
0.347865902782366	-0.741724099391072	1.3528853541027	-0.411334059366628
-0.199991469192613	0.36494383476396	-0.189707593646179	0.562821328043776
0.357679792230243	-0.986488864448985	-0.215126333665132	0.259910298671165
0.0493711157390303	0.52551562462025	0.192192603194012	0.0182327835928246
-0.396154830708964	-0.136333818092186	-0.0043531350715738	0.130132250006056
-0.159332489380357	-0.416528134626494	-0.81593150599228	-0.501712712225955
-0.362378652722846	0.0830022855711414	0.518533380131275	1.3249654843483
0.278410736406351	-0.761398481934957	-0.763637161874976	-0.782149885013409
0.291289125188725	0.565767379722726	-0.330439971492305	-0.281011318103306
0.417014498182471	-0.181093441348649	-0.487998375567828	1.34459313836814
-0.0946764480638838	0.395061871854415	1.41119090986901	-0.280757309723689
