IFG	Ins	Put	VS	psi	RPE	RPEpsi
-2.94008443030444	0.744221060339249	5.71569099395084	-3.46700157774048	1	-0.5	-0.5
-3.29358415170149	3.89082911881534	7.71209241133748	-0.711194092312574	1	-0.5	-0.5
-2.59768952124498	2.07721922343428	-2.55802131478082	-5.30777925873796	1	-0.25	-0.25
-1.8920582582271	0.95664208842385	-1.3317256803963	2.80366914916896	0.294117647058824	0.833333333333333	0.245098039215686
-2.4777010706338	2.61470009160764	-0.689293146923636	-2.89122454776908	1	-0.227941176470588	-0.227941176470588
-2.80439544627161	2.69398016256816	4.09380524668659	0.163015212750796	1	-0.25	-0.25
-3.29001417846391	-1.19268102266572	-1.85476488497278	-1.8710660663518	0.304177179702832	0.825141015310234	0.250989066894198
-4.82817269816543	-4.18932735558712	2.24044243088274	-3.11479054775202	1	-0.166666666666667	-0.166666666666667
0.185560148322221	-0.335155998215531	0.29812575767353	-4.13269425783955	0.238095238095238	0.875	0.208333333333333
-1.48807491700758	1.12860976760699	-1.81965486592416	-1.50049984613151	0.294117647058824	0.833333333333333	0.245098039215686
-0.943133276068803	-4.42231921083999	-0.465679127610091	-2.07379355518655	1	-0.22226803065867	-0.22226803065867
-2.27193861183795	-4.07906772873618	1.09918655350691	-1.04221389358017	0.313381600581335	0.817434778417436	0.256169019231305
-1.43791470699238	-1.11999496230573	-1.8716345294802	2.61057869367527	0.347958738921982	0.786541889483066	0.27368412397384
-6.85687898144577	3.49178905333533	0.461237949537904	-0.707679889193087	0.39661723789668	0.737070885807795	0.292335018863147
-0.902801157850208	5.48401985385201	1.98905300710237	2.90863383188844	0.356280578649921	0.778611260227202	0.277404070337092
-0.310675877964858	1.43272230672565	-3.8951142452883	-3.23529294081979	0.395335901750605	0.738475690622169	0.291945953073016
0.364164922950846	-1.59704716751973	1.81428591590939	-0.555679326086785	0.429950317827535	0.698306774813739	0.300237219772288
-1.39118101967104	-0.18573768752994	3.76793556682991	-1.94514906084673	0.438710327118218	0.68735549694632	0.301549954911825
0.86951486642162	2.39518134222563	2.04666540771723	-5.12829000412515	0.460095556229994	0.659128157555236	0.303261936277227
0.628155997530981	-1.3356039952769	4.15583108072028	-4.20960449766029	0.474159250244979	0.639313422958658	0.303136373301628
-0.678983541565355	0.554552513090047	3.90579644872835	-2.63585764959906	0.486087650637972	0.621657155161652	0.302179866054813
-5.0412911863038	0.866032943468202	0.774800843135877	-2.42303470273813	0.508401252547252	0.586328276724408	0.298090030290561
1.36711906122439	3.67478895638928	-0.927443942393769	2.37341054390664	1	-0.405826389401689	-0.405826389401689
0.539086988929546	6.01584567806937	2.0438877420895	-0.979493325237523	0.527548848932148	0.553351623557474	0.29192001206248
-0.974474493075501	2.99248153366374	1.37777870182287	1.64199853507858	1	-0.349380538346882	-0.349380538346882
1.23280313057881	3.24842155702186	0.332379723927288	0.819782234051011	0.544015537083617	0.522777128322132	0.284398880239195
-0.0955193315943082	-0.457797402685339	-4.91488745887623	-0.729789562071815	1	-0.306719352787694	-0.306719352787694
-4.84530038544626	-6.54595356276541	-0.317306608413205	-2.1236655463775	0.558230710809804	0.494550006558317	0.276073001692043
-3.28199224761038	-1.77368023229594	-2.51827635514465	0.950348556803709	0.405948923715963	0.726657225331336	0.294985718533684
0.0669387485549757	1.15210248225115	4.65220222983396	-0.334090905546239	1	-0.302292294447946	-0.302292294447946
3.34637146736636	0.102975944311104	-2.2416060295972	5.19533475330382	1	0.5	0.5
2.25935958371018	-2.98765089295127	-2.15081486783244	3.59596740855186	0.555555555555556	-0.5	-0.277777777777778
5.19950061133414	0.653361557220871	0.853730891605444	1.05654159011884	0.384615384615385	-0.75	-0.288461538461538
1.58318115635352	-1.21162409928035	3.26094186147957	0.587940580917127	0.614973262032086	-0.361111111111111	-0.222073677956031
-0.80349351375392	-0.084323485184348	-4.85935440806277	-0.145352947892565	0.463917525773196	-0.653846153846154	-0.303330689928628
-2.11336803958384	-2.04225908174659	3.80966560723204	-0.572898835169547	0.644693091254552	-0.274212715389186	-0.176783043145559
-0.226745449430988	1.18984766078718	-1.41027444894567	6.53661821477793	1	0.435774277269123	0.435774277269123
-0.0106763068699475	0.00209242438502384	4.23780340001439	-2.54499520271113	1	0.322543005141292	0.322543005141292
1.01262320126548	-5.49921386892145	-3.27547136016867	2.69889060935582	1	0.781545504553463	0.781545504553463
3.17018881349853	-1.21047100876317	1.32214170242801	0.310720625135935	1	0.576696213155197	0.576696213155197
4.14393444494768	2.21110138613166	0.485286185009913	-1.09222901265391	0.39026172033579	-0.743980830233777	-0.290347238703883
0.306381895009315	-2.04827990363154	1.80377488741369	6.645259940263	1	0.456930971994409	0.456930971994409
2.28464850608372	-1.00285795878506	2.27510609381804	7.65488571470434	0.433157690137504	-0.694336373555052	-0.300757139747557
-0.546774908561598	2.26610997906237	1.6276648919465	1.95411071226452	0.486096328051047	-0.621644012616176	-0.302178871887642
0.18907866017385	4.20307091420347	0.69730223636284	2.06259551175842	0.46940538256175	-0.646128801812522	-0.303296337398972
-5.40845716360844	-0.2370498975118	2.58063760682037	3.54529902925997	0.513792966437304	-0.577305196370796	-0.296615349383022
-1.76881859541842	-3.04519009590149	4.00932261709011	0.00533908447532943	0.536672223905435	-0.536680292790475	-0.288021406258084
0.728310839301257	0.0757086299585574	3.12861230292103	1.35050614183825	0.499580653080291	-0.600670392817208	-0.300083307129616
1.4264165482512	-0.910843090577559	4.5673185225689	6.93704491690027	1	0.500174129208707	0.500174129208707
-0.652114281600172	-2.67424380959886	-2.83234082853817	-2.52135228035464	0.524573653475575	-0.55864990881516	-0.293053023680965
-2.54549113728783	2.47093663375938	-2.00364014774448	-1.03201883427347	1	0.440285827079417	0.440285827079417
1.52706900419611	4.6955719517939	1.33570480459567	0.0198281922688087	0.545301139474098	-0.520296893778529	-0.283718489042265
0.949095355741905	0.438526236875491	-1.60460533966508	-0.683927054093643	1	0.393205413968359	0.393205413968359
1.85635356040615	0.895639890071118	3.07908591989315	6.50857823725903	0.470353779664563	-0.644778902138354	-0.303274193668742
2.18426081673665	4.62736753329183	3.66445845453012	4.012865315897	1	0.381937093247984	0.381937093247984
-1.29096470547445	-5.07052357630296	2.72710079902952	4.23667799207297	0.466403533820632	-0.650369848091273	-0.303334795440157
-3.09411085013187	-1.3914825691644	2.48618551908117	-1.31175324580435	1	0.373287268545797	0.373287268545797
-2.58320181297533	-3.49428997798399	3.99745966251728	-0.185109748984828	1	0.51444905830574	0.51444905830574
-0.109699061196862	-5.26223228916977	-0.298733971561446	2.31560066709591	0.532377255469782	-0.544609613884699	-0.289937771542394
-4.8867879780856	-3.90940639455662	-0.80324677806912	-0.646543886597184	0.463228720723426	-0.654803646463547	-0.303323855476343
-7.678253809611	-3.89038441081842	0.659622705343998	-3.32606619601244	0.555555555555556	0.5	0.277777777777778
-3.64728767944105	-0.417458693073554	-0.730643019588156	4.34092858360347	0.555555555555556	0.5	0.277777777777778
-2.2237292604916	1.06470046214985	-1.98299919136546	-3.52805724232034	0.614973262032086	0.361111111111111	0.222073677956031
-0.187343723563985	-1.01567007556106	0.622144269615863	0.841802320471316	0.644693091254552	0.274212715389186	0.176783043145559
-5.50147588325269	-2.59751380565153	-1.30236659044485	-6.42505138909275	0.661460351329278	0.218454495446537	0.144498987307526
-7.59681262391986	0.616218267968207	3.76894083255055	5.87850193363248	0.671975157786555	0.180580161853349	0.121345382754526
-4.54554461710381	1.39243490655314	-0.736851589189786	-0.968063422083629	0.679108160704027	0.153474065038277	0.104225490023914
-2.5393995579445	5.97476275039442	1.12767138967827	0.152360696571343	0.684236079472301	0.133230828488806	0.0911613397500269
-0.273613703860478	-1.65406317849534	0.102771770209074	-0.929025834031177	0.614973262032086	0.361111111111111	0.222073677956031
-2.13279393814843	4.15375080456336	-0.54785476867674	-3.07127519911437	0.644693091254552	0.274212715389186	0.176783043145559
-2.96015175183614	1.45754721309199	0.0703175599602136	-0.789465695788914	0.688087701295869	0.117588239829473	0.0809110216436895
-4.07618315292127	2.35534343913649	3.35940893762039	-6.94090271628264	0.661460351329278	0.218454495446537	0.144498987307526
-7.12527977336537	-2.06298636306416	-3.3827228451317	-3.64204423897194	0.671975157786555	0.180580161853349	0.121345382754526
-2.36893396937486	-3.51429004199577	-1.79667839882049	0.919102589719731	0.691080728692789	0.105163331807126	0.0726763519770304
0.262196005237373	-5.59671693859678	2.05767314768199	-2.66726668088725	0.679108160704027	0.153474065038277	0.104225490023914
0.305979096528256	-0.657514385201714	-1.15512678659323	-5.09804158590057	0.684236079472301	0.133230828488806	0.0911613397500269
-3.42647318587159	6.02715714230682	-3.66021294079044	-2.09077865195771	0.688087701295869	0.117588239829473	0.0809110216436895
-2.49262912345655	2.71363346504443	-0.652614662374342	-8.61162395910783	1	-0.894836668192874	-0.894836668192874
-0.590061966781363	0.687150239492908	3.01790055451971	-3.69267428463156	0.658281854511845	0.229444659929933	0.151039256246516
-11.8067778963031	-2.59042107426759	-5.10314131595872	-4.75984104203455	0.66357564478308	0.211025439159757	0.140031341856068
-6.24487202817743	-1.03363736707604	-1.12787754102751	-0.138465369289572	0.667989826462189	0.195217641261688	0.130403398308753
-5.72314593286225	0.764033674234242	-2.56415504804163	-2.54720947335502	0.693470260739387	0.0950695193071684	0.0659278843423103
-3.82487365693757	6.65861011273933	2.81664483463674	0.937292818996039	1	-0.9132851205759	-0.9132851205759
-6.5724007433111	2.56376579295576	-5.60739524188367	-1.70785317670556	0.671721443533801	0.181522605966541	0.121932626913862
-4.22704975860137	-0.261549876523063	-2.26132080675752	-0.00704024384983561	0.668572147685725	0.193100829616751	0.129101836376767
0.70967064154419	-2.16825720622684	-3.51810821066752	-6.4225622957403	0.672230238600781	0.17963117069605	0.120753504737143
-7.36025125330145	-2.57337869929545	-0.00767127808296319	-0.809986613916628	1	-0.832145967910781	-0.832145967910781
-4.98708963574785	-1.27906275574457	-3.9031456581204	-2.10467954273477	0.674913931921402	0.169556621222876	0.114436125912839
-0.619756717009075	6.32453243660204	1.95209284019515	-0.115112961601522	0.653973278239088	0.244019912784711	0.159582502319434
1.50080915698499	-4.04021179676056	-6.53477489948273	-3.41073856141531	0.555555555555556	-0.5	-0.277777777777778
-0.105456333042997	-4.30269718170166	1.85597766190767	-1.97692074829882	0.614973262032086	-0.361111111111111	-0.222073677956031
-2.26721421008309	-4.97155253814928	-3.47235516839745	-3.78605265147758	0.555555555555556	-0.5	-0.277777777777778
-2.11252545587944	-1.25507359409874	0.353636066570426	-0.471365455142928	0.644693091254552	-0.274212715389186	-0.176783043145559
2.12416343738776	-0.729214882083011	-1.05624137502728	-3.64317315952344	1	0.781545504553463	0.781545504553463
2.64708829467947	4.49385862278216	1.20936274054376	-1.65885729297544	1	0.638888888888889	0.638888888888889
4.70186519622803	-0.481518116864291	3.76307794880686	-1.59385759849101	1	0.576696213155197	0.576696213155197
2.93849589201537	1.12024829245991	0.970965763977305	-1.55916980046525	1	0.388888888888889	0.388888888888889
2.41503096168691	-2.48837307953473	-1.03495782365402	-4.65763688448704	0.53321794511751	-0.543069028005591	-0.289574151170105
1.96855511798552	-4.06117630004883	-3.50433611689192	-3.76319046408841	0.558852818070032	-0.493273137890065	-0.275667083188111
2.68373429233378	-3.32300264862451	-0.458328435828938	-5.60674664987759	0.41134389371487	-0.720486111111111	-0.296367562311929
1.01785499309048	0.660728746178475	1.11765245257905	-3.54744258223835	0.579013693636515	-0.449850330156261	-0.260469501247383
-1.19933206429987	4.81517234354308	-3.0005947412415	-5.47866101427512	0.595083921001052	-0.412140982425547	-0.24525847182702
-0.770623432161907	-4.81480009537755	-2.87673346861971	0.15200134682836	0.46277730548002	-0.655429816945078	-0.303318044617106
1.30261633025877	-2.27968990351215	-0.924544209896615	-2.83188465689168	0.60808134797511	-0.379380037328266	-0.230693924493419
3.2610925562454	-2.39225153873364	4.45064617648269	2.60167710347609	1	0.405638068103744	0.405638068103744
2.18018163289085	0.000387784658056317	5.55889782851393	-2.87161922093594	0.618744894913921	-0.350833720876502	-0.217076573755991
-0.999612712668199	-1.99386493782654	-1.66865373631431	-1.36337080341058	0.627611782370004	-0.325852158949241	-0.204508654267247
-2.99164634762388	0.0371807235942194	2.08203717196981	-1.56779705309732	1	0.330930477500151	0.330930477500151
3.86120891029184	-4.42876622080803	-1.19384445295189	-3.13277280059728	0.41129829208234	-0.720538747178314	-0.296356356093589
3.90192489913016	-7.34067922649962	-0.943977335044606	-8.41831181537021	0.635075987989045	-0.303881392195173	-0.192987775379836
0.751504783377503	-1.5961699684461	1.62977059749943	-9.72375658425418	1	0.715542028713599	0.715542028713599
-2.02485898678953	-2.59652779544845	-1.45887801243049	-7.40032158656554	1	0.647852263636516	0.647852263636516
0.670196857077606	-3.16476360414967	6.43456230419829	0.913485357932972	0.443942017142517	-0.680650557439224	-0.302169381438748
0.0188195393844084	-6.39730579564066	2.62253581714873	2.07607722237255	0.47221659953988	-0.642113337306021	-0.303216576661853
-0.300506373923836	-2.54439209627383	-0.416568756103516	-2.10061447186904	0.59671829277848	-0.408137505775133	-0.243543115665004
-2.12228631183054	-2.34589692498698	-2.42260735428356	-1.68415652418678	0.496529380770351	-0.605514711837541	-0.300655844916031
-5.20808611494122	-1.42951875755733	-0.113133548900033	-0.188925058834932	0.604444481584789	-0.388763949994691	-0.234986224213396
3.91888105598363	-0.711729545710665	6.2026470289989	-2.81474750669617	0.611303983456559	-0.370918190628549	-0.226743767467731
4.51737221082052	-2.10079302480727	2.15644092299044	-0.267483835193244	1	0.428817965550799	0.428817965550799
