IFG	Ins	Put	VS	psi	RPE	RPEpsi
5.35369931567799	0.966893444924305	4.51630680409796	4.72092950818214	0.333333333333333	-0.5	-0.166666666666667
3.87541800556761	-4.96495074575598	2.5913399807883	3.3874354969823	1	0.5	0.5
1.04114950482141	-9.10171617161144	3.30420121494116	4.19371822431232	0.2	-0.75	-0.15
7.41581609754851	-7.70542601021853	-0.861251274970445	1.16253595167037	1	0.583333333333333	0.583333333333333
-0.133436421673237	-7.12045542399089	-1.99961263460643	3.23518901024804	0.230769230769231	-0.7	-0.161538461538462
-0.344586180353707	-7.55860688469627	-0.917853670476964	2.66386457216559	1	0.350480769230769	0.350480769230769
-1.1071810068732	-4.32028710842133	2.59558342939073	-0.972196403777961	1	0.333333333333333	0.333333333333333
1.07198608734391	4.35279347318591	1.45216918398033	0.164408796043559	0.198925084020987	-0.75167730251811	-0.149527470560084
1.82852574810386	-5.91525208588802	0.826355552018592	0.452521377779318	1	0.282070216879132	0.282070216879132
1.30490716507263	-3.86292557644122	2.72188572241276	-2.5542714293256	0.181095693194558	-0.778856098704603	-0.141047485093719
9.43705859328761	-2.58977857390136	6.98420322302616	4.71039250312429	0.197559361328485	-0.753801899096791	-0.148920621753761
3.75511756087794	-2.39142052710469	-1.58860378802726	-1.27360928611773	0.189189189189189	-0.766666666666667	-0.145045045045045
-1.9715278777435	-1.58602269964688	-0.657819122188922	4.96882470268192	0.210612691466083	-0.733194733194733	-0.154420116126899
-1.03192231013919	-0.469553921710361	2.37027512486516	3.82789625001676	0.231330923183956	-0.69905004616269	-0.161711892530602
7.15442478295529	8.09077381365227	5.27097733860666	5.67456718647119	0.213729164798889	-0.728173607324222	-0.155631936922
-0.397573105059564	2.1509224366058	1.70954746978753	2.546579690255	0.229423094414186	-0.702270996248231	-0.161117185076602
0.394999702376398	4.71605150266127	1.56423533017832	1.10727136441027	0.251001337190563	-0.664884131769906	-0.166886806151033
-0.513672716689832	-4.52619723840193	-1.60671047166441	-1.58395697165168	0.269396855543785	-0.631267867394281	-0.17006157848185
-2.71241338697798	-2.84110948093461	2.05164762112227	-1.88627523753905	0.286396944826829	-0.598660708147714	-0.171454597801371
-1.29034758923632	-6.38878495765455	1.20172499560497	0.54753121101495	0.301967903060431	-0.567401120400667	-0.171336926521528
-3.66941233933198	-5.00368386326414	0.48028000819525	-0.886439044592959	0.244498115153752	-0.676376564959187	-0.16537279526669
4.61268787673025	-7.85280106284402	-0.641994105143981	5.49079723159472	1	0.462286831394486	0.462286831394486
5.93711858084708	-5.55687043883584	-1.84635773826052	2.26747100382592	0.258851166471144	-0.650743339581785	-0.168445672524073
-1.15130393274806	-6.01401449333538	2.28061377911857	5.15237454121763	0.272416568218011	-0.625587174860743	-0.170420311296764
4.67628052740386	-10.4825922648112	5.20473539332549	-0.356322475229249	1	0.398916630252896	0.398916630252896
2.23447358427626	-0.350643295456063	4.65174614705823	4.27299827224377	0.255797659089046	-0.65627942156708	-0.167874739745172
3.33797148028106	2.97848871101936	8.18994738477649	1.92439442477895	0.278586746219498	-0.613831954487128	-0.171005446926124
4.25536338849501	0.167052829299461	7.62878919731487	7.69529700279236	1	0.410344477893005	0.410344477893005
3.72251251701153	-6.67297339078152	3.27415639037887	1.72689480283721	0.261736045811933	-0.645470912771589	-0.168943004395455
8.59910108103897	-6.24527730544408	0.510150098241866	0.905616984053543	0.272598923837975	-0.625242616801883	-0.170440464477833
12.8421143907489	-2.08786052013888	-0.503209190273827	-0.0386585055878668	0.333333333333333	0.5	0.166666666666667
4.22693695082809	-0.331413401798768	-4.0625214928366	-1.86321421921479	0.333333333333333	0.5	0.166666666666667
3.0136551026142	1.59459615792289	0.159168282185088	3.50869188198086	1	-0.583333333333333	-0.583333333333333
1.53252867496375	1.33185288976088	-5.25381100812758	-1.7102822714457	0.25	0.666666666666667	0.166666666666667
-3.34988702969118	-1.29632594652305	-2.53929862492915	-1.71756557016775	0.368421052631579	0.416666666666667	0.153508771929825
-4.7701388091752	2.04702549721255	0.954544431671049	1.89710522359449	0.27710843373494	0.616666666666667	0.170883534136546
3.31048801451018	1.877336903955	-0.478068850821618	-3.8689238106211	1	-0.649122807017544	-0.649122807017544
0.411885965559067	6.72150680513093	1.57243169053937	0.955608234966569	0.301198607226887	0.568978238535538	0.171375452989311
3.62797775774291	-1.1369092392199	1.29672741506136	-0.669981900609635	0.322224349394809	0.52458553341789	0.169034232207509
2.40627950695202	-7.71640825271606	0.213489014570686	1.27972231715014	0.290207811110213	0.591136933242196	0.171552555462622
-3.5870068506761	-5.96330159089782	-0.0578153156534289	-2.13286492623615	0.340383176898763	0.483968320731381	0.164734674528907
5.93086406678864	-5.11872685316837	-4.0356722566666	0.400254199097893	0.355990082356174	0.447228881724992	0.159209046437339
4.08738270334222	-0.628110287993243	-0.709847231254433	-1.10806078350905	0.312812375265307	0.544793351908692	0.170418102439306
-0.912387353001219	-1.00627618441076	1.33252739065299	-0.744279936689771	1	-0.585772956015956	-0.585772956015956
2.13584271253962	-1.64585209299218	1.19163359283949	-1.73643040376236	0.332397335604901	0.502103042224855	0.166897713434657
-3.35241257421898	-1.29415991360491	4.28497077118267	-0.114007997016112	0.320972575630149	0.527305431105354	0.169250582365651
0.767404858587366	-5.05338656541073	2.45183498717167	-0.0280178346191392	0.333369038058036	0.499919660066646	0.166657736182718
-1.78031181521488	0.417619629791289	-2.72468931927825	-2.77074454521591	0.349241061914954	0.463332669786069	0.161814793615978
0.053378236000285	0.794099206443537	-3.26315535094137	0.0330279478521058	1	-0.525715217419809	-0.525715217419809
7.94563886613557	-5.57003776232402	-3.96127953814963	-1.51594667097158	1	-0.57156247683093	-0.57156247683093
3.2023890537746	-13.0827982064449	-10.6145461508722	-3.69554520680597	1	-0.456938501583459	-0.456938501583459
2.15509957210584	-9.72354459762573	-8.74355681737264	-5.11832304163413	1	-0.380609236649015	-0.380609236649015
-1.93584647232836	1.57886847876238	0.619711439943675	-0.722772753599918	0.245926539792451	0.673869254429451	0.165722334014354
5.21462813290683	4.1531861225764	-2.79957469913996	2.05532128002607	0.309771372225758	0.551204688184743	0.170747432636259
-0.0257460154367216	1.85618976639076	-1.97618409562292	-0.368956097825007	0.320000533484822	0.529410610974826	0.16941167794447
1.03243464112959	8.60117051095673	1.04833635061302	-2.53176085176793	1	-0.346881279588733	-0.346881279588733
-0.969904388047077	2.19635310407841	3.41339465524211	-1.68029616818284	0.329484806743599	0.508609484084268	0.167579097571467
-0.964134995910254	0.564635528392638	-2.79145043411038	-2.37519691447078	1	-0.304744863909812	-0.304744863909812
-3.61533577514417	0.206846091331858	0.957395169883966	-3.46407155297471	1	-0.271736452164209	-0.271736452164209
1.88399493965236	-4.18632809140466	0.676708194681189	2.30009429190647	0.338269287024341	0.488811263567898	0.16534983761658
3.61983765797182	-9.59883405223037	-7.95688288500815	3.54975821664839	0.333333333333333	-0.5	-0.166666666666667
5.49085427414287	-5.74745823397781	-3.1271581461258	3.27723242703712	1	0.583333333333333	0.583333333333333
4.42463069431709	-5.43020837957209	-4.37150261198721	6.96059579560251	0.333333333333333	-0.5	-0.166666666666667
0.852435508009159	-6.3066532684095	-3.3676024104017	4.3316847783845	0.25	-0.666666666666667	-0.166666666666667
-0.382896879857237	-3.85402751375328	-6.40320240638473	3.51721027231013	0.27710843373494	-0.616666666666667	-0.170883534136546
-5.75472685062524	-0.7864427478476	-3.28663222057124	1.28601051528345	0.301198607226887	-0.568978238535537	-0.171375452989311
0.677242420839541	-7.80406977913596	-7.44802433432955	5.76733463641369	0.368421052631579	-0.416666666666667	-0.153508771929825
4.0802768685601	-5.11441162860755	-0.831752699320063	7.73196416099866	0.393617021276596	-0.350877192982456	-0.138111235535648
1.56744185665792	-7.94022859226574	-5.29242405475992	4.38784249804237	0.411848396634458	-0.299758099310171	-0.123454892579086
0.980359171601859	0.929234735893481	-1.85388489857768	3.29181841992293	0.425328841545582	-0.259874390269547	-0.110532073360711
-9.13152592109911	-11.1560837716767	-5.37683486890499	-0.455020217507175	0.322224349394809	-0.52458553341789	-0.169034232207509
0.409893309020183	-4.65697351368991	-2.66148264999643	3.69706966304644	1	0.516031679268619	0.516031679268619
-0.85978770724526	-3.82945909102758	-2.75809737870639	6.35274136204724	1	0.771641191741753	0.771641191741753
0.885681940214426	-0.807575879787857	-2.09556530289013	2.45975498728115	0.286196264938954	-0.599054682847131	-0.171447212725038
-1.99504490253149	-0.856516114915862	-1.27884730064508	3.69574278909149	1	0.432209256247573	0.432209256247573
-7.18447831182769	-5.16919684410095	-2.73091001261139	2.74936711460803	0.263245246778069	-0.642696235583333	-0.16918672913947
-3.53732731667432	-0.779283610200792	-3.4894764290163	-1.705967036344	1	0.382294193516736	0.382294193516736
3.85391500411612	1.9962075623599	4.17252163092295	4.05195207730161	0.246953565386972	-0.67206064057142	-0.165967771345365
0.0876347214886636	-7.23103622956709	0.0869249588612354	2.84717303130663	0.36524947122084	-0.42457791736962	-0.155076859811299
-5.16226398944855	-7.18195420322996	-4.65051538700407	-0.97927064030911	0.377668860075227	-0.393138418044004	-0.148476138194457
-5.77256558880661	-10.6479724826235	-2.59134130337925	-2.22814338812322	0.258489911051236	-0.651400682332325	-0.168380504434797
4.81831377925295	3.52859111988183	2.80395811525258	4.5720158141445	1	0.634887591049857	0.634887591049857
-6.06035169688138	-1.12274668512471	0.205979453597331	5.00759283520959	1	0.368934489327222	0.368934489327222
-1.33872509804187	-0.0644237989503326	2.62005790176265	-2.3731221834367	0.343410808985927	-0.476977669316268	-0.163799287288121
-7.44894094178171	-6.489788423885	-5.74298564322067	-3.85520598743901	0.353821429976105	-0.452440166867463	-0.160083026819673
-3.99019927689523	-4.4385649171291	-6.74362495812503	1.04937022055189	1	0.570367329103722	0.570367329103722
-1.41079965414423	0.952931789624872	0.483214877284781	4.31477699183972	1	0.493005251468612	0.493005251468612
-9.4821829217853	-9.18679816795118	-3.92408185940462	-6.5755142705007	0.245697119065245	-0.674272596227168	-0.165666834357659
-4.58959453756159	-3.01862995552294	-2.63014982448834	-0.543128204165083	0.255451126836957	-0.656904823787145	-0.167807077461059
-5.93529735911976	-2.1238543115782	-2.54821219453306	0.701778912024262	0.264838625494562	-0.639754433953054	-0.169431684942179
1.05800821671657	3.96601901451747	2.82557319477201	5.52370989819368	1	-0.5	-0.5
5.34435793125268	-0.970566545584888	-2.96825184921424	2.23411179700193	0.2	0.75	0.15
-3.11444483381329	3.51123191845236	-0.0867958825194474	3.69809826621504	1	-0.5	-0.5
0.0254371248848849	0.514659075913104	-0.281050724958098	2.18880492445985	0.230769230769231	0.7	0.161538461538462
-2.9742604674715	4.56087766271649	2.10179701732528	2.55511053200021	1	-0.350480769230769	-0.350480769230769
0.694619675477346	5.27700882021225	7.40751879278458	2.15821664650558	0.2	0.75	0.15
-5.5789239767826	-2.9587646609906	-5.27303667005264	-2.96283261940786	0.198925084020987	0.75167730251811	0.149527470560084
-1.38135392433315	-3.26110234653408	-4.20397043338215	-2.6008814232685	0.220011519779126	0.717929783120869	0.157952822679121
1.72309529705142	-4.6257907698834	-3.27558597575196	4.36390625211326	1	-0.3	-0.3
1.98441917531079	-6.33423369039189	-4.41591982413648	2.77449309193727	1	-0.20625	-0.20625
2.1553161403898	-6.10421594932224	-3.16198401576416	-2.05530913264462	1	-0.157142857142857	-0.157142857142857
-3.63145899772644	-3.42746584343188	-1.40763850246246	-1.21569474120483	0.112627986348123	0.873076923076923	0.0983328957731688
-8.23678861242352	-7.19257601824674	-4.26144610142166	0.303460573834	0.240229859275679	0.683812450109374	0.164272168660732
-0.232833960460442	-0.374238396261	-1.47623006277012	3.94852191164638	1	-0.14278322140262	-0.14278322140262
4.13366632332856	-5.05176293291152	-7.94629642096433	2.73781185326251	1	-0.350060154593736	-0.350060154593736
-1.73100839306911	-2.33438445492224	-5.78117335836093	4.93319549547	1	-0.120164555814943	-0.120164555814943
-5.93081904180122	-11.4266261909947	-10.3052502184203	-0.775722322138873	0.0939830282996301	0.896267916346813	0.084233972946073
-0.274175897692189	6.56443223808751	-2.22415031520579	4.78454184012883	0.219533630022937	0.71871481146665	0.157782071512525
1.82386961737365	5.14338525316932	1.93014006265862	4.07501229869597	0.235002519826543	0.692806151762412	0.162811191415497
-2.88019856178399	1.50530552073862	-2.81050240991736	-5.11886115327026	0.10222540735993	0.886134662087821	0.0905854768076814
2.96108752556822	0.593803012912924	2.81137619960602	1.71117569686789	0.249811388866356	0.667001891045967	0.166624668778679
-2.24863530791393	-4.84640464276978	-5.79363361091325	-5.43522794680162	0.263871501303303	0.641541521934712	0.169284524541319
-2.23802511077939	-4.49574452638626	-5.71980502388694	-0.397012756290761	0.110827241837745	0.875359157351151	0.0970136410266403
-4.79946451476126	-3.60577886032336	-1.49591462280968	-3.68373169337936	1	-0.383374207767288	-0.383374207767288
-0.827232026692593	-8.52726510076812	-6.28383912371867	-4.66722601381215	0.119751132761264	0.863957640596672	0.103459906119201
3.62512848255309	-2.91097019680522	-3.90644474556162	3.5763232688222	1	-0.329057715394586	-0.329057715394586
2.27814495202267	3.99578527970748	5.93685948397174	8.36034650333	0.128954108378937	0.851954862976339	0.109863079734213
-12.28726384134	-10.8829121300668	-8.96453268600233	-7.15937453508377	0.223736490706864	0.711777652783656	0.159250634197384
-3.35621233781179	6.59796864336187	-1.26424729824066	0.953046668885332	1	-0.160616125160861	-0.160616125160861
-0.551957842075464	7.04614215908629	6.3323661748207	0.755887715258833	1	-0.305803260644773	-0.305803260644773
