MTG	Put	VS
-0.992774315875384	-4.32314800098538	-0.0657831732973908
2.08087565433234	-1.29876413523699	1.88695553035447
2.03947208876658	-1.82711160058777	4.3876396661455
-1.1942550079897	-3.30037090645143	-9.2651305885026
-0.4396431651387	-3.40977650293798	-6.77881337657119
0.656987433019094	-2.6956766403252	-0.561999112184188
0.103273994587136	-2.55367132366607	-2.87779345668175
1.69327672881585	-2.79490234815713	2.13808606962927
-1.31097473842242	0.887381231355848	-2.5953877072104
0.819562453380035	2.98464377687284	-0.38567381944846
-0.743230509048989	0.12281253984706	1.96811730719425
0.169502793087233	2.25619622477979	5.0999657358184
0.501119414236276	-0.142674545447032	1.74542756056921
1.35000826293422	0.271503559567712	-1.17256773961708
0.374062148794051	-3.63494601845741	-1.07023761463775
0.291289012873125	0.0758119728980642	0.751524862551102
0.55250688500462	-4.74656671200964	0.245580831923607
0.932638902508564	-3.64718923142011	-2.31789263112075
3.31121429049921	-1.01687978284264	-1.11613150863824
0.222339275719658	-2.92429665634126	0.394700547793146
-0.106411363719211	0.474826957296693	-3.03507582188556
2.29689101298009	0.372936558317054	-3.46954970479463
-0.245873017503031	-2.79007322138006	-0.467639249382597
0.898857694571357	2.0528981566542	-1.25970073642604
0.913512834810442	-0.00288700052734577	0.666298039934852
1.70376004249819	-3.37825441038744	-1.99821868572723
0.14449198521193	-0.324065622055169	-5.20460990568002
-0.499169928941035	-1.72380572743714	-5.51013362407684
1.89046934247017	-3.26030591310877	0.387935369684728
-0.290146847021195	-3.85497712970457	-0.0834710518970634
0.31423257643417	-2.4052520387552	8.87693319356803
1.07942167986485	1.55975157857844	2.06363129339209
-0.872116031924323	-1.09923026744615	-4.61425504190001
3.74070571968632	7.09490438302358	9.60844171408451
-2.26050595948773	2.16260421637333	0.673754020848057
2.26242740652975	7.35861455310475	1.87690461189909
4.45719775269108	5.67750733548945	4.65397764787529
0.554907849106577	2.44545722563723	-8.5235983024944
-0.352323843106147	3.31698137606409	-0.5440717138858
-1.44728978499545	1.48570516728091	1.7563526840937
-0.490113953765362	-1.39050799642097	-2.68858136293111
-0.405275203810344	1.21275775687713	3.21928321231495
-0.337558402857112	1.88612436443906	3.21756263257879
1.35688928505105	2.97799509221857	3.63807298152736
0.57629825047728	1.11866429854523	4.1711811531956
0.904079475297382	3.37313750928099	-1.88236609507691
-1.24175885829233	0.198922013779255	4.71559456295235
1.98447392299891	-1.98681711924799	5.70155800924157
0.94300060035781	1.63536463542418	3.0176111878545
0.369284466702131	4.34393261869748	0.458422359474229
-0.334156048910752	-2.46371864606485	-4.21662756569761
1.56143142501073	2.91515986226273	3.32685094247713
0.147857228504314	-0.868987843620055	-0.748344983616279
0.876822085642526	0.483351872323758	0.679155690539064
-0.262075825444152	2.65674116372159	-3.39269500309037
0.214901423069739	3.58842145284694	7.50467106429013
2.2008436456563	3.17005899266312	-0.0535847906474814
0.318552671078472	-3.10156348850014	4.84370438167543
-0.71976295818064	0.908117912483938	5.04795990602085
-1.51459639441342	2.02498451383276	-2.64734262115125
-0.822946541753387	5.93987486872709	3.29299267918351
-2.73179025092433	2.85665764840263	-3.9592723823858
0.843050426557179	1.041406011731	0.951692958066071
-2.78717287741601	-0.202968773065191	-2.28783485090191
-0.0696188689960587	0.814463962095253	-8.74593136888562
0.517523843050003	-1.2995908748302	0.0329092384287805
1.11796414335409	0.773597273806279	2.90411267768253
0.498451449426131	1.19326891072772	-7.67378985881805
-0.332642864492992	-2.65119561790065	3.23524779532895
-2.82514151692871	0.509327051088665	4.49533973634243
1.49556948499934	-1.02556155455496	0.492110772566362
0.375839344592344	-1.1174033270923	2.16260327127847
0.0451323925014285	-3.14035837928003	0.970025678249923
-1.11463412552351	-0.997139776901652	-0.720507137001153
-2.93310582445514	-4.83775561692362	-2.68855159966783
0.518451852389731	-1.36613134006885	-1.35949005945727
-0.237014975359723	-0.443734413506745	2.12585719646604
-1.16214022038565	0.625051124952734	-0.851522962026524
-0.584804338433089	-0.198953957946012	7.86128811944615
-6.48530924051039	-4.34826364300468	-2.81938787425558
1.03700880398673	-1.46624587709084	0.510404306266344
1.42157934894485	-0.606882352946383	-3.44206619556203
1.19586581701954	2.11093063968601	-4.49051869564661
3.09338214923778	-0.730907842855562	-2.70286724772869
2.4983001225658	-1.16428460113027	-3.54804508173556
-3.21662485325529	-2.40395563145196	-2.78185771941913
1.28173337196631	-2.41397499925259	3.27706644661499
-1.50077313800012	-3.01608287915587	3.59608471218609
-2.05319060341966	-2.63701060324004	3.24454490298575
-3.16856758443098	-5.88774867852529	3.25329688947761
-1.12135968585048	-3.49276404284562	0.647126735830115
1.16012692697827	-1.77831861294919	-3.83952501687137
1.32663199882354	-2.46013013386365	4.33819377241713
0.197679412019469	-5.78697473713846	3.08528533611785
1.41428176875436	-5.74614775993607	-4.33991334976798
1.03161853265858	-3.42591916668144	1.63469694509651
4.87837096741723	-2.31649295985699	2.8748566246394
-1.72375980103689	-3.42981564897028	4.72966114138112
0.281659551956428	-4.21634617380121	3.88981491965101
-1.52147483454957	-0.977656068223896	0.608629749918526
1.95788511497742	-2.18263874445675	3.3838189787824
0.610711696203197	-0.460789502598345	8.09983029148795
0.151796495650084	-0.938586476400043	-2.41379275398724
-0.279916195895883	-2.06236744999434	-0.61803303297722
-2.34938324490382	0.684547464899493	1.89204363330447
-0.7788140587028	-4.14645109836464	2.06279787507303
1.51466916976196	-2.74548735610689	-3.08608910012426
-0.51931532861725	4.49435153219736	2.13220369331821
2.12862916956505	1.30050856811982	3.78834940865636
-1.22905380725861	-0.319323695970304	3.06210557710041
2.38413084493349	-3.15059035610069	0.253942962848779
-0.621403370045065	0.0245725644583052	6.77362341230566
1.24860936730139	1.51376148149597	2.56837533755849
3.25021050490679	-0.28657140331625	2.98528619991107
2.26089009132477	-1.90836055700074	0.008770204586626
-1.93644072052332	-3.90772714330391	-2.09032649230776
1.17103296114552	-0.441432502685171	-0.48409792227727
1.15171657079651	-2.70213463967384	-1.07136817478264
1.02902748838307	-1.04577769530994	5.10264513348088
0.759120383888723	-1.73994711493001	1.88331556884628
