IFG	Ins	Put	VS	psi	RPE	RPEpsi
3.33797322078185	6.63177842082399	6.72383139305042	-0.131916992817864	0.295454545454545	0.5	0.147727272727273
-1.7528669834137	-0.0068376235889666	2.8049911268507	-8.0159188330625	1	-0.5	-0.5
-8.91703341223977	-2.58588310805234	-4.36066743279948	-4.25234733521938	0.173333333333333	0.75	0.13
-8.8591814474626	5.88979544784083	-0.649247894007148	-1.68879580977514	1	-0.293333333333333	-0.293333333333333
2.39885339073159	1.54287591651364	4.57208029158188	-1.33024149670294	0.324919574362781	0.426136363636364	0.138460045893231
-0.242246162936543	-0.720492519212492	-4.32787310174017	-3.72439542875597	0.144197368950147	0.799103641456583	0.115228642616521
-10.2765683260831	-1.37089742223422	-5.48379181528633	-8.80813124324336	1	-0.228507055656002	-0.228507055656002
-0.401426090887099	0.246333901629303	-0.70656064441992	-0.456844807292024	0.128359543585699	0.824418348102018	0.105821962886051
-3.12149250146114	0.0379220230617758	-1.09252746341129	-2.90188680510178	0.140858664092502	0.804517764765356	0.113323297583534
1.33530039182215	2.50368851677261	1.11477219170157	0.154491009197734	0.347213875259876	0.365817135722481	0.127016785330671
-5.73879413171248	3.06811320420467	-1.38063912059773	0.0481497714239539	0.153550591912011	0.783708807465952	0.120338951273053
-3.17563879941449	2.75995621356097	1.90730082308591	-1.79860973775838	0.364090125376753	0.317344368276768	0.115541950833495
0.54184303432703	-0.576724304845839	0.823109572979085	-1.04592253267765	0.16629940750835	0.762168739492165	0.126748209798933
-2.92678540719278	0.73245545386365	1.1566864640071	-4.97188364940159	0.377026508835426	0.278409734821867	0.104967850345685
-1.69653606990522	1.53064476879257	-2.46487207385486	-7.55415788586393	1	-0.753096265022855	-0.753096265022855
-6.58821454915133	0.442803088011164	1.47987837152499	2.30469845867518	0.315686822858359	0.44996554234657	0.142048192459127
-1.2447250851176	1.56887126239863	-1.74446226532261	-0.387368585688598	0.17897549320196	0.7400883219534	0.132457672434621
-5.26129053578232	6.03917337908889	7.11261905323375	0.00220926783301614	0.327333462652137	0.419798393705402	0.137414061827394
-1.02314402163029	2.05064645274119	2.73752153182233	-4.05445496150942	1	-0.282337049138621	-0.282337049138621
-4.61175005363696	2.39532886259258	1.38499774347821	-4.71700132502751	1	-0.235942570908474	-0.235942570908474
2.23483157236919	4.8531961404916	2.10931694801107	-3.59325108547328	0.145269281277871	0.797356433166965	0.115831395968452
-5.90473227428667	-1.2728469787222	-0.0251798281784762	-4.74219124967402	0.337554832967423	0.392448999627309	0.132473056517428
1.98277467579553	4.11208656339934	-2.25225525473555	-2.25975157738183	0.346541800580387	0.367695661474392	0.127421916592932
3.96275676380504	1.44173915526181	-3.03885359475107	0.611762963235378	0.153957852753577	0.783030747668179	0.120553732551021
0.971270619298924	-0.230148428063275	1.79991443771305	2.54081812026826	0.354465640140043	0.345298816488357	0.122396566026145
1.47543523629958	1.03497529097579	1.8490931218998	-4.84983890740709	1	-0.231615835012936	-0.231615835012936
-2.53330944523667	-1.31132677965092	0.717961499298161	-3.87527062427817	0.361476012347192	0.325020455863257	0.117487098316717
-0.667965697293932	1.79229698973623	-2.23346324400468	-5.54681560035908	0.367701605726897	0.306635194786357	0.112750253495323
-2.01400273976227	0.428544890699965	-4.4168849714439	-5.89741215854883	0.373252040286853	0.289935815655084	0.108219134745493
-0.110837721914956	4.73976977304979	0.805993154334525	5.40784138802326	1	0.5	0.5
-2.30919380486012	2.97548975547155	-1.17082643847574	8.38254255237001	0.173333333333333	-0.75	-0.13
3.64904548002012	2.62940756389589	0.340818227940789	5.19285691597245	0.295454545454545	-0.5	-0.147727272727273
3.46703438867222	1.49460055859703	1.35449484216444	-1.77664999558703	0.197445633413876	-0.706666666666667	-0.139528247612473
0.16446939246221	2.79027049469225	0.397214123527661	1.28899805744489	0.324919574362781	-0.426136363636364	-0.138460045893231
-0.144147073906479	-0.0346226010358695	2.80440320593841	-3.21071840551766	0.220515240125528	-0.662697681074501	-0.146134938272774
6.2000073447372	3.34373703068405	4.88446332234889	0.200202531604604	1	0.634182864277519	0.634182864277519
-1.49541735603954	3.51558087071912	-3.74352524497292	2.27465472020435	0.247504054700779	-0.607837105115908	-0.150442148113771
8.36921369668209	7.08663575577013	0.426115810419574	1.42240465457805	0.266734664122772	-0.566282795220068	-0.151047251181529
7.76566811763879	2.75258335471153	0.072095495676904	-2.2730405391335	0.241999122992477	-0.619344218947676	-0.149880757815798
3.13219364122911	1.04146425939645	-4.20878639286666	0.381080908079942	0.283932229742372	-0.527231086669204	-0.149697898027481
2.34049118694031	0.00196761632281722	-2.64975350688804	-1.71870405791384	0.299171301429879	-0.491025061130743	-0.14690060657317
5.34721957553517	5.71372309598056	3.06113550281434	0.384329791829893	0.312604350795602	-0.457778686068437	-0.143103608966487
-1.29564128319422	-4.39830966429277	0.366328307088803	-1.4669592704511	0.261590876653253	-0.577609749649959	-0.151097440774399
2.38350614318342	2.79579966063752	1.61125716318687	0.290044873952866	1	0.461807385375216	0.461807385375216
1.62118394368074	2.27664931253953	0.891887576968381	-4.15168563208797	0.32441883390995	-0.427445449021345	-0.13867135413162
8.45002821720008	7.93478487477158	4.71053360221964	-1.47008169227929	1	0.600121650937808	0.600121650937808
3.81395372116204	1.12879672702966	0.671880565583706	4.89267819939238	1	0.349030720130302	0.349030720130302
-4.10631025198734	-0.129340583176324	-1.2604464676344	2.57808507482211	0.290443549583098	-0.51195133502682	-0.148692962958995
0.98827971514512	3.60968961860194	-3.2555180283609	1.53152210863702	0.190466087776589	-0.719475394235113	-0.137035663591481
-1.48277761742021	0.799503638871212	-3.21607841065887	4.16834674267606	1	0.511447415100283	0.511447415100283
-0.796081631698392	2.60197205435146	-1.24249734639218	2.59762876988812	0.267079516978935	-0.565517719958914	-0.151038199489655
-1.23091621606639	-2.50436721194648	-1.04655186140515	-8.30490683380402	0.202638319440989	-0.696991675275379	-0.141237221742162
4.43654357664513	-1.20334040870269	0.940612574192611	-2.01002318987792	0.275873424780201	-0.545761724918243	-0.150561156167146
4.71854617740169	-0.803821244248838	4.22784141338233	4.43283824216236	0.214443272012352	-0.674520816034589	-0.144646450830899
5.80843285358313	-0.905292085625909	-0.568231351899378	-2.45970522634911	1	0.34777368222095	0.34777368222095
-3.34869857290477	-0.744121232267582	-0.241742967373945	-0.431411432610317	1	0.473267112138556	0.473267112138556
2.3631167158936	-1.95999989658594	-4.4635909546844	-4.92697684060444	0.258411662301342	-0.58453201448658	-0.151049889531829
-0.642099900679155	1.03268103459568	-0.687490542278145	-2.81876946308396	0.295454545454545	0.5	0.147727272727273
3.52675044717211	-2.64911178928433	-3.05943981363353	-0.687159361458863	0.295454545454545	0.5	0.147727272727273
2.19494288617914	5.95479585907676	-3.77906190671704	-1.10372968085788	0.324919574362781	0.426136363636364	0.138460045893231
2.76019153021502	3.27162288535725	-0.751698374240236	1.71973465812026	0.324919574362781	0.426136363636364	0.138460045893231
0.813149030348568	-1.68293049829927	-2.312238123155	-5.0602525436517	1	-0.634182864277519	-0.634182864277519
6.09473230622031	4.76609741557728	1.54069842420744	-0.461073541717434	1	-0.634182864277519	-0.634182864277519
3.98702923998688	-1.45516313386686	-2.24048485770596	-4.35270903361115	0.247504054700779	0.607837105115908	0.150442148113771
4.43957028966962	3.06430857831782	0.0704020580389735	-7.67734996477763	0.247504054700779	0.607837105115908	0.150442148113771
7.16137089151325	0.372416685702223	-4.68891580899556	-4.06258941780437	0.266734664122772	0.566282795220068	0.151047251181529
0.633450722829862	4.24216977032748	-2.88228038958076	-9.38415964444478	1	-0.472768913330796	-0.472768913330796
6.60783297365362	3.64690430078543	0.620731650371895	-6.61904751983556	1	-0.433717204779932	-0.433717204779932
5.74645414316293	3.77225285813664	-1.22302931366545	-1.21527178641973	0.231132545918671	0.641575266349689	0.148288924709853
-5.10209978710521	1.45624798581456	-1.95887984369289	-3.11414889630043	0.245189844839772	0.612695012011155	0.150226594929118
-2.62970238382166	2.69267556342212	0.354888338934292	-8.53533811280222	1	-0.415302327437975	-0.415302327437975
1.84397113910227	1.2048948764039	1.23802382340937	-6.84437416719668	0.22253990266404	0.658714268808215	0.146590209263994
2.24405531043356	0.783381425154706	2.35771332974687	-1.38194412952571	0.212422115202273	0.678415904178177	0.144110541352391
3.07483371460077	4.78832042578495	0.349115596801946	-5.43267547903639	0.227527924728199	0.648811518820555	0.147622738416992
-4.30395126342773	0.713025515955506	-0.602593114881804	-4.81179076613802	0.233620815170586	0.636540369930474	0.148709080112144
5.74470137827324	-0.163008161707584	-2.68995365309952	-3.27159763860486	1	-0.380246357682473	-0.380246357682473
-3.00326898061868	0.311757573970791	-2.21602796780115	-10.0608676708106	0.244192937253085	0.61477851710476	0.150124571851907
3.27553666812001	2.6900254090627	2.34852939237361	-1.4871478776137	1	-0.406464235643017	-0.406464235643017
-4.73277233495857	-1.75915960290215	2.85055089617769	-4.48661347230275	0.205612922239603	0.691392426076089	0.142159217139833
3.68240175102696	0.703618874265389	-2.50830670671933	-2.86000939503764	0.227368589611359	0.649129824729217	0.147591732723351
5.00256139581854	4.88610606482535	-0.309020937773201	-3.66536743555105	0.217364562797602	0.66885547479796	0.145385477854241
-1.04053120608583	5.83925466826468	-3.0324127704018	-7.19776848642593	1	-0.368628158993239	-0.368628158993239
6.59070673855868	3.37024565718391	-3.82839644429359	-7.55366906523705	1	-0.353465365262347	-0.353465365262347
-13.5113710634636	0.745998731757881	-1.92123960229484	-5.81258725781332	0.214431522251753	0.674543517597777	0.144643393303544
8.31865212411591	5.17550361517704	-0.805881670027068	2.36302155075651	0.295454545454545	-0.5	-0.147727272727273
-2.76657389872002	-0.723616538329445	-3.16247432718449	-1.18117492705245	1	0.573863636363636	0.573863636363636
-6.58163623376326	-5.13320252208999	-3.35910707757328	-1.56853893819745	1	0.5	0.5
1.96706110346272	-1.52121624169928	-2.43646348527435	0.359243286399622	0.213606226578265	-0.676136363636364	-0.144426937288713
8.05283455415205	-2.45431844822385	-4.65921392935244	5.46592702569835	1	0.25	0.25
-3.41781472076069	-5.11846088640618	-6.27433103503603	1.39294961941513	1	0.166666666666667	0.166666666666667
9.62356155568903	3.33275592327118	-3.13379715524162	3.73658267747272	1	0.367689741471935	0.367689741471935
1.73279202864929	0.901113125862497	-1.21317618148345	1.57643692135091	0.0948905109489051	-0.875	-0.083029197080292
4.14259082982034	3.14190477132797	-2.02772740105336	2.75674334789316	0.180665320421118	-0.737093209111999	-0.133167180804449
5.9415818344463	2.60456449335272	-2.85616861949816	-2.96783377433365	1	0.292440032407036	0.292440032407036
-5.22333498976447	-4.96719742182529	-4.92060788111253	-0.590679131109606	0.106158184956013	-0.858394160583942	-0.0911255660644315
9.24000896107067	-3.92119723016565	-7.49509394530094	1.73942241795135	1	0.230082439097356	0.230082439097356
-1.89979646242026	-2.85999415318171	0.595003187656403	-2.99301778135652	0.11798462034368	-0.840508483577026	-0.0991670743304772
8.21477514324766	1.6605611485288	-1.07732613222448	1.48604358952831	0.130252167830183	-0.82144173759394	-0.106994567067803
3.99541530554945	-2.26089578776649	-1.78133668392106	1.42873621472355	1	0.198673678254454	0.198673678254454
8.14078068010735	0.219385924043529	1.55454499308359	4.58455678052974	0.119758060823622	-0.837784987534836	-0.100331505494314
1.12382109406771	-1.35699228773063	-3.69608811605157	-4.82975502673424	0.129753041346561	-0.822227991997578	-0.106686582641961
-2.3991538368617	-1.76138215263685	-1.61897430399602	-5.34404585070231	1	0.189644211428979	0.189644211428979
3.11557399323492	-0.369529188469504	-1.93689315506455	-0.40110254530428	0.139948024894438	-0.805987182827611	-0.112796314326957
-4.0262688073245	0.205147195042986	-3.34879559684883	-1.3160336997614	0.119160193939348	-0.838704365001213	-0.0999401747913225
6.02719240477591	-1.2659540009318	-5.40455520243356	0.88033530499899	1	0.210851112360886	0.210851112360886
-1.62984423113592	-5.16180589704803	-1.49258152835748	-3.20656245721109	0.127537121856864	-0.825707780520864	-0.10530839382245
0.54626772959124	-5.89884625059186	-3.41901134727805	2.73201673477888	1	0.180019267577954	0.180019267577954
5.94861347747572	-2.61854236189163	-0.109388499633607	-0.177860286707679	0.136062522860676	-0.812222068223331	-0.110512983725583
8.85253152702794	-1.75063870779493	-0.107398916035891	0.902822219145795	1	0.157053948957668	0.157053948957668
2.01979898554132	-1.50136436070457	2.84114094913909	-0.82834111921715	0.104600399001182	-0.860714858250503	-0.0900311175992488
5.78348243597782	1.66992943350113	-1.90452382623246	6.82664477825165	0.110711565952388	-0.85156418698526	-0.0942780046501099
-6.00801116047483	2.77536637494058	-5.22470534728332	-0.811749264597893	0.116956306010588	-0.842082668989664	-0.0984868783205675
7.98925282738425	6.43776913845178	-1.37036626989191	3.57077297974717	1	0.20170271603285	0.20170271603285
-4.85470206809766	0.415576855567369	-2.7717775748196	-4.94097949541879	0.129081942180143	-0.82328372776577	-0.106271062545313
