IFG	Ins	Put	VS	psi	RPE	RPEpsi
2.49006828394803	-3.64343238689683	-3.81413996072881	-0.409007350660183	0.5	0.5	0.25
-0.729856043771812	-5.74334850726706	-7.14300932306232	0.0414787997689211	0.555555555555556	0.375	0.208333333333333
-0.396152674079393	-3.20047031839689	-6.72195727931279	3.16080348910482	1	-0.708333333333333	-0.708333333333333
-0.243753424873858	-4.54422147346265	-1.42427080073817	-2.38040622210864	1	-0.476515151515152	-0.476515151515152
0.401777504138987	-2.93497450017568	-1.48500651527535	0.211180001497269	0.5	0.5	0.25
-1.73435240577568	-1.5719634484161	-2.47144616056572	-0.328557441631953	0.417940199335548	0.640981735159817	0.26789203416314
0.0951422566943096	2.45116117867556	2.45990997677048	0.193638718940995	0.555555555555556	0.375	0.208333333333333
-1.71250774937146	-1.14080258018591	-5.174903265003	-0.828753234084808	0.586206896551724	0.291666666666667	0.170977011494253
1.39953637213418	-1.12033373094869	-4.19156131374113	-0.675841191952879	0.451759133761684	0.587992102028647	0.265630802671174
-1.52034159772324	-3.19492704127774	-5.1138463363503	-1.11985365301371	0.479458534904331	0.539461726823038	0.258649529179534
1.82505662061951	0.183366570988614	-2.8382500336703	1.4470600165201	1	-0.764289446185998	-0.764289446185998
-0.209919120439074	-3.87871277016221	-8.17008718577298	-1.70197107253427	1	-0.554421434134924	-0.554421434134924
-0.241816873690396	1.63101074370471	-2.4274876002561	-2.62660889945586	1	-0.434979424800038	-0.434979424800038
3.44307107636423	4.54427609931339	2.02926041586607	5.50268761291535	0.502086419364726	0.495809675723116	0.248939304770205
-0.125712165778333	-0.745065084009459	0.320470933379097	-3.02584285853487	1	-0.357879506380472	-0.357879506380472
0.102042449130253	-10.3342752312169	-5.03945140405135	-2.80201969696491	0.520640485056205	0.456941534667096	0.237902262251403
-0.535245741632852	-0.622615350650228	-3.13016195053404	-5.6710071924961	1	-0.577503109402793	-0.577503109402793
2.99773673216502	-1.80693131685257	-1.01593055339022	0.00550617533735931	0.378106585030823	0.696003707444335	0.26316358499057
1.13430410172	-2.86277754288731	-2.40301873862292	4.83192728129639	0.499875202519609	0.500249532678682	0.250062336458096
0.507841008404891	-4.99112276326526	0.11275063026132	4.39534910212299	0.403650027036264	0.661566156337522	0.267041196891918
0.262372833422639	-1.74564205493891	-1.68191851246538	0.241504239765081	0.514290950391533	0.470577137891392	0.242013563478691
-0.853820116230936	-3.36457033590837	-4.14112130295711	4.39965761723843	0.426428759620725	0.628268705262534	0.267911844693621
2.44685412717588	-3.39989326939438	-2.9860058099483	-0.980423297394406	1	-0.556532194432745	-0.556532194432745
2.73811328230482	-1.58940603109923	-0.674519124073964	1.86011854344697	0.446618931313125	0.596463489099011	0.266391886068698
-0.436632015375477	-2.3316696090906	-5.15591686873725	3.04444752582772	0.498790854943338	0.502412456094602	0.250598738509609
2.72082651745189	-2.14038149064237	-3.08394148776477	2.81361382979561	0.464460223623689	0.566362533548466	0.263052868984
0.840588624278704	-1.20414348925944	-2.36149899489387	0.205756721848791	0.510565693163988	0.478412438571602	0.244260978317584
1.92678950470696	-0.706075892529704	2.79337678494101	2.31342954245029	0.5210333782816	0.456085920546743	0.237635987969143
2.19881049972592	-8.06816340937759	-3.03055952918349	-1.15948169384942	1	-0.461933166994905	-0.461933166994905
1.62521691033334	-1.2469291348349	1.82734666155143	-1.0362012695634	1	-0.414608928674347	-0.414608928674347
2.56372258067131	2.39879652361075	7.13169464547977	4.09036449282289	0.5	-0.5	-0.25
-0.390568866874232	-1.6465669030493	2.90890002239383	4.80964671323697	0.5	-0.5	-0.25
-3.66532719135284	-1.55153016068719	1.88490482075422	0.65036539496346	0.555555555555556	-0.375	-0.208333333333333
-0.0169605539377892	5.09840104074189	3.75381204756823	-1.49987491807251	0.555555555555556	-0.375	-0.208333333333333
1.44004199123292	-2.46520405827147	0.325226756377202	-1.10163769858297	0.586206896551724	-0.291666666666667	-0.170977011494253
0.729121884161776	-2.47596967094719	5.40091727041837	-2.3978229331022	1	0.708333333333333	0.708333333333333
-1.17325529501294	-1.22490609166297	4.78364018417161	5.62533742934465	1	0.476515151515152	0.476515151515152
0.87574030323462	-6.0320919788245	1.54625635469953	-2.44843484173444	0.604520941380664	-0.235710553814002	-0.142491965884998
4.32843359311422	-5.45255325034712	1.94816903116633	0.588645223768033	1	0.803416645655734	0.803416645655734
-0.0151411818735527	-3.23166892384038	0.867451128832093	-0.474987825929103	0.551252355335909	-0.385788023747124	-0.212666556750988
4.74482611453894	6.02394848520106	6.23281234683412	5.28150275200041	0.417940199335548	-0.640981735159817	-0.26789203416314
1.07946351767433	2.34334144447789	4.93157344695294	-2.6367367240177	0.451759133761684	-0.587992102028647	-0.265630802671174
1.56660568731075	1.05128615643039	-0.419007298275546	-0.728546717825035	0.567005316231235	-0.345251411292112	-0.195759385638964
1.12488915838979	4.01856378172383	5.69211934642358	-0.943595950802167	0.579306792081642	-0.311485446903073	-0.180445635025536
1.34909675055833	1.82120303674178	-0.32653047144413	3.80046520464009	1	0.716866265055592	0.716866265055592
-1.48878332114581	-1.86060886903468	-2.9272091919274	-0.847764375309149	0.551017299839899	-0.386371346108197	-0.212897295868046
0.104751513085582	0.164353838283921	-1.43263844265179	2.57770848697559	1	0.64042892747418	0.64042892747418
0.37996043668439	-0.305058798329397	1.92582439360293	-1.39760794264801	0.479458534904331	-0.539461726823038	-0.258649529179534
1.92225595044367	-0.756342516704039	2.68730133223686	-0.769390816715631	1	0.504190324276884	0.504190324276884
1.24752284710606	-1.60454859962743	1.4545576613728	3.2658704132332	1	0.425468562515862	0.425468562515862
-0.0413475648189584	-3.31020634824579	-0.853707620140278	-2.02065561864186	1	0.565038804660022	0.565038804660022
2.74453790260084	-1.71790847780578	0.566993288131374	-0.444676295035716	0.502749234860761	-0.494471129953935	-0.248594982245077
0.78750443277937	-2.35753060109688	1.81365658162218	-1.09632891806012	0.514193406328778	-0.470783833497361	-0.242073942990529
3.83873629931248	0.963327868644035	6.67682004336155	4.84662450127529	1	0.36800940938209	0.36800940938209
1.00500080520005	-5.07201813929009	0.188270267056809	4.25744637079311	1	0.324223334731334	0.324223334731334
0.396222784776579	1.04385793886401	7.7270941734314	2.01355405755793	1	0.289748777120762	0.289748777120762
-0.547876714531219	-11.2573806878292	1.54174499405604	-4.21733182318734	0.524365636550107	-0.448772337697854	-0.235320792523015
-0.521199341073181	-8.54678604819558	-2.67642920052238	-2.0000963816137	0.343746707041807	-0.738099061193049	-0.25371912175576
2.94615008478815	-1.41841945701251	1.36904992188228	1.3772304407462	1	0.284147803969883	0.284147803969883
0.0867700360038064	-2.23213294323421	3.91088487286911	3.20634016464464	0.5	0.5	0.25
-2.47121271310431	-7.31694300969442	0.0204945934767073	0.293768482339202	0.555555555555556	0.375	0.208333333333333
-0.581224035697453	-0.197550254337715	-1.20520331899664	3.03360898431503	0.586206896551724	0.291666666666667	0.170977011494253
1.50141856345263	0.464967365517761	-0.855774183672937	0.674020446159623	1	-0.5	-0.5
2.50886664065448	10.5430655623927	10.4030121637113	5.33883249940294	0.604520941380664	0.235710553814002	0.142491965884998
1.30036197704348	2.50682572523753	4.44120337531874	9.4540172923695	0.616392807575006	0.196583354344266	0.121172565706774
0.731378666040572	-4.60278638023319	2.48913811909204	2.3300634794163	1	-0.831952792322865	-0.831952792322865
-0.170900299467824	-0.634519606066698	2.65273022832293	2.45487992262828	1	-0.660863302107373	-0.660863302107373
2.62860867110166	2.00849074441375	7.65195396549605	4.16055420286615	0.333333333333333	0.75	0.25
3.98966539267338	1.5559386218136	5.58516995834582	1.1636203078158	0.52296425025348	0.451860525619553	0.236306900999773
2.47419618566831	-2.25496185672554	1.72178317772253	3.87572034267765	0.538137429468451	0.41742688864231	0.224633032844986
-2.50676223184123	0.0395123308072939	0.986665632670117	5.1538523232395	0.550758836329092	0.387012054028346	0.213150308521984
2.10811318411972	-1.2918621415103	1.54372882854306	1.60610169302108	1	-0.333333333333333	-0.333333333333333
0.790384676095776	0.915733109143647	1.74899145565701	0.207537076012655	0.561360426760696	0.360111967765344	0.202152607906387
1.88216755968152	-1.46075457176476	3.65191731607598	2.880608212739	0.570351559888247	0.336257848696139	0.191785188528509
1.189309485934	2.86632963382837	7.486024485393	0.979385491686337	0.578047306915425	0.315033039972135	0.182104000345272
-0.541934980023088	1.36850076958989	1.30322392239715	1.46347263599323	0.584691319211783	0.296076212394484	0.173113191212159
0.813130915263724	0.470873470107714	3.64389878488851	4.35315440096328	0.590473375232278	0.27907816058701	0.164788223435428
1.23670310662551	1.81951531062298	2.44308500398289	7.70451097588309	0.595542538683591	0.263776051076857	0.157089859102244
1.15216482814514	2.30808471639951	-0.467465722806413	0.364339282961957	0.600016939473371	0.249947061903858	0.149972471113914
-0.448546418863716	0.881224512166668	2.42439653848608	2.41806777301386	0.603991036445447	0.237402316573771	0.143388871241942
3.23532238873568	-1.89041328475331	2.72171466684703	3.63159480848999	0.607541027875896	0.225981477009299	0.137293018823143
-0.474833313262824	-2.82304508555116	1.73786290763228	-1.31339101685268	0.610728905279978	0.215548092879544	0.131641450799511
1.45455007209922	2.90164309627179	1.35185192085125	0.608473020295302	1	-0.79401431958451	-0.79401431958451
3.64318005243937	0.977393533244277	-0.92592078537652	0.551815536324725	1	-0.233333333333333	-0.233333333333333
-0.377507982422795	0.0132110112092712	1.819780118707	2.94686283882369	1	-0.738787304744822	-0.738787304744822
0.771171351273855	2.30448663234711	1.5453129280923	2.51982339680421	1	-0.690743226120011	-0.690743226120011
0.453657114821853	-2.52158020256144	1.68639324244225	-0.292376110951106	0.564674676609184	0.351433690773091	0.198445705686867
3.0172312142271	2.26927255410137	-1.40373128776749	1.83408549530643	1	0.5	0.5
0.384805330272877	-0.277956412597136	-0.359006327322938	-1.46423545841015	0.333333333333333	-0.75	-0.25
2.47829801024813	-0.318016965167992	3.64516088998679	1.65924124261647	0.4	-0.666666666666667	-0.266666666666667
6.00725892095855	1.57709721391174	2.31649415406652	1.26223141017059	1	0.413333333333333	0.413333333333333
2.13387897159114	-1.27947332405231	5.33577932225484	-1.87785911656013	1	0.5	0.5
3.30818210979641	5.47823291836363	7.63790231807665	0.577197217410713	0.377039454167903	-0.697380952380952	-0.262940133632806
2.61055916621152	-2.21399279006503	4.16379424478068	5.16904004143946	1	0.25	0.25
1.86708286833582	1.23930220452674	4.58211068131707	-1.86744718411655	0.417364708466754	-0.641830219923317	-0.267877282623448
2.39731713723053	2.59045072136955	-1.61563221698232	-2.05492812431784	1	0.166666666666667	0.166666666666667
0.60819558835823	0.576843135284655	1.71806972603681	-5.44410914047198	0.450904326157232	-0.589411875164083	-0.265768364399932
0.0854805589117336	1.54609408435609	5.62637796546474	-0.623918770840674	1	0.125	0.125
0.48034258765366	7.18433703798236	0.609348282895305	4.88118335333737	0.166666666666667	-0.9	-0.15
0.418382033367049	1.0547924296874	0.315829694934302	-4.90373274726285	0.2	-0.875	-0.175
1.19272789494558	0.131603918292306	-2.57836242990963	1.15472997287571	0.234746639089969	-0.846621621621622	-0.198741580256575
-0.214451480713306	2.29672987815557	1.029639944794	-3.51187423452961	0.478442557111771	-0.541332825716857	-0.258996661384514
1.28289551626552	6.59306890314276	0.863705224178513	-1.67136825463085	0.500991774700035	-0.498012508311984	-0.249500170362037
2.29658599440573	3.87568695617445	5.1841243301363	1.68695418759616	1	0.1845943333925	0.1845943333925
3.26287721955415	3.640344915968	4.18994310817145	1.68468750290798	0.519520557718129	-0.459372751463782	-0.238653588040976
3.45320539402239	3.07451685540604	3.48695852178516	2.40324087542566	1	0.156631482887211	0.156631482887211
2.4760364131494	-1.19855846667832	2.39374236040043	0.0309934347416415	0.213868503060209	-0.863974090916886	-0.184776845507199
2.62780787366809	1.22580003602938	1.43776590563357	-2.8377829408132	0.534851717798608	-0.425073962148874	-0.227351538846786
2.9969768587387	-0.318377631349546	-0.0942315233476234	-3.12638467697032	0.239553046438295	-0.842491941537605	-0.201821511195047
0.939187989880641	-0.989838639104908	0.666960155817144	0.246302941249627	0.265140922392373	-0.81959743679322	-0.217308820381779
0.649466311728412	-2.69364481080662	0.838550761200939	-2.71902013084654	0.290177816207521	-0.795598233731481	-0.230864958042762
3.05603904525439	-2.70574672678203	0.244690202289458	4.86607893466046	1	0.605330397381832	0.605330397381832
2.81369408874801	-2.08376970255014	1.26200203112129	1.96138312961116	1	0.529781655606891	0.529781655606891
1.55539566097838	-5.43331237272783	0.524330521849069	2.4200788158359	0.314291434012701	-0.770827251107636	-0.242264402126687
1.33985056118532	1.6147081917434	4.02801482303237	0.182900431481275	0.485066057730661	-0.529001666123472	-0.256600752719464
0.451398042679736	2.65797432308847	4.32360764494109	-5.09066153757952	0.337205784701428	-0.745618038813506	-0.251426715865648
0.883772698428595	-0.22104814123701	4.0317798910211	-6.50871074195443	0.358740911372015	-0.720283955632064	-0.258395322690087
